0 0.0361328125 0.7470703125 0.0361328125 0.1083984375
0 0.1318359375 0.8935546875 0.1318359375 0.095703125
0 0.021484375 0.2666015625 0.021484375 0.0791015625
0 0.0654296875 0.37109375 0.0615234375 0.037109375
0 0.16015625 0.4052734375 0.080078125 0.0791015625
0 0.076171875 0.3369140625 0.046875 0.0478515625
0 0.240234375 0.361328125 0.068359375 0.052734375
0 0.2392578125 0.1728515625 0.0673828125 0.0498046875
0 0.2392578125 0.1201171875 0.041015625 0.0830078125
0 0.08984375 0.1953125 0.0869140625 0.056640625
0 0.2890625 0.0244140625 0.05859375 0.0244140625
0 0.39453125 0.0556640625 0.0732421875 0.0556640625
0 0.8447265625 0.09375 0.0673828125 0.09375
0 0.701171875 0.111328125 0.0576171875 0.087890625
0 0.6640625 0.1572265625 0.13671875 0.078125
0 0.314453125 0.1982421875 0.0869140625 0.0498046875
0 0.46875 0.2041015625 0.056640625 0.048828125
0 0.6513671875 0.2119140625 0.2001953125 0.0625
0 0.5625 0.2568359375 0.10546875 0.0517578125
0 0.5400390625 0.3154296875 0.1328125 0.0859375
0 0.3349609375 0.30078125 0.0546875 0.0498046875
0 0.390625 0.388671875 0.1142578125 0.07421875
0 0.5537109375 0.4189453125 0.169921875 0.09765625
0 0.6376953125 0.3935546875 0.0458984375 0.0556640625
0 0.6650390625 0.333984375 0.068359375 0.0546875
0 0.75390625 0.365234375 0.052734375 0.0673828125
0 0.7919921875 0.2529296875 0.099609375 0.078125
0 0.9111328125 0.25 0.1171875 0.0634765625
0 0.9052734375 0.1689453125 0.0634765625 0.05078125
0 0.93359375 0.4921875 0.078125 0.1015625
0 0.9794921875 0.4658203125 0.05078125 0.0537109375
0 0.8125 0.45703125 0.0673828125 0.052734375
0 0.693359375 0.4951171875 0.0751953125 0.0439453125
0 0.529296875 0.4755859375 0.1015625 0.0498046875
0 0.4111328125 0.486328125 0.0634765625 0.048828125
0 0.3525390625 0.4853515625 0.0673828125 0.0771484375
0 0.318359375 0.576171875 0.0732421875 0.060546875
0 0.4619140625 0.537109375 0.05078125 0.0478515625
0 0.7509765625 0.5400390625 0.0751953125 0.064453125
0 0.8388671875 0.5615234375 0.087890625 0.0986328125
0 0.7568359375 0.7255859375 0.0810546875 0.056640625
0 0.6669921875 0.783203125 0.0703125 0.08984375
0 0.4755859375 0.689453125 0.068359375 0.0693359375
0 0.7900390625 0.8056640625 0.1005859375 0.0556640625
0 0.9248046875 0.7919921875 0.1240234375 0.0546875
0 0.958984375 0.763671875 0.0810546875 0.05078125
0 0.9853515625 0.98046875 0.150390625 0.150390625
0 0.8349609375 1.0 0.0615234375 0.0830078125
0 0.76171875 0.9423828125 0.1708984375 0.087890625
0 0.412109375 0.875 0.056640625 0.0625
0 0.3759765625 0.982421875 0.1357421875 0.0751953125
0 0.470703125 1.0 0.080078125 0.0849609375
0 0.521484375 0.9365234375 0.0615234375 0.05859375
0 0.8427734375 0.5791015625 0.158203125 0.0849609375
0 0.6240234375 0.466796875 0.0849609375 0.072265625
