0 0.197265625 0.1142578125 0.078125 0.0849609375
0 0.1416015625 0.294921875 0.0830078125 0.0634765625
0 0.2392578125 0.298828125 0.1015625 0.07421875
0 0.177734375 0.55859375 0.06640625 0.072265625
0 0.1640625 0.6240234375 0.0947265625 0.0654296875
0 0.259765625 0.6630859375 0.068359375 0.083984375
0 0.2041015625 0.7080078125 0.068359375 0.078125
0 0.1298828125 0.7646484375 0.0830078125 0.0830078125
0 0.087890625 0.6767578125 0.087890625 0.0634765625
0 0.037109375 0.7314453125 0.037109375 0.06640625
0 0.1279296875 0.923828125 0.0673828125 0.1083984375
0 0.6201171875 1.0 0.056640625 0.0576171875
0 0.63671875 0.951171875 0.1064453125 0.068359375
0 1.0 0.8857421875 0.0302734375 0.064453125
0 0.9755859375 0.890625 0.05859375 0.0673828125
0 0.9521484375 0.8447265625 0.0654296875 0.0693359375
0 0.9697265625 0.7734375 0.0693359375 0.078125
0 0.8779296875 0.8154296875 0.0693359375 0.0478515625
0 0.9013671875 0.7724609375 0.0927734375 0.09765625
0 0.7431640625 0.744140625 0.0693359375 0.099609375
0 0.853515625 0.63671875 0.0830078125 0.08984375
0 0.994140625 0.646484375 0.1015625 0.09765625
0 0.66796875 0.7763671875 0.044921875 0.064453125
0 0.4453125 0.84375 0.0849609375 0.078125
0 0.3251953125 0.80078125 0.0703125 0.072265625
0 0.46484375 0.7373046875 0.08203125 0.076171875
0 0.509765625 0.8251953125 0.07421875 0.0888671875
0 0.5693359375 0.81640625 0.0693359375 0.083984375
0 0.6357421875 0.744140625 0.0966796875 0.1123046875
0 0.2744140625 0.875 0.060546875 0.0576171875
0 0.4365234375 0.62890625 0.0830078125 0.0771484375
0 0.6064453125 0.57421875 0.0947265625 0.11328125
0 0.8017578125 0.47265625 0.0751953125 0.0703125
0 0.759765625 0.3642578125 0.0732421875 0.06640625
0 0.4052734375 0.3291015625 0.0732421875 0.07421875
0 0.80078125 0.2373046875 0.068359375 0.0625
0 0.7958984375 0.2958984375 0.0693359375 0.0634765625
0 0.55078125 0.1826171875 0.12109375 0.0849609375
0 0.35546875 0.244140625 0.0859375 0.0810546875
0 0.8232421875 0.1923828125 0.0673828125 0.0703125
0 0.9580078125 0.138671875 0.080078125 0.0712890625
0 0.3779296875 0.0634765625 0.0751953125 0.0634765625
0 0.775390625 0.6328125 0.0634765625 0.06640625
0 0.87890625 0.0634765625 0.07421875 0.0576171875
0 0.6025390625 0.787109375 0.080078125 0.1181640625
0 0.119140625 0.5224609375 0.052734375 0.0625
0 0.119140625 0.5693359375 0.052734375 0.0390625
0 0.01953125 0.38671875 0.01953125 0.0751953125
0 0.435546875 0.02734375 0.0673828125 0.02734375
