0 0.8603515625 0.2431640625 0.142578125 0.115234375
0 1.0 0.2001953125 0.0927734375 0.1064453125
0 0.8310546875 0.48046875 0.0791015625 0.109375
0 0.9560546875 0.5537109375 0.0830078125 0.1005859375
0 0.923828125 0.7998046875 0.0888671875 0.099609375
0 0.8291015625 0.818359375 0.1181640625 0.083984375
0 0.7412109375 0.7333984375 0.0888671875 0.0615234375
0 0.96875 1.0 0.064453125 0.0341796875
0 0.51171875 1.0 0.0693359375 0.0283203125
0 0.33984375 1.0 0.0654296875 0.0390625
0 0.3125 0.947265625 0.0625 0.060546875
0 0.4189453125 0.861328125 0.0771484375 0.0595703125
0 0.4072265625 0.744140625 0.076171875 0.087890625
0 0.1953125 0.634765625 0.10546875 0.07421875
0 0.138671875 0.7138671875 0.0693359375 0.080078125
0 0.19921875 0.8291015625 0.1279296875 0.0859375
0 0.2998046875 0.8681640625 0.1220703125 0.064453125
0 0.1845703125 0.89453125 0.1591796875 0.095703125
0 0.140625 0.5 0.0986328125 0.076171875
0 0.3359375 0.453125 0.0849609375 0.0634765625
0 0.501953125 0.525390625 0.064453125 0.0634765625
0 0.693359375 0.5361328125 0.0556640625 0.09765625
0 0.7158203125 0.4560546875 0.0595703125 0.0625
0 0.4853515625 0.240234375 0.08203125 0.0751953125
0 0.4296875 0.3427734375 0.0947265625 0.11328125
0 0.228515625 0.240234375 0.08203125 0.0732421875
0 0.1220703125 0.16015625 0.0732421875 0.056640625
0 0.0859375 0.3525390625 0.0859375 0.078125
0 0.5498046875 0.2109375 0.087890625 0.0869140625
0 0.6025390625 0.119140625 0.0654296875 0.0771484375
0 0.4736328125 0.109375 0.0986328125 0.0634765625
0 0.4169921875 0.064453125 0.0556640625 0.0576171875
0 0.5517578125 0.0849609375 0.056640625 0.0771484375
0 0.8017578125 0.08203125 0.060546875 0.0634765625
0 0.9833984375 0.453125 0.05859375 0.060546875
