0 0.7373046875 0.275390625 0.0908203125 0.1044921875
0 0.6162109375 0.3818359375 0.0732421875 0.064453125
0 0.5166015625 0.6962890625 0.091796875 0.1171875
0 0.458984375 0.470703125 0.1298828125 0.0869140625
0 0.3818359375 0.3271484375 0.1552734375 0.1142578125
0 0.1728515625 0.220703125 0.0888671875 0.126953125
0 0.068359375 0.3310546875 0.0673828125 0.064453125
0 0.92578125 0.3642578125 0.080078125 0.0830078125
0 0.9375 0.9375 0.1201171875 0.130859375
0 0.4267578125 0.9423828125 0.1455078125 0.1025390625
0 0.2578125 0.1796875 0.0400390625 0.0478515625
0 0.3310546875 0.5 0.115234375 0.0869140625
0 0.8232421875 0.330078125 0.0791015625 0.076171875
0 0.3427734375 0.6123046875 0.0888671875 0.06640625
0 0.419921875 0.609375 0.0712890625 0.0576171875
0 0.1640625 0.58984375 0.0966796875 0.0517578125
0 0.2724609375 0.7802734375 0.232421875 0.1318359375
0 0.26953125 0.77734375 0.1083984375 0.060546875
0 0.56640625 0.8017578125 0.078125 0.1162109375
0 0.751953125 0.63671875 0.0771484375 0.0400390625
0 0.75390625 0.703125 0.0546875 0.0537109375
0 0.8662109375 0.7001953125 0.0673828125 0.1044921875
0 0.8798828125 0.5322265625 0.123046875 0.078125
0 0.8896484375 0.4189453125 0.0791015625 0.052734375
0 0.9814453125 0.447265625 0.056640625 0.0361328125
0 0.9267578125 1.0 0.1669921875 0.0390625
0 0.265625 0.9765625 0.0732421875 0.08203125
0 0.046875 0.919921875 0.046875 0.0703125
