0 0.69140625 0.115234375 0.115234375 0.08984375
0 0.7275390625 0.900390625 0.08984375 0.0849609375
0 0.1796875 0.3857421875 0.1171875 0.0908203125
0 0.619140625 0.5390625 0.099609375 0.1044921875
0 0.6044921875 0.3896484375 0.0869140625 0.1123046875
0 0.7294921875 0.359375 0.08984375 0.0703125
0 0.5078125 0.77734375 0.0830078125 0.142578125
0 0.939453125 0.3818359375 0.08984375 0.0751953125
0 0.359375 0.759765625 0.1123046875 0.0751953125
0 0.81640625 0.369140625 0.0751953125 0.080078125
0 0.4541015625 0.1015625 0.0966796875 0.0693359375
0 0.85546875 0.068359375 0.0849609375 0.0625
0 0.5048828125 0.634765625 0.087890625 0.15234375
0 0.52734375 0.474609375 0.1103515625 0.0947265625
0 0.70703125 0.2890625 0.10546875 0.091796875
0 0.466796875 0.3720703125 0.0625 0.080078125
0 0.3720703125 0.046875 0.0947265625 0.046875
0 1.0 0.2666015625 0.0458984375 0.0791015625
0 0.919921875 0.9521484375 0.10546875 0.0673828125
0 0.306640625 0.4140625 0.0673828125 0.0771484375
0 0.2119140625 0.5419921875 0.08984375 0.0673828125
0 0.8125 0.994140625 0.080078125 0.0966796875
0 0.119140625 0.8173828125 0.091796875 0.078125
0 0.2119140625 0.216796875 0.1552734375 0.0849609375
0 0.294921875 0.1416015625 0.080078125 0.0869140625
0 0.2294921875 0.4921875 0.072265625 0.10546875
0 0.26171875 0.2763671875 0.1103515625 0.099609375
0 0.6982421875 0.9404296875 0.072265625 0.0625
0 0.546875 0.1591796875 0.0751953125 0.072265625
0 0.1416015625 0.482421875 0.0791015625 0.0830078125
0 0.1845703125 0.806640625 0.0625 0.056640625
0 0.3720703125 0.63671875 0.0849609375 0.0693359375
0 0.3125 0.2626953125 0.0673828125 0.0673828125
0 0.4443359375 0.884765625 0.08203125 0.0927734375
0 0.3974609375 0.6943359375 0.1083984375 0.0849609375
0 0.0966796875 0.724609375 0.0947265625 0.10546875
0 0.07421875 0.2568359375 0.07421875 0.0927734375
0 0.267578125 0.9912109375 0.0849609375 0.0751953125
0 0.4072265625 0.8798828125 0.0830078125 0.0732421875
0 0.197265625 0.984375 0.0830078125 0.0751953125
0 0.6494140625 1.0 0.0869140625 0.0732421875
0 0.0693359375 0.6591796875 0.0673828125 0.1201171875
0 0.5390625 0.974609375 0.0966796875 0.0830078125
0 0.57421875 1.0 0.07421875 0.0654296875
0 0.0517578125 0.4921875 0.0498046875 0.0947265625
0 0.8125 0.9521484375 0.060546875 0.080078125
0 0.9541015625 0.83203125 0.0625 0.0751953125
