0 0.40234375 0.1142578125 0.080078125 0.080078125
0 0.32421875 0.5146484375 0.0869140625 0.0849609375
0 0.7265625 0.1875 0.091796875 0.0654296875
0 0.7197265625 0.07421875 0.087890625 0.07421875
0 0.5498046875 0.3291015625 0.0751953125 0.0673828125
0 0.83203125 0.431640625 0.0947265625 0.0771484375
0 0.564453125 0.7421875 0.099609375 0.072265625
0 0.734375 0.794921875 0.1376953125 0.080078125
0 0.375 0.037109375 0.123046875 0.037109375
0 0.232421875 0.3466796875 0.087890625 0.0673828125
0 0.1220703125 0.4541015625 0.1201171875 0.0849609375
0 0.5166015625 0.45703125 0.1044921875 0.0849609375
0 0.3349609375 0.2724609375 0.1103515625 0.0927734375
0 0.5595703125 0.1796875 0.0830078125 0.0703125
0 0.7421875 0.599609375 0.1103515625 0.0703125
0 0.1669921875 0.216796875 0.0927734375 0.08984375
0 0.7841796875 0.537109375 0.1220703125 0.052734375
0 0.1162109375 0.0673828125 0.0654296875 0.0615234375
0 0.90234375 0.4892578125 0.0732421875 0.072265625
0 0.1845703125 0.8125 0.0625 0.078125
0 0.5322265625 0.2373046875 0.125 0.0703125
0 0.6748046875 0.5673828125 0.0927734375 0.0703125
0 0.5341796875 0.51171875 0.08984375 0.0625
0 0.091796875 0.5224609375 0.0576171875 0.0576171875
0 0.3193359375 0.1748046875 0.1201171875 0.0673828125
0 0.1884765625 0.4130859375 0.0927734375 0.0673828125
0 0.3271484375 0.7822265625 0.1103515625 0.09765625
0 0.13671875 0.001953125 0.0576171875 0.001953125
0 0.1796875 0.3125 0.080078125 0.0458984375
0 0.52734375 0.6767578125 0.09765625 0.0869140625
0 0.732421875 0.494140625 0.0830078125 0.0673828125
0 0.814453125 0.2841796875 0.087890625 0.0869140625
