0 0.4404296875 0.4404296875 0.078125 0.06640625
0 0.181640625 1.0 0.052734375 0.07421875
0 0.4189453125 0.2373046875 0.0693359375 0.08203125
0 0.58203125 0.0224609375 0.0458984375 0.0224609375
0 0.96484375 0.61328125 0.1064453125 0.193359375
0 0.1923828125 0.8662109375 0.146484375 0.07421875
0 0.3369140625 0.396484375 0.1337890625 0.1767578125
0 0.7021484375 0.4287109375 0.146484375 0.103515625
0 0.3173828125 0.4619140625 0.1533203125 0.09375
0 0.4521484375 0.396484375 0.12109375 0.0732421875
0 0.78125 0.3369140625 0.09375 0.11328125
0 0.4619140625 0.4951171875 0.1240234375 0.1162109375
0 0.3212890625 0.517578125 0.1708984375 0.064453125
0 0.578125 0.5703125 0.146484375 0.1005859375
0 0.96484375 0.7978515625 0.1337890625 0.111328125
0 0.5380859375 0.46875 0.0908203125 0.1103515625
0 0.5166015625 0.9453125 0.12890625 0.1171875
0 0.5361328125 0.3828125 0.130859375 0.197265625
0 0.73046875 0.9619140625 0.1259765625 0.16796875
0 1.0 0.84375 0.193359375 0.078125
0 0.1455078125 0.9990234375 0.1240234375 0.1376953125
0 0.6669921875 0.5224609375 0.0634765625 0.078125
0 0.8505859375 0.15234375 0.1005859375 0.09375
0 0.083984375 0.13671875 0.083984375 0.107421875
0 0.32421875 1.0 0.12109375 0.076171875
0 0.060546875 0.001953125 0.060546875 0.001953125
0 0.431640625 0.5712890625 0.0947265625 0.0888671875
0 0.2080078125 0.798828125 0.1630859375 0.041015625
0 0.4736328125 0.7998046875 0.1689453125 0.1142578125
0 0.4521484375 0.7548828125 0.1474609375 0.08203125
0 0.3291015625 0.828125 0.1572265625 0.1064453125
0 0.3125 0.8115234375 0.115234375 0.177734375
0 0.2822265625 0.7666015625 0.119140625 0.21875
0 0.369140625 0.6875 0.1142578125 0.0888671875
0 0.3310546875 0.6982421875 0.0517578125 0.1552734375
0 0.3330078125 0.5615234375 0.0859375 0.0703125
0 0.0302734375 0.34765625 0.0302734375 0.080078125
0 0.60546875 0.71875 0.0712890625 0.05078125
0 0.5986328125 0.34375 0.029296875 0.05078125
