0 0.701171875 0.341796875 0.056640625 0.08984375
0 0.619140625 0.974609375 0.109375 0.1201171875
0 0.380859375 0.9462890625 0.11328125 0.0576171875
0 0.81640625 0.9765625 0.0849609375 0.0673828125
0 0.4765625 0.1005859375 0.07421875 0.083984375
0 0.1396484375 0.6572265625 0.068359375 0.072265625
0 0.8564453125 0.6650390625 0.06640625 0.0693359375
0 0.1474609375 0.9453125 0.1064453125 0.072265625
0 0.8154296875 0.146484375 0.07421875 0.0673828125
0 0.9384765625 0.603515625 0.0771484375 0.1015625
0 0.2275390625 0.76171875 0.0439453125 0.0810546875
0 0.20703125 0.2861328125 0.0966796875 0.076171875
0 0.9384765625 0.2138671875 0.0537109375 0.0712890625
0 0.3564453125 0.3994140625 0.0576171875 0.1123046875
0 0.80078125 0.654296875 0.138671875 0.064453125
0 0.484375 0.3505859375 0.08203125 0.0908203125
0 0.3671875 0.228515625 0.0634765625 0.0771484375
0 0.6943359375 0.1806640625 0.0947265625 0.0810546875
0 0.3525390625 0.18359375 0.052734375 0.0751953125
0 0.0390625 0.271484375 0.0390625 0.095703125
0 0.599609375 0.5712890625 0.0986328125 0.0966796875
0 0.197265625 1.0 0.0888671875 0.04296875
0 0.263671875 0.0712890625 0.1064453125 0.0439453125
0 0.8544921875 0.998046875 0.0419921875 0.0673828125
0 1.0 0.9345703125 0.0966796875 0.056640625
0 0.2861328125 0.9755859375 0.07421875 0.060546875
0 1.0 0.337890625 0.1240234375 0.0576171875
0 0.451171875 0.6591796875 0.0517578125 0.0634765625
0 1.0 0.9951171875 0.0537109375 0.0517578125
0 0.267578125 0.9345703125 0.1015625 0.0654296875
0 0.5302734375 0.388671875 0.05078125 0.06640625
0 0.1142578125 0.306640625 0.037109375 0.083984375
0 0.41015625 0.8447265625 0.087890625 0.0419921875
0 0.3544921875 0.037109375 0.0732421875 0.037109375
0 0.8583984375 0.9306640625 0.0791015625 0.0537109375
0 0.515625 0.7685546875 0.06640625 0.041015625
0 0.14453125 0.7470703125 0.1005859375 0.041015625
0 0.7158203125 0.7275390625 0.072265625 0.041015625
0 0.8359375 0.73046875 0.052734375 0.056640625
0 0.662109375 0.751953125 0.0654296875 0.109375
0 0.142578125 0.5185546875 0.048828125 0.0439453125
0 0.4404296875 0.271484375 0.0556640625 0.0400390625
0 0.2314453125 0.4326171875 0.05078125 0.044921875
0 0.14453125 0.14453125 0.087890625 0.0302734375
0 0.0927734375 0.552734375 0.0478515625 0.046875
0 0.474609375 0.1865234375 0.0654296875 0.0390625
0 0.3173828125 0.8095703125 0.0908203125 0.0419921875
0 0.5576171875 1.0 0.103515625 0.0205078125
0 0.1865234375 0.0556640625 0.0693359375 0.0556640625
0 0.7939453125 0.611328125 0.0908203125 0.037109375
0 0.892578125 0.0966796875 0.048828125 0.046875
0 0.775390625 0.2763671875 0.037109375 0.0703125
0 0.1796875 0.1484375 0.046875 0.0458984375
0 0.73046875 1.0 0.060546875 0.03515625
0 0.998046875 0.72265625 0.0478515625 0.0283203125
0 0.998046875 0.1435546875 0.0439453125 0.0400390625
0 1.0 0.8271484375 0.0400390625 0.0224609375
0 1.0 0.7138671875 0.0244140625 0.0654296875
0 0.208984375 0.2626953125 0.0625 0.046875
0 0.134765625 0.7197265625 0.09375 0.03515625
0 0.7060546875 0.775390625 0.1123046875 0.1220703125
0 0.5947265625 0.275390625 0.056640625 0.05078125
0 1.0 0.6083984375 0.02734375 0.0517578125
0 0.556640625 0.701171875 0.080078125 0.087890625
0 0.6318359375 0.7568359375 0.0888671875 0.107421875
