0 0.232421875 0.4794921875 0.140625 0.1044921875
0 0.1416015625 0.607421875 0.107421875 0.11328125
0 0.7099609375 0.80078125 0.107421875 0.0771484375
0 0.5947265625 0.2119140625 0.10546875 0.126953125
0 0.494140625 0.1943359375 0.15234375 0.107421875
0 0.763671875 0.736328125 0.1240234375 0.083984375
0 0.5869140625 1.0 0.1953125 0.177734375
0 0.142578125 0.38671875 0.0927734375 0.1171875
0 0.3193359375 0.7919921875 0.1943359375 0.1474609375
0 0.6474609375 0.64453125 0.09765625 0.0947265625
0 0.279296875 0.9873046875 0.1044921875 0.1005859375
0 1.0 0.609375 0.11328125 0.091796875
0 0.7841796875 0.9931640625 0.1640625 0.1171875
0 0.3369140625 0.716796875 0.080078125 0.08984375
0 0.3349609375 0.71484375 0.080078125 0.0927734375
0 0.21484375 0.375 0.0830078125 0.0927734375
0 0.2197265625 0.3857421875 0.080078125 0.0849609375
0 0.0966796875 0.9970703125 0.0849609375 0.0625
0 0.9052734375 1.0 0.1943359375 0.0791015625
0 0.650390625 0.4853515625 0.099609375 0.080078125
