0 0.8583984375 0.140625 0.1015625 0.0341796875
0 0.392578125 0.1357421875 0.126953125 0.064453125
0 0.5146484375 0.5244140625 0.169921875 0.1103515625
0 0.3271484375 0.66796875 0.0634765625 0.0556640625
0 0.4345703125 0.2236328125 0.125 0.103515625
0 0.44140625 0.7275390625 0.0654296875 0.0615234375
0 0.0869140625 1.0 0.0869140625 0.0390625
0 0.1953125 0.064453125 0.1494140625 0.064453125
0 0.6201171875 0.123046875 0.1044921875 0.107421875
0 0.9736328125 0.9072265625 0.0791015625 0.095703125
0 0.0888671875 0.216796875 0.0888671875 0.078125
0 0.126953125 0.779296875 0.10546875 0.1220703125
0 0.5439453125 0.6552734375 0.109375 0.072265625
0 0.91796875 0.84765625 0.060546875 0.08203125
0 0.8046875 0.4697265625 0.14453125 0.060546875
0 0.6162109375 0.1591796875 0.146484375 0.083984375
0 0.8447265625 0.6376953125 0.076171875 0.0791015625
0 0.72265625 0.052734375 0.0888671875 0.052734375
0 0.4892578125 0.95703125 0.0576171875 0.0673828125
0 1.0 0.5478515625 0.0400390625 0.1240234375
0 0.5888671875 0.2236328125 0.134765625 0.0576171875
0 0.4462890625 0.1552734375 0.0654296875 0.109375
0 0.216796875 0.3154296875 0.169921875 0.046875
0 0.310546875 0.8876953125 0.0927734375 0.0703125
0 0.1455078125 0.9130859375 0.126953125 0.08984375
0 0.947265625 0.056640625 0.0986328125 0.056640625
0 0.0615234375 0.7998046875 0.0615234375 0.052734375
0 0.115234375 0.8544921875 0.1103515625 0.07421875
0 0.3466796875 1.0 0.0927734375 0.0439453125
0 0.5546875 0.9638671875 0.0986328125 0.1083984375
0 0.5634765625 0.8916015625 0.0751953125 0.060546875
0 0.0546875 0.27734375 0.0546875 0.0888671875
0 0.0546875 0.3525390625 0.0546875 0.0517578125
0 0.904296875 0.7900390625 0.103515625 0.0859375
0 0.8525390625 0.826171875 0.1083984375 0.0908203125
0 0.8046875 0.8583984375 0.064453125 0.08203125
0 0.7890625 0.767578125 0.126953125 0.0654296875
0 0.74609375 0.8212890625 0.1494140625 0.060546875
0 0.744140625 0.798828125 0.087890625 0.0439453125
0 0.876953125 0.046875 0.107421875 0.046875
0 0.8623046875 0.0830078125 0.1201171875 0.0478515625
0 0.75390625 0.2275390625 0.08984375 0.0595703125
0 0.90234375 0.505859375 0.111328125 0.0419921875
0 0.8828125 0.4765625 0.1201171875 0.044921875
0 0.8681640625 0.625 0.21875 0.1357421875
0 0.8046875 0.681640625 0.134765625 0.14453125
0 0.6982421875 0.8701171875 0.0703125 0.0634765625
0 0.162109375 0.826171875 0.056640625 0.0458984375
