0 0.900390625 0.865234375 0.087890625 0.1552734375
0 0.3564453125 0.810546875 0.0771484375 0.103515625
0 1.0 0.9208984375 0.0673828125 0.072265625
0 0.208984375 0.376953125 0.07421875 0.0869140625
0 0.9033203125 0.09765625 0.0751953125 0.09765625
0 0.75390625 0.4755859375 0.07421875 0.072265625
0 0.3154296875 0.9638671875 0.0966796875 0.1416015625
0 0.6337890625 0.5791015625 0.1123046875 0.0556640625
0 0.7548828125 1.0 0.09375 0.052734375
0 0.8037109375 0.21875 0.19921875 0.09375
0 0.1103515625 0.5849609375 0.0927734375 0.078125
0 0.203125 1.0 0.1376953125 0.076171875
0 0.8916015625 0.3896484375 0.0732421875 0.0791015625
0 0.1630859375 0.4521484375 0.1572265625 0.1240234375
0 0.0810546875 0.1513671875 0.080078125 0.1220703125
0 0.8330078125 0.5126953125 0.08984375 0.0703125
0 0.7421875 0.88671875 0.0849609375 0.0986328125
0 0.517578125 0.330078125 0.13671875 0.1796875
0 0.6201171875 0.517578125 0.1201171875 0.103515625
0 0.814453125 0.353515625 0.1015625 0.1533203125
0 0.228515625 0.5576171875 0.1171875 0.087890625
0 0.267578125 0.208984375 0.1376953125 0.078125
0 0.537109375 0.71875 0.1123046875 0.11328125
0 0.978515625 0.9990234375 0.091796875 0.0712890625
0 0.1611328125 0.6591796875 0.1083984375 0.0927734375
0 0.666015625 0.9287109375 0.1337890625 0.083984375
0 0.9228515625 0.2412109375 0.1142578125 0.11328125
0 0.0615234375 0.19140625 0.0615234375 0.060546875
0 0.36328125 0.39453125 0.091796875 0.0830078125
0 0.2841796875 0.31640625 0.0703125 0.0732421875
0 0.2099609375 0.3134765625 0.1201171875 0.080078125
0 0.064453125 0.82421875 0.064453125 0.12109375
0 0.0927734375 0.935546875 0.0927734375 0.091796875
0 0.2822265625 0.916015625 0.0908203125 0.0810546875
0 0.248046875 0.75 0.0908203125 0.0791015625
0 0.3271484375 0.71875 0.0693359375 0.072265625
0 1.0 0.810546875 0.0576171875 0.056640625
0 0.53515625 0.728515625 0.0751953125 0.140625
0 0.943359375 0.349609375 0.0546875 0.0556640625
0 0.9423828125 0.0732421875 0.068359375 0.0732421875
0 0.7138671875 0.6357421875 0.107421875 0.1181640625
0 0.9453125 0.2900390625 0.0478515625 0.0361328125
