0 0.037109375 0.2373046875 0.037109375 0.0947265625
0 0.0869140625 0.162109375 0.0771484375 0.0771484375
0 0.189453125 0.32421875 0.078125 0.0966796875
0 0.1259765625 0.57421875 0.06640625 0.09375
0 0.224609375 0.5908203125 0.072265625 0.189453125
0 0.4619140625 0.94921875 0.083984375 0.0869140625
0 0.6318359375 1.0 0.099609375 0.0537109375
0 0.9287109375 1.0 0.0849609375 0.1005859375
0 0.7294921875 0.693359375 0.072265625 0.0927734375
0 0.5791015625 0.6376953125 0.0625 0.0751953125
0 0.474609375 0.65234375 0.08984375 0.072265625
0 0.4052734375 0.7138671875 0.0703125 0.064453125
0 0.3408203125 0.84375 0.11328125 0.13671875
0 0.3974609375 0.6494140625 0.107421875 0.1123046875
0 0.37890625 0.5302734375 0.0986328125 0.0927734375
0 0.3408203125 0.4365234375 0.064453125 0.07421875
0 0.45703125 0.4306640625 0.0791015625 0.109375
0 0.431640625 0.2646484375 0.08984375 0.1044921875
0 0.4140625 0.1787109375 0.0966796875 0.1513671875
0 0.7119140625 0.19921875 0.080078125 0.0654296875
0 0.7666015625 0.2822265625 0.1435546875 0.1005859375
0 0.837890625 0.2216796875 0.095703125 0.1044921875
0 0.708984375 0.4921875 0.0859375 0.09765625
0 0.67578125 0.548828125 0.1396484375 0.0869140625
0 0.888671875 0.5087890625 0.0654296875 0.1376953125
0 0.9892578125 0.6591796875 0.091796875 0.1064453125
0 0.9873046875 0.27734375 0.1005859375 0.0751953125
0 0.6611328125 0.056640625 0.0888671875 0.056640625
0 0.57421875 0.0986328125 0.076171875 0.0986328125
0 0.6875 0.8681640625 0.14453125 0.0859375
0 0.625 0.69921875 0.1181640625 0.091796875
0 0.7451171875 0.5703125 0.0751953125 0.0869140625
0 0.96484375 0.080078125 0.083984375 0.080078125
