0 0.4404296875 0.2392578125 0.1298828125 0.0966796875
0 0.8046875 0.078125 0.1328125 0.078125
0 0.283203125 0.7822265625 0.109375 0.080078125
0 0.3046875 0.1904296875 0.140625 0.107421875
0 1.0 0.6162109375 0.087890625 0.1142578125
0 0.3623046875 0.3896484375 0.16015625 0.134765625
0 0.4697265625 0.1005859375 0.0927734375 0.072265625
0 0.359375 0.6015625 0.1923828125 0.1474609375
0 0.6748046875 0.3916015625 0.1826171875 0.1142578125
0 0.716796875 0.8046875 0.0693359375 0.0849609375
0 0.70703125 0.154296875 0.099609375 0.0771484375
0 0.537109375 0.8994140625 0.0673828125 0.0771484375
0 0.4541015625 1.0 0.091796875 0.05078125
0 0.6845703125 1.0 0.1552734375 0.0703125
0 0.5498046875 0.046875 0.1044921875 0.046875
0 0.125 0.7138671875 0.1220703125 0.15625
0 0.818359375 0.9130859375 0.08984375 0.0830078125
