0 0.982421875 0.7666015625 0.1181640625 0.0947265625
0 0.8193359375 0.591796875 0.0751953125 0.08203125
0 0.2333984375 0.3701171875 0.09375 0.10546875
0 0.9892578125 0.412109375 0.091796875 0.0654296875
0 0.154296875 0.8720703125 0.072265625 0.1025390625
0 0.3330078125 0.1357421875 0.0703125 0.09765625
0 0.8349609375 0.4267578125 0.0830078125 0.099609375
0 0.69140625 0.1748046875 0.0693359375 0.1005859375
0 0.2314453125 0.7255859375 0.064453125 0.0830078125
0 0.607421875 0.7099609375 0.087890625 0.1025390625
0 0.619140625 0.5322265625 0.0947265625 0.1572265625
0 0.70703125 0.2998046875 0.0537109375 0.107421875
0 0.7353515625 0.8818359375 0.072265625 0.0703125
0 0.1044921875 0.1484375 0.0576171875 0.099609375
0 0.197265625 1.0 0.123046875 0.0556640625
0 0.099609375 0.5703125 0.05859375 0.080078125
0 0.6669921875 0.787109375 0.0595703125 0.08984375
0 0.572265625 0.5419921875 0.0625 0.0673828125
0 0.669921875 0.9990234375 0.0673828125 0.0673828125
0 0.7177734375 0.126953125 0.0478515625 0.0556640625
0 0.7724609375 0.0595703125 0.05859375 0.0576171875
