0 0.3974609375 0.3779296875 0.123046875 0.126953125
0 0.537109375 0.44921875 0.10546875 0.17578125
0 0.5712890625 0.6484375 0.091796875 0.181640625
0 0.63671875 0.6982421875 0.1533203125 0.0703125
0 0.7958984375 0.7021484375 0.181640625 0.1171875
0 0.6767578125 0.5751953125 0.0830078125 0.091796875
0 0.6982421875 0.5185546875 0.119140625 0.076171875
0 0.9921875 0.1943359375 0.146484375 0.119140625
0 0.2421875 0.2294921875 0.1044921875 0.1640625
0 0.1025390625 0.2578125 0.1025390625 0.095703125
0 0.1669921875 0.3603515625 0.119140625 0.1513671875
0 0.259765625 0.673828125 0.193359375 0.1435546875
0 0.08203125 0.5712890625 0.08203125 0.1123046875
0 0.037109375 0.65625 0.037109375 0.1103515625
0 0.345703125 0.810546875 0.0771484375 0.08984375
0 0.3359375 0.9404296875 0.0810546875 0.123046875
0 0.2001953125 0.9873046875 0.0859375 0.09375
0 0.125 1.0 0.1064453125 0.0791015625
0 0.1103515625 0.9169921875 0.0791015625 0.064453125
0 0.5087890625 0.8544921875 0.123046875 0.1123046875
0 0.677734375 0.939453125 0.2373046875 0.1455078125
0 0.525390625 1.0 0.1474609375 0.080078125
0 0.9140625 1.0 0.205078125 0.103515625
0 0.9921875 0.77734375 0.08984375 0.0751953125
0 0.5673828125 0.0859375 0.1064453125 0.0859375
0 0.3642578125 0.1328125 0.0869140625 0.0751953125
