0 0.0859375 0.376953125 0.0859375 0.0966796875
0 0.1767578125 0.25390625 0.142578125 0.0771484375
0 0.490234375 0.109375 0.142578125 0.0791015625
0 0.59375 0.1494140625 0.0869140625 0.0771484375
0 0.8134765625 0.0654296875 0.146484375 0.0595703125
0 0.826171875 0.1396484375 0.083984375 0.072265625
0 0.9921875 0.1357421875 0.0830078125 0.09765625
0 0.978515625 0.22265625 0.0771484375 0.0615234375
0 0.7587890625 0.32421875 0.0771484375 0.0810546875
0 0.5458984375 0.501953125 0.0791015625 0.158203125
0 1.0 0.3818359375 0.0986328125 0.087890625
0 1.0 0.5654296875 0.0615234375 0.1005859375
0 0.9384765625 0.7109375 0.0703125 0.0751953125
0 0.751953125 0.7431640625 0.0751953125 0.064453125
0 0.8515625 0.681640625 0.0830078125 0.1142578125
0 0.833984375 0.755859375 0.078125 0.060546875
0 0.337890625 0.681640625 0.103515625 0.078125
0 0.451171875 0.6181640625 0.09765625 0.078125
0 0.091796875 0.595703125 0.091796875 0.0615234375
0 0.34765625 0.80859375 0.0791015625 0.07421875
0 0.1669921875 1.0 0.0771484375 0.04296875
0 0.2978515625 0.9423828125 0.0927734375 0.0947265625
0 0.4208984375 1.0 0.10546875 0.0830078125
0 0.6318359375 1.0 0.09765625 0.033203125
0 0.626953125 0.951171875 0.0771484375 0.07421875
0 0.6904296875 0.861328125 0.0986328125 0.0771484375
0 0.9267578125 1.0 0.0888671875 0.068359375
0 0.0478515625 0.2490234375 0.0478515625 0.0927734375
0 0.875 0.509765625 0.07421875 0.1201171875
0 0.5869140625 0.736328125 0.0869140625 0.095703125
