0 0.244140625 0.076171875 0.09765625 0.07421875
0 0.3916015625 0.0439453125 0.080078125 0.0439453125
0 0.4189453125 0.08984375 0.0751953125 0.0439453125
0 0.4345703125 0.1259765625 0.07421875 0.0419921875
0 0.185546875 0.2060546875 0.0732421875 0.0634765625
0 0.1904296875 0.26171875 0.087890625 0.0625
0 0.29296875 0.3115234375 0.056640625 0.0654296875
0 0.4599609375 0.296875 0.0654296875 0.0986328125
0 0.3857421875 0.390625 0.0634765625 0.0693359375
0 0.3359375 0.4033203125 0.0625 0.0693359375
0 0.189453125 0.3916015625 0.0732421875 0.0830078125
0 0.09765625 0.4521484375 0.09765625 0.1044921875
0 0.119140625 0.548828125 0.0576171875 0.08984375
0 0.0927734375 0.6591796875 0.0830078125 0.0869140625
0 0.1240234375 0.82421875 0.0576171875 0.0615234375
0 0.4658203125 0.798828125 0.095703125 0.080078125
0 0.404296875 0.8662109375 0.0751953125 0.0556640625
0 0.4833984375 0.890625 0.083984375 0.06640625
0 0.169921875 0.9228515625 0.09375 0.0625
0 0.056640625 0.9462890625 0.052734375 0.072265625
0 0.1142578125 1.0 0.0927734375 0.0439453125
0 0.265625 1.0 0.1298828125 0.0380859375
0 0.4248046875 1.0 0.0576171875 0.0478515625
0 0.5966796875 0.9736328125 0.080078125 0.076171875
0 0.6298828125 0.9013671875 0.0849609375 0.0625
0 1.0 0.9560546875 0.0703125 0.0751953125
0 0.97265625 0.5908203125 0.07421875 0.060546875
0 0.74609375 0.6552734375 0.07421875 0.0830078125
0 0.73828125 0.478515625 0.068359375 0.07421875
0 0.76171875 0.5390625 0.0615234375 0.0712890625
0 0.8447265625 0.470703125 0.08984375 0.0869140625
0 0.916015625 0.35546875 0.07421875 0.0966796875
0 0.69921875 0.33984375 0.06640625 0.06640625
0 0.974609375 0.0791015625 0.05078125 0.0625
0 0.77734375 0.1455078125 0.1181640625 0.078125
0 0.599609375 0.361328125 0.10546875 0.1181640625
0 0.634765625 0.4208984375 0.103515625 0.0595703125
0 0.5146484375 0.4609375 0.0830078125 0.0947265625
0 0.181640625 0.5234375 0.060546875 0.0595703125
0 1.0 0.2421875 0.05078125 0.0859375
0 0.41015625 0.3369140625 0.0849609375 0.0703125
0 0.1337890625 0.9033203125 0.072265625 0.0615234375
0 1.0 0.6142578125 0.029296875 0.0703125
0 0.7529296875 0.50390625 0.1201171875 0.0498046875
