0 1.0 0.205078125 0.0380859375 0.0927734375
0 0.947265625 0.25390625 0.068359375 0.0751953125
0 0.8603515625 0.185546875 0.0771484375 0.1025390625
0 0.8134765625 0.2763671875 0.0576171875 0.068359375
0 0.7099609375 0.31640625 0.1240234375 0.072265625
0 0.65625 0.240234375 0.08984375 0.068359375
0 0.619140625 0.1669921875 0.064453125 0.0693359375
0 0.50390625 0.119140625 0.0595703125 0.1005859375
0 0.2119140625 0.138671875 0.1171875 0.1015625
0 0.291015625 0.11328125 0.14453125 0.111328125
0 0.119140625 0.2255859375 0.0625 0.1162109375
0 0.1171875 0.2724609375 0.0693359375 0.064453125
0 0.2412109375 0.2392578125 0.0810546875 0.072265625
0 0.3203125 0.287109375 0.068359375 0.10546875
0 0.4970703125 0.3271484375 0.06640625 0.0712890625
0 0.568359375 0.26953125 0.1025390625 0.0693359375
0 0.634765625 0.4091796875 0.0732421875 0.05859375
0 0.8798828125 0.53125 0.083984375 0.1083984375
0 0.966796875 0.2978515625 0.083984375 0.05859375
0 1.0 0.44140625 0.10546875 0.1455078125
0 1.0 0.6025390625 0.0400390625 0.146484375
0 0.9990234375 0.724609375 0.0732421875 0.138671875
0 0.9033203125 0.734375 0.078125 0.09375
0 0.8359375 0.611328125 0.07421875 0.115234375
0 0.6162109375 0.6865234375 0.0625 0.0712890625
0 0.310546875 0.7646484375 0.1201171875 0.0712890625
0 0.3603515625 0.7158203125 0.0751953125 0.07421875
0 0.3056640625 0.681640625 0.06640625 0.0791015625
0 0.369140625 0.609375 0.0810546875 0.072265625
0 0.421875 0.53515625 0.10546875 0.078125
0 0.44921875 0.6240234375 0.076171875 0.0546875
0 0.408203125 0.7958984375 0.0517578125 0.0546875
0 0.1806640625 0.724609375 0.107421875 0.0634765625
0 0.5498046875 0.82421875 0.1669921875 0.1103515625
0 0.142578125 0.638671875 0.06640625 0.080078125
0 0.0859375 0.6337890625 0.068359375 0.0400390625
0 0.1201171875 0.560546875 0.0732421875 0.0966796875
0 0.203125 0.4970703125 0.0830078125 0.1142578125
0 0.1845703125 0.572265625 0.0546875 0.0732421875
0 0.2724609375 0.595703125 0.0615234375 0.0927734375
0 0.2041015625 0.3681640625 0.0986328125 0.0595703125
0 0.353515625 0.3583984375 0.0615234375 0.06640625
0 0.4599609375 0.333984375 0.0634765625 0.064453125
0 0.2685546875 0.99609375 0.056640625 0.0927734375
0 0.123046875 1.0 0.076171875 0.1396484375
0 0.060546875 0.908203125 0.060546875 0.1162109375
0 0.423828125 1.0 0.060546875 0.0517578125
0 0.6767578125 1.0 0.083984375 0.0498046875
0 0.626953125 0.9921875 0.087890625 0.083984375
0 0.8857421875 1.0 0.0751953125 0.0615234375
0 0.755859375 0.3720703125 0.048828125 0.0615234375
0 0.7177734375 0.056640625 0.0751953125 0.056640625
0 0.9541015625 0.640625 0.0654296875 0.0869140625
