0 0.3818359375 0.05078125 0.0966796875 0.05078125
0 0.333984375 0.1435546875 0.0986328125 0.0712890625
0 0.19140625 0.2001953125 0.0810546875 0.068359375
0 0.0869140625 0.2041015625 0.0830078125 0.078125
0 0.322265625 0.326171875 0.0771484375 0.08984375
0 0.5458984375 0.107421875 0.07421875 0.1005859375
0 0.6865234375 0.1416015625 0.07421875 0.0654296875
0 0.689453125 0.0634765625 0.080078125 0.05078125
0 0.8095703125 0.041015625 0.0771484375 0.041015625
0 0.9443359375 0.1796875 0.09765625 0.0810546875
0 0.3046875 0.5185546875 0.078125 0.0712890625
0 0.41796875 0.3857421875 0.0654296875 0.0732421875
0 0.5087890625 0.4521484375 0.0625 0.0732421875
0 0.48046875 0.408203125 0.06640625 0.0830078125
0 0.1923828125 0.7294921875 0.056640625 0.11328125
0 0.154296875 0.783203125 0.1142578125 0.091796875
0 0.265625 0.7822265625 0.1083984375 0.0625
0 0.26171875 0.9951171875 0.0771484375 0.1181640625
0 0.34375 0.8212890625 0.0771484375 0.083984375
0 0.5126953125 0.8359375 0.0751953125 0.0791015625
0 0.412109375 0.83984375 0.080078125 0.060546875
0 0.4130859375 0.966796875 0.1123046875 0.076171875
0 0.5732421875 0.9501953125 0.0947265625 0.060546875
0 0.5146484375 1.0 0.146484375 0.0556640625
0 0.76953125 1.0 0.0654296875 0.0498046875
0 0.6796875 0.892578125 0.083984375 0.0615234375
0 0.6806640625 0.9404296875 0.0615234375 0.056640625
0 0.6083984375 0.7666015625 0.06640625 0.103515625
0 0.6904296875 0.8359375 0.07421875 0.0712890625
0 0.7275390625 0.7470703125 0.0888671875 0.0693359375
0 0.8544921875 0.708984375 0.0791015625 0.0869140625
0 0.779296875 0.7294921875 0.0556640625 0.0888671875
0 0.8271484375 0.81640625 0.072265625 0.06640625
0 0.775390625 0.814453125 0.0703125 0.0810546875
0 0.287109375 0.595703125 0.0615234375 0.0615234375
0 0.53515625 0.576171875 0.1416015625 0.0810546875
0 0.66796875 0.4404296875 0.0791015625 0.0771484375
0 0.7158203125 0.3896484375 0.0771484375 0.0537109375
0 0.7421875 0.4462890625 0.078125 0.0634765625
0 0.7158203125 0.5283203125 0.06640625 0.072265625
0 0.7529296875 0.33984375 0.0771484375 0.0654296875
0 0.8427734375 0.4091796875 0.072265625 0.07421875
0 0.865234375 0.3583984375 0.05859375 0.0693359375
0 0.9501953125 0.40234375 0.0537109375 0.0927734375
0 1.0 0.3388671875 0.0478515625 0.068359375
0 0.9072265625 0.4931640625 0.0595703125 0.0634765625
0 1.0 0.5419921875 0.0439453125 0.056640625
0 0.9521484375 0.71484375 0.068359375 0.083984375
0 1.0 0.7587890625 0.048828125 0.0810546875
0 0.9951171875 0.8173828125 0.1142578125 0.078125
0 0.927734375 0.90234375 0.0751953125 0.072265625
0 0.9990234375 0.9970703125 0.0400390625 0.05859375
0 0.8681640625 0.9755859375 0.0537109375 0.0712890625
0 0.9365234375 0.9716796875 0.0751953125 0.06640625
0 0.07421875 0.849609375 0.07421875 0.0654296875
0 0.9658203125 0.505859375 0.0556640625 0.05859375
0 0.412109375 0.3193359375 0.0634765625 0.06640625
0 0.248046875 0.9072265625 0.0966796875 0.0830078125
0 0.5830078125 0.1669921875 0.0830078125 0.0908203125
0 0.06640625 0.57421875 0.06640625 0.1005859375
0 0.4521484375 0.4580078125 0.08984375 0.078125
0 0.7578125 0.267578125 0.0859375 0.0849609375
0 0.453125 0.8173828125 0.0732421875 0.0751953125
0 0.2744140625 0.6796875 0.0712890625 0.123046875
0 0.056640625 0.78515625 0.056640625 0.0517578125
0 0.8125 0.888671875 0.119140625 0.0576171875
0 0.470703125 0.0615234375 0.060546875 0.0537109375
