0 0.34765625 0.93359375 0.109375 0.08984375
0 0.1181640625 0.8916015625 0.06640625 0.099609375
0 0.09375 1.0 0.09375 0.017578125
0 0.1708984375 0.7783203125 0.0830078125 0.0927734375
0 0.1953125 0.84375 0.08203125 0.0537109375
0 0.2607421875 0.6513671875 0.083984375 0.0595703125
0 0.431640625 0.7109375 0.078125 0.099609375
0 0.4609375 0.6015625 0.099609375 0.1171875
0 0.5146484375 0.580078125 0.0576171875 0.0556640625
0 0.251953125 0.47265625 0.0712890625 0.0791015625
0 0.5517578125 0.4111328125 0.0947265625 0.095703125
0 0.5185546875 0.2939453125 0.0869140625 0.0908203125
0 0.44921875 0.8154296875 0.0859375 0.0732421875
0 0.61328125 0.8671875 0.0947265625 0.0908203125
0 0.751953125 1.0 0.0703125 0.0869140625
0 0.951171875 1.0 0.0595703125 0.03125
0 1.0 0.8857421875 0.0908203125 0.12890625
0 0.86328125 0.736328125 0.109375 0.0693359375
0 0.712890625 0.708984375 0.0771484375 0.080078125
0 0.9423828125 0.6494140625 0.0849609375 0.0888671875
0 0.7265625 0.5205078125 0.0830078125 0.0712890625
0 0.9052734375 0.484375 0.0654296875 0.0908203125
0 0.978515625 0.5 0.0693359375 0.138671875
0 0.85546875 0.205078125 0.0869140625 0.115234375
0 0.712890625 0.1806640625 0.0732421875 0.115234375
0 0.6513671875 0.25390625 0.0498046875 0.0869140625
0 0.6201171875 0.1396484375 0.056640625 0.07421875
0 1.0 0.189453125 0.0927734375 0.1240234375
0 0.333984375 0.1435546875 0.095703125 0.0556640625
0 0.3134765625 0.2685546875 0.0810546875 0.080078125
0 0.21875 0.32421875 0.0693359375 0.07421875
0 0.080078125 0.37890625 0.0693359375 0.0810546875
0 0.09375 0.23828125 0.0810546875 0.0654296875
0 0.1318359375 0.1455078125 0.0859375 0.095703125
0 0.1201171875 0.0302734375 0.1005859375 0.0302734375
0 0.83203125 0.0654296875 0.0810546875 0.0654296875
0 0.3408203125 0.51171875 0.0556640625 0.0966796875
0 0.5263671875 0.0693359375 0.2177734375 0.0693359375
