0 0.78125 0.97265625 0.0859375 0.072265625
0 1.0 0.6953125 0.072265625 0.087890625
0 0.3359375 0.1171875 0.0595703125 0.1025390625
0 0.9208984375 0.25 0.06640625 0.0849609375
0 0.4638671875 0.583984375 0.08984375 0.08984375
0 0.30859375 0.2099609375 0.0703125 0.107421875
0 0.986328125 0.482421875 0.0732421875 0.076171875
0 0.8876953125 0.998046875 0.046875 0.0703125
0 0.6943359375 0.095703125 0.0986328125 0.0810546875
0 0.4072265625 0.6435546875 0.087890625 0.0625
0 0.2158203125 0.1748046875 0.0986328125 0.0888671875
0 0.4130859375 0.9541015625 0.0751953125 0.0654296875
0 0.9931640625 0.5732421875 0.0791015625 0.0537109375
0 0.9130859375 0.56640625 0.0458984375 0.1005859375
0 0.19140625 0.248046875 0.10546875 0.1015625
0 0.08984375 0.451171875 0.0849609375 0.0888671875
0 0.7900390625 0.8837890625 0.076171875 0.064453125
0 0.923828125 0.67578125 0.0693359375 0.0732421875
0 0.1005859375 0.2236328125 0.080078125 0.0791015625
0 1.0 0.8505859375 0.01953125 0.0947265625
0 0.0859375 0.6904296875 0.0849609375 0.076171875
0 0.876953125 0.5517578125 0.095703125 0.0986328125
0 0.216796875 0.390625 0.0732421875 0.109375
0 0.36328125 0.1611328125 0.109375 0.0615234375
0 0.3994140625 0.158203125 0.078125 0.1142578125
0 0.8046875 0.2822265625 0.1357421875 0.1123046875
0 0.9619140625 0.984375 0.080078125 0.0771484375
0 0.6982421875 0.888671875 0.0751953125 0.0556640625
0 0.6591796875 0.177734375 0.0595703125 0.095703125
0 0.296875 0.6396484375 0.095703125 0.1162109375
0 0.7119140625 0.69921875 0.10546875 0.115234375
0 0.8837890625 0.4580078125 0.0615234375 0.07421875
0 0.98046875 0.3193359375 0.041015625 0.0849609375
0 0.46484375 0.2685546875 0.0849609375 0.0966796875
0 0.3076171875 0.2587890625 0.064453125 0.1064453125
0 0.6982421875 0.4658203125 0.07421875 0.0986328125
0 0.78515625 0.822265625 0.0869140625 0.125
0 0.5341796875 0.1845703125 0.083984375 0.0986328125
0 0.78515625 0.0810546875 0.0947265625 0.05078125
0 0.1875 0.630859375 0.072265625 0.119140625
0 0.9052734375 0.890625 0.09375 0.1181640625
0 0.23046875 0.919921875 0.0380859375 0.0927734375
0 0.2470703125 0.669921875 0.0546875 0.091796875
0 0.18359375 0.8564453125 0.125 0.0732421875
0 0.861328125 0.173828125 0.064453125 0.1494140625
0 0.8251953125 0.6005859375 0.0732421875 0.1181640625
0 0.568359375 0.74609375 0.0634765625 0.05078125
0 0.6689453125 0.328125 0.0869140625 0.0830078125
0 0.9287109375 0.1865234375 0.0615234375 0.1337890625
0 0.1220703125 0.3427734375 0.12109375 0.0712890625
0 0.8798828125 0.701171875 0.0498046875 0.064453125
0 0.0517578125 0.2490234375 0.0517578125 0.1005859375
0 0.9873046875 0.3466796875 0.171875 0.0546875
0 0.083984375 0.373046875 0.08203125 0.080078125
0 0.3564453125 0.3203125 0.0458984375 0.09375
0 0.439453125 0.8857421875 0.0810546875 0.0791015625
0 0.326171875 0.39453125 0.103515625 0.109375
0 0.607421875 0.2353515625 0.072265625 0.087890625
0 0.2724609375 0.365234375 0.109375 0.0830078125
0 0.373046875 0.275390625 0.0400390625 0.0615234375
0 0.9912109375 0.0439453125 0.037109375 0.0439453125
0 0.734375 0.62890625 0.0712890625 0.0478515625
0 0.4541015625 0.77734375 0.05078125 0.130859375
0 0.29296875 0.58984375 0.087890625 0.0693359375
0 0.3408203125 0.998046875 0.0615234375 0.048828125
0 0.3623046875 0.0419921875 0.0400390625 0.0419921875
0 0.169921875 0.91015625 0.0517578125 0.07421875
0 0.3037109375 0.9287109375 0.0869140625 0.0771484375
0 0.66796875 0.25 0.0927734375 0.0810546875
0 0.271484375 1.0 0.1484375 0.0263671875
0 0.3447265625 0.8701171875 0.0615234375 0.044921875
0 1.0 0.9169921875 0.056640625 0.037109375
0 0.8564453125 0.064453125 0.083984375 0.0439453125
0 0.6357421875 0.0947265625 0.0986328125 0.04296875
0 0.4384765625 0.0458984375 0.03125 0.044921875
0 0.4931640625 0.37109375 0.0322265625 0.1298828125
0 0.6005859375 0.5986328125 0.0556640625 0.0361328125
0 0.8525390625 0.3740234375 0.056640625 0.044921875
0 0.529296875 0.3564453125 0.0673828125 0.11328125
0 0.630859375 0.3994140625 0.0537109375 0.060546875
0 0.1015625 1.0 0.046875 0.01953125
0 0.6728515625 0.744140625 0.046875 0.0400390625
0 0.0419921875 0.8583984375 0.0419921875 0.0361328125
0 0.130859375 0.9814453125 0.12890625 0.0390625
0 0.55859375 0.31640625 0.0634765625 0.04296875
0 0.259765625 0.5078125 0.05078125 0.0498046875
0 0.86328125 0.7275390625 0.0419921875 0.029296875
0 0.5732421875 0.361328125 0.0693359375 0.072265625
0 0.115234375 0.75 0.115234375 0.09375
