0 0.94140625 0.6240234375 0.0849609375 0.083984375
0 0.779296875 0.5166015625 0.0498046875 0.0615234375
0 0.7119140625 0.3798828125 0.0859375 0.0654296875
0 0.7509765625 0.3251953125 0.0869140625 0.080078125
0 0.8349609375 0.283203125 0.072265625 0.0859375
0 0.95703125 0.26171875 0.05859375 0.083984375
0 1.0 0.22265625 0.0615234375 0.10546875
0 0.9775390625 0.3544921875 0.076171875 0.07421875
0 0.77734375 0.1865234375 0.0869140625 0.11328125
0 1.0 0.095703125 0.0732421875 0.07421875
0 0.9560546875 0.751953125 0.10546875 0.0869140625
0 0.857421875 0.75 0.0859375 0.0693359375
0 0.91796875 0.9296875 0.0830078125 0.0986328125
0 0.8935546875 1.0 0.1025390625 0.0732421875
0 0.6865234375 1.0 0.0771484375 0.0673828125
0 0.58984375 0.9873046875 0.0693359375 0.0908203125
0 0.6416015625 0.89453125 0.0693359375 0.1005859375
0 0.703125 0.9326171875 0.0625 0.103515625
0 0.724609375 0.7705078125 0.060546875 0.0732421875
0 0.6416015625 0.681640625 0.0576171875 0.0576171875
0 0.7333984375 0.66015625 0.07421875 0.1240234375
0 0.6669921875 0.5546875 0.0771484375 0.126953125
0 0.478515625 0.6591796875 0.0771484375 0.1005859375
0 0.568359375 0.7119140625 0.05859375 0.076171875
0 0.580078125 0.8125 0.0771484375 0.0546875
0 0.6455078125 0.7373046875 0.0693359375 0.0439453125
0 0.361328125 0.7109375 0.0927734375 0.0732421875
0 0.3427734375 0.65234375 0.0869140625 0.0537109375
0 0.2470703125 0.5400390625 0.1005859375 0.134765625
0 0.2138671875 0.6005859375 0.1337890625 0.076171875
0 0.23046875 0.7646484375 0.087890625 0.0595703125
0 0.458984375 0.8486328125 0.119140625 0.076171875
0 0.3359375 0.8525390625 0.08203125 0.0498046875
0 0.2802734375 0.927734375 0.0810546875 0.064453125
0 0.095703125 0.8779296875 0.095703125 0.0712890625
0 0.123046875 0.7080078125 0.068359375 0.078125
0 0.2412109375 0.3466796875 0.078125 0.0908203125
0 0.171875 0.2373046875 0.0712890625 0.0693359375
0 0.1845703125 0.173828125 0.083984375 0.0654296875
0 0.3017578125 0.2587890625 0.072265625 0.0576171875
0 0.345703125 0.2001953125 0.0791015625 0.05859375
0 0.4384765625 0.4130859375 0.1103515625 0.0703125
0 0.5517578125 0.4375 0.08984375 0.126953125
0 0.4365234375 0.125 0.1220703125 0.0888671875
0 0.298828125 0.1005859375 0.0625 0.0654296875
0 0.54296875 0.046875 0.076171875 0.046875
0 0.6533203125 0.05859375 0.0673828125 0.05859375
0 0.62109375 0.21875 0.0810546875 0.0703125
0 0.4443359375 0.607421875 0.072265625 0.0849609375
0 0.732421875 0.8173828125 0.05859375 0.046875
0 0.8447265625 0.703125 0.068359375 0.0546875
