0 0.2666015625 0.0859375 0.0986328125 0.0859375
0 0.1005859375 0.474609375 0.078125 0.0830078125
0 0.775390625 0.7822265625 0.103515625 0.095703125
0 0.75 0.59375 0.0654296875 0.056640625
0 0.154296875 0.322265625 0.138671875 0.064453125
0 0.37109375 0.814453125 0.091796875 0.0458984375
0 1.0 0.2412109375 0.05078125 0.08984375
0 0.884765625 0.951171875 0.1123046875 0.044921875
0 0.333984375 0.7607421875 0.12890625 0.0576171875
0 0.8876953125 0.701171875 0.1318359375 0.1015625
0 0.0234375 0.5712890625 0.0234375 0.0478515625
0 0.7060546875 0.5458984375 0.1064453125 0.0478515625
0 0.5625 0.5478515625 0.0751953125 0.0439453125
0 0.541015625 0.6904296875 0.083984375 0.123046875
0 0.7578125 0.8359375 0.1259765625 0.0498046875
0 0.4091796875 0.3916015625 0.025390625 0.1103515625
0 0.1064453125 0.8916015625 0.0654296875 0.0517578125
0 0.2353515625 0.9560546875 0.125 0.056640625
0 0.361328125 0.859375 0.0908203125 0.0322265625
0 0.9638671875 0.1513671875 0.046875 0.1416015625
0 0.5146484375 0.8447265625 0.0712890625 0.0439453125
0 0.3125 0.4765625 0.07421875 0.0439453125
0 0.796875 0.2353515625 0.1044921875 0.0380859375
0 0.892578125 0.8876953125 0.0908203125 0.041015625
0 0.783203125 0.4111328125 0.05078125 0.025390625
0 0.5390625 0.1982421875 0.048828125 0.083984375
0 0.115234375 0.20703125 0.1005859375 0.02734375
0 0.12890625 0.03125 0.0947265625 0.021484375
0 0.044921875 0.1806640625 0.044921875 0.103515625
0 0.9306640625 0.5107421875 0.09765625 0.0546875
0 0.29296875 0.2138671875 0.068359375 0.01953125
0 0.681640625 0.892578125 0.06640625 0.0400390625
0 0.998046875 0.6357421875 0.0859375 0.0634765625
0 0.107421875 0.7685546875 0.107421875 0.10546875
0 0.345703125 0.5625 0.201171875 0.087890625
0 0.1103515625 0.978515625 0.1103515625 0.0400390625
0 0.5888671875 0.03515625 0.0556640625 0.0205078125
0 0.853515625 0.296875 0.13671875 0.0419921875
0 0.4404296875 0.5859375 0.056640625 0.0361328125
0 0.486328125 1.0 0.033203125 0.0322265625
0 0.0205078125 0.2236328125 0.0205078125 0.0205078125
0 0.158203125 0.59375 0.0546875 0.037109375
0 0.3056640625 0.5576171875 0.2138671875 0.0625
0 0.595703125 0.18359375 0.171875 0.087890625
0 0.7763671875 0.0419921875 0.123046875 0.033203125
0 0.8525390625 0.76953125 0.0859375 0.03515625
0 0.4248046875 0.2939453125 0.0341796875 0.05859375
0 0.5048828125 0.9384765625 0.08984375 0.0185546875
0 0.1875 1.0 0.0546875 0.017578125
0 0.376953125 0.0517578125 0.0732421875 0.046875
0 0.5751953125 0.998046875 0.056640625 0.0400390625
0 1.0 0.53125 0.046875 0.0185546875
0 0.6552734375 0.171875 0.0400390625 0.05859375
0 0.1181640625 0.62109375 0.0341796875 0.0576171875
0 0.1806640625 0.6552734375 0.0341796875 0.048828125
0 0.998046875 0.96484375 0.0439453125 0.0546875
0 0.564453125 0.041015625 0.140625 0.041015625
0 0.84375 0.07421875 0.0830078125 0.0703125
0 0.384765625 0.3369140625 0.0654296875 0.0185546875
0 0.1865234375 0.2177734375 0.0712890625 0.052734375
0 0.7724609375 0.2763671875 0.189453125 0.099609375
0 0.3349609375 0.556640625 0.087890625 0.0791015625
0 0.375 0.48828125 0.0693359375 0.02734375
0 0.6845703125 0.599609375 0.125 0.044921875
0 0.951171875 0.55078125 0.044921875 0.0439453125
0 0.9755859375 0.5146484375 0.1484375 0.05078125
0 0.5771484375 0.28515625 0.056640625 0.044921875
0 0.4169921875 0.015625 0.0546875 0.015625
0 0.7783203125 0.9228515625 0.0556640625 0.044921875
0 0.11328125 0.1796875 0.05859375 0.0458984375
