0 0.2841796875 0.21484375 0.1494140625 0.0986328125
0 0.5703125 0.3125 0.08984375 0.080078125
0 0.484375 0.9228515625 0.1201171875 0.107421875
0 0.94921875 0.1826171875 0.09765625 0.0908203125
0 0.2216796875 0.7255859375 0.1552734375 0.1865234375
0 0.373046875 0.96484375 0.1201171875 0.1103515625
0 0.515625 0.8427734375 0.1396484375 0.0966796875
0 0.5576171875 0.9755859375 0.0947265625 0.1005859375
0 0.994140625 0.51171875 0.1123046875 0.2041015625
0 0.0947265625 0.2578125 0.0947265625 0.232421875
0 0.2412109375 0.46484375 0.2314453125 0.103515625
0 0.0625 0.2900390625 0.0625 0.0859375
0 0.4638671875 1.0 0.119140625 0.02734375
0 0.2314453125 0.607421875 0.15234375 0.169921875
0 0.69921875 1.0 0.1240234375 0.0830078125
0 0.3564453125 1.0 0.0986328125 0.056640625
0 0.958984375 0.5849609375 0.1865234375 0.111328125
0 0.8251953125 0.8857421875 0.1376953125 0.18359375
0 0.5595703125 0.255859375 0.119140625 0.1337890625
0 0.927734375 0.3974609375 0.16796875 0.146484375
0 0.5361328125 0.7216796875 0.10546875 0.1533203125
0 0.24609375 0.138671875 0.189453125 0.0791015625
0 1.0 0.4365234375 0.0341796875 0.1806640625
0 0.6923828125 0.7314453125 0.1298828125 0.1826171875
0 0.27734375 1.0 0.10546875 0.0263671875
0 0.2265625 1.0 0.19921875 0.0673828125
0 0.2861328125 0.3251953125 0.19921875 0.142578125
0 0.314453125 0.330078125 0.212890625 0.0859375
0 0.3193359375 0.4013671875 0.1689453125 0.103515625
