0 0.1181640625 1.0 0.06640625 0.0673828125
0 0.0615234375 0.990234375 0.0615234375 0.0830078125
0 0.0546875 0.169921875 0.0546875 0.08203125
0 0.1279296875 0.3154296875 0.072265625 0.078125
0 0.1875 0.1337890625 0.08984375 0.1005859375
0 0.1494140625 0.046875 0.0673828125 0.046875
0 0.435546875 0.072265625 0.048828125 0.0615234375
0 0.2861328125 0.1484375 0.0537109375 0.060546875
0 0.52734375 0.076171875 0.060546875 0.0517578125
0 0.619140625 0.087890625 0.125 0.087890625
0 0.5751953125 0.146484375 0.0966796875 0.0712890625
0 0.7490234375 0.2705078125 0.08203125 0.0810546875
0 0.7470703125 0.087890625 0.0595703125 0.06640625
0 0.833984375 0.0771484375 0.060546875 0.064453125
0 0.984375 0.03125 0.0693359375 0.03125
0 0.97265625 0.083984375 0.0537109375 0.052734375
0 0.9169921875 0.1513671875 0.056640625 0.0478515625
0 0.9658203125 0.876953125 0.0849609375 0.0830078125
0 0.9072265625 1.0 0.0654296875 0.0576171875
0 0.3564453125 1.0 0.0791015625 0.0712890625
0 0.5166015625 0.9609375 0.0595703125 0.0634765625
0 0.443359375 0.8759765625 0.111328125 0.109375
0 0.4892578125 0.8818359375 0.0478515625 0.0546875
0 0.2412109375 0.8466796875 0.0615234375 0.0556640625
0 0.2529296875 0.7744140625 0.0712890625 0.0859375
0 0.3779296875 0.763671875 0.0654296875 0.080078125
0 0.3671875 0.7373046875 0.0986328125 0.1103515625
0 0.3046875 0.6376953125 0.0859375 0.07421875
0 0.3525390625 0.599609375 0.0849609375 0.0859375
0 0.4189453125 0.5234375 0.068359375 0.0556640625
0 0.484375 0.609375 0.0546875 0.0546875
0 0.5400390625 0.6787109375 0.0908203125 0.0908203125
0 0.6533203125 0.6484375 0.0654296875 0.0986328125
0 0.76953125 0.619140625 0.0478515625 0.0712890625
0 0.8271484375 0.7109375 0.0830078125 0.1328125
0 0.7451171875 0.5205078125 0.0927734375 0.0703125
0 0.560546875 0.5068359375 0.083984375 0.056640625
0 0.6259765625 0.5029296875 0.0712890625 0.0810546875
0 0.7724609375 0.431640625 0.08203125 0.0615234375
0 0.8525390625 0.4404296875 0.0478515625 0.060546875
0 0.9384765625 0.5126953125 0.0595703125 0.0712890625
0 1.0 0.462890625 0.0751953125 0.056640625
0 1.0 0.4228515625 0.0341796875 0.0712890625
0 0.5224609375 0.4345703125 0.0869140625 0.08203125
0 0.4560546875 0.4296875 0.0615234375 0.056640625
0 0.36328125 0.4482421875 0.0751953125 0.0732421875
0 0.291015625 0.439453125 0.091796875 0.0712890625
0 0.23828125 0.494140625 0.0654296875 0.0673828125
0 0.109375 0.4931640625 0.0751953125 0.072265625
0 0.705078125 0.6171875 0.0537109375 0.0693359375
0 0.037109375 1.0 0.037109375 0.01953125
0 0.625 1.0 0.056640625 0.01953125
0 0.97265625 1.0 0.072265625 0.0146484375
0 0.548828125 0.8427734375 0.07421875 0.05859375
0 1.0 0.5185546875 0.0302734375 0.064453125
0 0.7001953125 0.4599609375 0.0986328125 0.087890625
0 0.193359375 0.0517578125 0.0654296875 0.0517578125
0 0.58203125 0.0341796875 0.056640625 0.0341796875
