0 1.0 0.75390625 0.0537109375 0.09765625
0 0.556640625 0.0908203125 0.044921875 0.08984375
0 0.091796875 0.3125 0.0537109375 0.0986328125
0 0.1474609375 0.6005859375 0.06640625 0.1064453125
0 0.2197265625 0.92578125 0.0712890625 0.087890625
0 0.3740234375 0.396484375 0.0546875 0.0888671875
0 0.9833984375 0.3330078125 0.0478515625 0.0791015625
0 0.3916015625 0.2958984375 0.06640625 0.0908203125
0 1.0 0.111328125 0.068359375 0.076171875
0 0.203125 0.22265625 0.0498046875 0.1376953125
0 0.1650390625 0.17578125 0.0791015625 0.109375
0 0.1474609375 0.5087890625 0.0888671875 0.1455078125
0 0.736328125 0.3662109375 0.056640625 0.0908203125
0 0.5634765625 0.30078125 0.0703125 0.09375
0 0.8671875 0.85546875 0.0732421875 0.06640625
0 0.98046875 0.6083984375 0.03515625 0.10546875
0 0.3232421875 0.06640625 0.0947265625 0.0419921875
0 0.5703125 0.708984375 0.0478515625 0.0732421875
0 0.1181640625 0.251953125 0.05859375 0.083984375
0 0.5859375 0.6181640625 0.05078125 0.06640625
0 0.79296875 0.63671875 0.033203125 0.0830078125
0 0.6572265625 0.314453125 0.0673828125 0.0693359375
0 0.9912109375 0.89453125 0.0361328125 0.119140625
0 0.908203125 0.5634765625 0.04296875 0.0830078125
0 0.11328125 0.69140625 0.0595703125 0.06640625
0 0.919921875 0.0986328125 0.0322265625 0.08984375
0 0.439453125 0.09375 0.0576171875 0.0634765625
0 0.990234375 0.931640625 0.0791015625 0.0693359375
0 0.3544921875 0.427734375 0.0732421875 0.0625
0 0.7919921875 0.078125 0.0283203125 0.0615234375
0 0.615234375 0.44921875 0.05859375 0.0458984375
0 0.5791015625 1.0 0.0498046875 0.060546875
0 0.830078125 0.40625 0.064453125 0.068359375
0 0.6474609375 0.796875 0.0556640625 0.0498046875
0 0.1064453125 1.0 0.0654296875 0.0341796875
0 0.724609375 0.8125 0.0419921875 0.0703125
0 0.650390625 0.1826171875 0.046875 0.07421875
0 0.783203125 0.998046875 0.025390625 0.0771484375
0 0.1728515625 0.84375 0.06640625 0.060546875
0 0.2646484375 0.3076171875 0.0595703125 0.05078125
0 0.61328125 0.251953125 0.0869140625 0.068359375
0 0.5498046875 0.8515625 0.0625 0.0556640625
0 0.060546875 0.0478515625 0.044921875 0.046875
0 0.2275390625 0.3046875 0.0654296875 0.072265625
0 0.490234375 0.9423828125 0.041015625 0.0966796875
0 0.2275390625 0.7783203125 0.04296875 0.0478515625
0 1.0 0.98046875 0.02734375 0.052734375
0 0.533203125 1.0 0.0400390625 0.02734375
0 0.662109375 1.0 0.068359375 0.03125
0 0.8203125 0.548828125 0.0693359375 0.095703125
0 0.658203125 0.7314453125 0.041015625 0.078125
0 0.599609375 0.8583984375 0.0576171875 0.0244140625
0 0.5400390625 0.978515625 0.0517578125 0.0556640625
0 1.0 0.6728515625 0.03125 0.0625
0 0.8359375 0.556640625 0.0654296875 0.0546875
0 0.310546875 0.7119140625 0.0693359375 0.044921875
0 0.2890625 0.65625 0.0380859375 0.0390625
0 0.2607421875 0.673828125 0.0703125 0.072265625
0 0.326171875 0.650390625 0.1103515625 0.1044921875
0 0.333984375 0.6015625 0.0859375 0.1162109375
0 0.357421875 0.544921875 0.037109375 0.05859375
