0 0.037109375 0.9404296875 0.037109375 0.140625
0 0.181640625 0.94921875 0.1171875 0.056640625
0 0.123046875 0.6298828125 0.072265625 0.1162109375
0 0.169921875 0.1494140625 0.130859375 0.1162109375
0 0.2119140625 0.232421875 0.138671875 0.087890625
0 0.32421875 0.2373046875 0.1376953125 0.05859375
0 0.23828125 0.087890625 0.0751953125 0.087890625
0 0.255859375 0.0390625 0.048828125 0.0390625
0 0.5986328125 0.0791015625 0.0927734375 0.0673828125
0 0.50390625 0.12109375 0.1201171875 0.109375
0 0.4404296875 0.27734375 0.0537109375 0.0703125
0 0.5361328125 0.337890625 0.095703125 0.0654296875
0 0.8720703125 0.2392578125 0.1162109375 0.0966796875
0 0.779296875 0.140625 0.07421875 0.0615234375
0 0.9970703125 0.072265625 0.0791015625 0.072265625
0 0.6015625 0.4560546875 0.076171875 0.078125
0 0.72265625 0.5068359375 0.091796875 0.1494140625
0 0.7890625 0.4482421875 0.05859375 0.0771484375
0 0.978515625 0.33984375 0.0771484375 0.091796875
0 0.9775390625 0.6259765625 0.099609375 0.0712890625
0 0.1708984375 0.5068359375 0.1015625 0.0791015625
0 0.2294921875 0.39453125 0.1171875 0.0673828125
0 0.3251953125 0.5556640625 0.0751953125 0.0859375
0 0.32421875 0.6494140625 0.05859375 0.099609375
0 0.2470703125 0.7841796875 0.0693359375 0.158203125
0 0.318359375 0.783203125 0.1044921875 0.166015625
0 0.41796875 0.7373046875 0.0791015625 0.1142578125
0 0.533203125 0.693359375 0.0810546875 0.109375
0 0.5078125 0.5498046875 0.1025390625 0.1455078125
0 0.6259765625 0.6240234375 0.0546875 0.109375
0 0.71484375 0.6044921875 0.072265625 0.107421875
0 0.8056640625 0.744140625 0.1650390625 0.1142578125
0 0.9228515625 0.9638671875 0.0771484375 0.275390625
0 0.833984375 0.9677734375 0.0908203125 0.2392578125
0 0.4990234375 0.9345703125 0.0517578125 0.0556640625
0 0.37109375 0.9775390625 0.0732421875 0.087890625
0 0.083984375 0.8828125 0.078125 0.0576171875
0 0.5341796875 0.5478515625 0.1064453125 0.0693359375
0 0.4970703125 0.7119140625 0.07421875 0.064453125
0 0.611328125 0.7724609375 0.1494140625 0.2021484375
0 0.2919921875 0.966796875 0.095703125 0.189453125
