0 0.8759765625 0.533203125 0.0634765625 0.087890625
0 0.62890625 0.6474609375 0.1025390625 0.0595703125
0 0.9541015625 0.1923828125 0.0615234375 0.091796875
0 0.083984375 0.390625 0.0830078125 0.126953125
0 0.4970703125 0.5791015625 0.0732421875 0.083984375
0 0.6044921875 0.501953125 0.0732421875 0.06640625
0 0.9326171875 0.841796875 0.0908203125 0.0693359375
0 0.560546875 0.2578125 0.048828125 0.109375
0 0.3125 0.9638671875 0.0859375 0.083984375
0 0.8408203125 0.83984375 0.0732421875 0.076171875
0 0.3779296875 0.2900390625 0.08203125 0.1103515625
0 0.267578125 0.0849609375 0.083984375 0.083984375
0 0.8994140625 0.1591796875 0.0595703125 0.0927734375
0 0.859375 0.78515625 0.07421875 0.0791015625
0 0.482421875 0.427734375 0.083984375 0.08203125
0 0.40234375 0.529296875 0.1015625 0.08203125
0 0.701171875 0.7958984375 0.072265625 0.1123046875
0 0.5380859375 0.705078125 0.0888671875 0.0908203125
0 0.2314453125 0.5849609375 0.1015625 0.1015625
0 0.451171875 0.1533203125 0.091796875 0.0859375
0 0.30859375 0.373046875 0.11328125 0.1044921875
0 0.8115234375 0.998046875 0.05859375 0.0595703125
0 0.806640625 0.35546875 0.0791015625 0.09765625
0 0.705078125 0.8193359375 0.068359375 0.05078125
0 1.0 0.759765625 0.0673828125 0.052734375
0 0.140625 0.4677734375 0.0927734375 0.0712890625
0 0.337890625 0.568359375 0.1005859375 0.08203125
0 0.3056640625 0.8818359375 0.0869140625 0.083984375
0 0.08203125 0.236328125 0.08203125 0.07421875
0 0.1328125 0.7861328125 0.0810546875 0.076171875
0 0.19140625 0.3623046875 0.087890625 0.1083984375
0 0.42578125 0.08203125 0.0693359375 0.08203125
0 0.0810546875 0.1806640625 0.0810546875 0.0986328125
0 0.837890625 0.5263671875 0.0703125 0.064453125
0 0.296875 0.29296875 0.0810546875 0.0859375
0 0.7060546875 0.671875 0.0576171875 0.080078125
0 0.7802734375 0.6240234375 0.0673828125 0.0419921875
0 0.607421875 0.7724609375 0.0625 0.0595703125
0 0.994140625 0.0849609375 0.0498046875 0.080078125
0 0.0810546875 0.86328125 0.080078125 0.0595703125
0 0.244140625 0.703125 0.0751953125 0.05078125
0 0.333984375 0.509765625 0.0810546875 0.0693359375
0 0.29296875 0.8193359375 0.0615234375 0.0888671875
0 0.826171875 0.1513671875 0.142578125 0.068359375
0 0.2353515625 0.5 0.0908203125 0.0751953125
0 0.060546875 0.62890625 0.060546875 0.0625
0 0.8876953125 1.0 0.0390625 0.0341796875
0 0.7939453125 0.0419921875 0.0380859375 0.0419921875
0 0.2763671875 0.998046875 0.08203125 0.0439453125
0 0.1845703125 0.365234375 0.0751953125 0.0859375
0 0.28125 0.4169921875 0.080078125 0.1025390625
0 0.6220703125 0.94140625 0.0302734375 0.0927734375
0 0.3955078125 0.3583984375 0.07421875 0.0986328125
0 0.123046875 0.998046875 0.0859375 0.0361328125
0 0.19921875 0.234375 0.0673828125 0.0712890625
0 1.0 0.064453125 0.0498046875 0.064453125
0 0.0537109375 0.7314453125 0.0537109375 0.0615234375
0 0.3154296875 0.0595703125 0.046875 0.05859375
0 0.5224609375 0.39453125 0.134765625 0.1025390625
0 0.69921875 0.625 0.05859375 0.056640625
0 0.2724609375 0.4404296875 0.0849609375 0.0595703125
0 0.9052734375 0.251953125 0.048828125 0.04296875
0 0.3017578125 0.05859375 0.048828125 0.05859375
0 0.7314453125 1.0 0.0390625 0.025390625
0 0.1884765625 0.197265625 0.083984375 0.0927734375
0 0.5693359375 0.3759765625 0.1005859375 0.1416015625
0 0.712890625 0.0859375 0.0908203125 0.0849609375
0 0.203125 0.4072265625 0.0771484375 0.0654296875
0 0.4560546875 0.35546875 0.072265625 0.0888671875
