0 0.587890625 0.48828125 0.130859375 0.1162109375
0 0.484375 0.294921875 0.099609375 0.123046875
0 0.4853515625 0.0556640625 0.15625 0.0556640625
0 0.697265625 0.2041015625 0.0849609375 0.0869140625
0 1.0 0.58984375 0.087890625 0.1298828125
0 1.0 0.9169921875 0.09765625 0.1376953125
0 0.39453125 0.2421875 0.1474609375 0.115234375
0 0.4736328125 0.8623046875 0.12890625 0.205078125
0 0.634765625 0.154296875 0.0849609375 0.0869140625
0 0.9912109375 0.3271484375 0.0947265625 0.1396484375
0 0.39453125 0.75 0.15234375 0.1279296875
0 0.4169921875 1.0 0.146484375 0.1123046875
0 0.7216796875 0.1171875 0.1025390625 0.0673828125
0 0.4970703125 0.998046875 0.0869140625 0.0537109375
