0 0.93359375 0.1484375 0.1123046875 0.09765625
0 0.458984375 0.1640625 0.0712890625 0.1533203125
0 0.5947265625 0.1865234375 0.0771484375 0.1142578125
0 0.5107421875 0.328125 0.0693359375 0.095703125
0 0.7216796875 0.4453125 0.0947265625 0.146484375
0 0.7998046875 0.5068359375 0.0654296875 0.076171875
0 0.8798828125 0.5029296875 0.078125 0.080078125
0 0.9052734375 0.408203125 0.0810546875 0.1611328125
0 0.740234375 0.0869140625 0.0654296875 0.0869140625
0 0.791015625 0.1171875 0.0576171875 0.083984375
0 0.671875 0.2587890625 0.06640625 0.076171875
0 0.6171875 0.294921875 0.06640625 0.099609375
0 0.3037109375 0.1162109375 0.0927734375 0.1162109375
0 0.0576171875 0.140625 0.0498046875 0.123046875
0 0.1240234375 0.189453125 0.0615234375 0.109375
0 0.251953125 0.2890625 0.091796875 0.146484375
0 0.525390625 0.47265625 0.0732421875 0.08203125
0 0.2001953125 0.6337890625 0.109375 0.0654296875
0 0.11328125 0.6240234375 0.0947265625 0.0849609375
0 0.0712890625 0.3837890625 0.0712890625 0.087890625
0 0.49609375 0.6845703125 0.0771484375 0.1181640625
0 0.6201171875 0.6337890625 0.1083984375 0.111328125
0 0.70703125 0.728515625 0.05859375 0.046875
0 0.71875 0.8095703125 0.072265625 0.0654296875
0 0.6064453125 0.8212890625 0.169921875 0.076171875
0 0.3291015625 0.7939453125 0.138671875 0.0673828125
0 0.087890625 0.77734375 0.076171875 0.0849609375
0 0.8271484375 0.6162109375 0.0751953125 0.0830078125
0 0.923828125 0.611328125 0.0634765625 0.0673828125
0 0.8779296875 0.9130859375 0.0859375 0.0673828125
0 0.7666015625 0.896484375 0.0400390625 0.107421875
0 0.060546875 0.5458984375 0.060546875 0.0693359375
0 0.951171875 0.9990234375 0.0615234375 0.0537109375
0 0.57421875 0.900390625 0.0634765625 0.0537109375
0 0.5400390625 0.5400390625 0.0458984375 0.052734375
0 0.4541015625 0.6171875 0.0556640625 0.0458984375
