0 0.11328125 0.6708984375 0.11328125 0.125
0 0.982421875 1.0 0.130859375 0.05859375
0 0.66796875 0.462890625 0.09375 0.080078125
0 0.75 0.5869140625 0.1064453125 0.109375
0 1.0 0.2255859375 0.033203125 0.064453125
0 0.6787109375 0.373046875 0.1005859375 0.09765625
0 0.552734375 0.181640625 0.0947265625 0.0625
0 0.7021484375 0.189453125 0.103515625 0.0947265625
0 0.7353515625 0.1396484375 0.1142578125 0.1201171875
0 1.0 0.9619140625 0.06640625 0.1171875
0 0.921875 0.87109375 0.0830078125 0.064453125
0 0.603515625 0.955078125 0.1923828125 0.0966796875
0 1.0 0.396484375 0.0625 0.1572265625
0 0.52734375 0.240234375 0.1298828125 0.1005859375
0 0.6796875 0.12109375 0.06640625 0.0859375
0 0.7548828125 0.27734375 0.09765625 0.09375
0 0.900390625 0.7841796875 0.111328125 0.1240234375
0 0.6337890625 0.15234375 0.0966796875 0.0615234375
0 0.642578125 0.0341796875 0.1103515625 0.0341796875
0 0.056640625 0.6748046875 0.056640625 0.080078125
0 0.689453125 0.4853515625 0.1884765625 0.087890625
0 0.66796875 0.537109375 0.0810546875 0.1591796875
0 0.826171875 0.767578125 0.1064453125 0.087890625
0 0.80078125 0.7177734375 0.0732421875 0.080078125
0 0.9462890625 0.9326171875 0.1435546875 0.1015625
0 0.763671875 0.9990234375 0.083984375 0.080078125
0 0.8046875 0.9599609375 0.0927734375 0.0859375
0 0.822265625 0.908203125 0.091796875 0.0576171875
0 0.05078125 0.333984375 0.05078125 0.0732421875
0 0.1416015625 0.9970703125 0.099609375 0.10546875
0 0.0380859375 0.9892578125 0.0380859375 0.076171875
