0 0.9560546875 0.5751953125 0.087890625 0.16015625
0 0.390625 0.1923828125 0.1025390625 0.134765625
0 0.71875 0.5830078125 0.1640625 0.111328125
0 0.7255859375 0.4716796875 0.158203125 0.125
0 0.537109375 0.572265625 0.1455078125 0.1005859375
0 0.814453125 0.5927734375 0.09765625 0.095703125
0 0.8291015625 0.490234375 0.0849609375 0.09375
0 0.3671875 0.931640625 0.072265625 0.07421875
0 0.4853515625 0.30078125 0.1162109375 0.11328125
0 0.2490234375 0.9111328125 0.0947265625 0.1376953125
0 0.9150390625 0.966796875 0.060546875 0.099609375
0 0.7841796875 0.1689453125 0.076171875 0.08203125
0 0.44921875 0.1533203125 0.0673828125 0.0908203125
0 0.2822265625 0.2626953125 0.0849609375 0.1005859375
0 0.126953125 0.20703125 0.099609375 0.0966796875
0 0.39453125 0.716796875 0.08203125 0.0947265625
0 0.990234375 0.7880859375 0.080078125 0.1201171875
0 0.318359375 0.3076171875 0.080078125 0.080078125
0 0.6220703125 0.04296875 0.0986328125 0.04296875
0 0.3154296875 0.4677734375 0.0810546875 0.0830078125
0 0.2529296875 0.1943359375 0.0869140625 0.072265625
0 0.3466796875 1.0 0.08984375 0.0654296875
0 0.8798828125 0.2392578125 0.1103515625 0.1044921875
0 0.126953125 0.849609375 0.125 0.125
0 0.8173828125 1.0 0.080078125 0.0625
0 0.333984375 0.6123046875 0.091796875 0.185546875
0 0.072265625 0.1220703125 0.0703125 0.0830078125
0 0.099609375 0.6318359375 0.09765625 0.08203125
0 0.3935546875 0.494140625 0.091796875 0.1171875
0 0.181640625 0.9345703125 0.087890625 0.1123046875
