0 0.4560546875 0.08984375 0.048828125 0.064453125
0 0.5146484375 0.119140625 0.0654296875 0.1015625
0 0.3564453125 0.228515625 0.1376953125 0.1083984375
0 0.251953125 0.29296875 0.0849609375 0.0869140625
0 0.48046875 0.29296875 0.0859375 0.07421875
0 0.4140625 0.4072265625 0.0595703125 0.109375
0 0.4794921875 0.3916015625 0.0595703125 0.0498046875
0 0.474609375 0.4345703125 0.07421875 0.05859375
0 0.3564453125 0.4248046875 0.0732421875 0.068359375
0 0.4033203125 0.47265625 0.0576171875 0.0673828125
0 0.4072265625 0.5234375 0.0751953125 0.06640625
0 0.53125 0.5693359375 0.0537109375 0.064453125
0 0.2685546875 0.6806640625 0.158203125 0.0732421875
0 0.2666015625 0.7529296875 0.0927734375 0.1025390625
0 0.3818359375 0.7373046875 0.1357421875 0.0517578125
0 0.37109375 0.8212890625 0.126953125 0.0986328125
0 0.4716796875 0.7119140625 0.1806640625 0.0869140625
0 0.509765625 0.8173828125 0.109375 0.087890625
0 0.2314453125 0.91015625 0.095703125 0.0771484375
0 0.599609375 0.7880859375 0.080078125 0.0830078125
0 0.701171875 0.8046875 0.0869140625 0.0595703125
0 0.6865234375 0.8828125 0.0732421875 0.083984375
0 0.693359375 0.6787109375 0.1103515625 0.0810546875
0 0.771484375 0.6181640625 0.048828125 0.0537109375
0 0.8115234375 0.638671875 0.048828125 0.0537109375
0 0.5693359375 1.0 0.0888671875 0.052734375
0 0.89453125 1.0 0.1474609375 0.0830078125
0 0.9560546875 0.671875 0.05078125 0.08984375
0 0.927734375 0.5322265625 0.076171875 0.15234375
0 0.86328125 0.4248046875 0.0654296875 0.0830078125
0 0.9248046875 0.107421875 0.0712890625 0.0595703125
0 0.748046875 0.072265625 0.1083984375 0.064453125
0 0.55859375 0.2431640625 0.0615234375 0.0732421875
0 0.6201171875 0.203125 0.068359375 0.0673828125
0 0.4365234375 0.8408203125 0.0869140625 0.103515625
0 1.0 0.5966796875 0.0244140625 0.0546875
