0 0.2412109375 0.1044921875 0.111328125 0.1044921875
0 0.49609375 0.041015625 0.09765625 0.041015625
0 0.9794921875 0.0478515625 0.0830078125 0.0478515625
0 0.994140625 0.2421875 0.095703125 0.150390625
0 0.84375 0.2568359375 0.119140625 0.2001953125
0 0.6015625 0.125 0.1220703125 0.125
0 0.498046875 0.18359375 0.0771484375 0.091796875
0 0.369140625 0.2294921875 0.1494140625 0.1064453125
0 1.0 0.748046875 0.0625 0.1064453125
0 1.0 0.6044921875 0.099609375 0.1171875
0 0.908203125 0.8232421875 0.0625 0.087890625
0 0.48828125 0.6982421875 0.087890625 0.189453125
0 0.4482421875 0.787109375 0.0771484375 0.1142578125
0 0.361328125 0.6875 0.134765625 0.11328125
0 0.2001953125 0.6669921875 0.1103515625 0.095703125
0 0.2392578125 0.4736328125 0.1162109375 0.083984375
0 0.1435546875 0.4931640625 0.1435546875 0.1201171875
0 0.6875 0.8837890625 0.099609375 0.177734375
0 0.564453125 0.96875 0.1416015625 0.21484375
0 0.3662109375 0.849609375 0.0869140625 0.109375
0 0.12890625 0.1689453125 0.05859375 0.076171875
0 0.3759765625 0.1806640625 0.1591796875 0.0771484375
0 0.09375 0.583984375 0.060546875 0.0830078125
0 0.748046875 0.84375 0.1044921875 0.13671875
