0 0.0810546875 0.8720703125 0.0673828125 0.0810546875
0 0.3291015625 0.9697265625 0.0849609375 0.0654296875
0 0.6025390625 0.9638671875 0.1396484375 0.08203125
0 0.458984375 1.0 0.0810546875 0.048828125
0 0.6806640625 0.904296875 0.0849609375 0.080078125
0 0.7392578125 0.974609375 0.07421875 0.083984375
0 0.9873046875 0.890625 0.1181640625 0.0849609375
0 1.0 0.9765625 0.0654296875 0.0537109375
0 0.8203125 0.8037109375 0.087890625 0.0703125
0 0.7763671875 0.7119140625 0.068359375 0.0634765625
0 0.8642578125 0.6591796875 0.064453125 0.0712890625
0 0.9736328125 0.6025390625 0.1337890625 0.07421875
0 1.0 0.5703125 0.107421875 0.0830078125
0 0.9453125 0.73046875 0.0849609375 0.056640625
0 1.0 0.7978515625 0.0810546875 0.0654296875
0 0.21875 0.8642578125 0.06640625 0.080078125
0 0.185546875 0.779296875 0.0849609375 0.0947265625
0 0.3857421875 0.779296875 0.1083984375 0.060546875
0 0.0732421875 0.4765625 0.0712890625 0.05078125
0 0.2470703125 0.43359375 0.0693359375 0.0693359375
0 0.3173828125 0.4150390625 0.0869140625 0.087890625
0 0.3359375 0.353515625 0.0810546875 0.0693359375
0 0.42578125 0.375 0.0576171875 0.0517578125
0 0.5771484375 0.3779296875 0.078125 0.068359375
0 0.478515625 0.2646484375 0.0703125 0.0693359375
0 0.1787109375 0.1298828125 0.087890625 0.10546875
0 0.28125 0.25390625 0.0625 0.1064453125
0 0.5625 0.59765625 0.107421875 0.0869140625
0 0.580078125 0.7197265625 0.109375 0.078125
0 0.6513671875 0.7880859375 0.09375 0.0654296875
0 0.7880859375 0.5107421875 0.09765625 0.0654296875
0 0.587890625 0.4970703125 0.083984375 0.0498046875
0 0.7744140625 0.3310546875 0.0732421875 0.0751953125
0 0.8857421875 0.3017578125 0.0791015625 0.0947265625
0 1.0 0.4140625 0.0556640625 0.0966796875
0 0.1611328125 0.2958984375 0.08984375 0.05859375
0 0.06640625 0.306640625 0.06640625 0.052734375
0 0.12109375 0.2041015625 0.0888671875 0.0703125
0 0.287109375 0.0439453125 0.0751953125 0.0439453125
0 0.0888671875 0.5048828125 0.0849609375 0.0439453125
0 0.7578125 0.041015625 0.0966796875 0.041015625
0 0.9306640625 0.0498046875 0.0888671875 0.0498046875
0 0.953125 0.12109375 0.0849609375 0.087890625
0 0.6025390625 0.228515625 0.0712890625 0.0576171875
0 0.671875 0.2880859375 0.0693359375 0.0693359375
0 0.3935546875 0.2470703125 0.0908203125 0.0869140625
0 0.455078125 0.17578125 0.0986328125 0.060546875
0 0.185546875 0.9013671875 0.056640625 0.0537109375
0 0.6337890625 0.7158203125 0.064453125 0.103515625
0 0.8828125 0.755859375 0.07421875 0.0615234375
0 0.908203125 0.3857421875 0.1025390625 0.044921875
0 0.91015625 0.888671875 0.0654296875 0.052734375
0 0.6396484375 0.0703125 0.046875 0.0478515625
0 0.5380859375 0.2265625 0.1005859375 0.072265625
0 0.7509765625 0.8984375 0.0859375 0.0625
0 0.22265625 0.3388671875 0.068359375 0.0546875
0 0.369140625 0.376953125 0.056640625 0.0556640625
