0 0.7978515625 0.5595703125 0.0654296875 0.0791015625
0 0.8017578125 0.4765625 0.056640625 0.0810546875
0 0.990234375 0.4873046875 0.0703125 0.078125
0 0.6025390625 0.2421875 0.0869140625 0.10546875
0 0.697265625 0.2353515625 0.0654296875 0.1015625
0 0.14453125 0.5419921875 0.0595703125 0.076171875
0 0.271484375 0.7919921875 0.0732421875 0.0654296875
0 0.994140625 0.8291015625 0.0625 0.0732421875
0 0.6318359375 0.91015625 0.0478515625 0.083984375
0 0.431640625 0.2158203125 0.0654296875 0.076171875
0 0.767578125 0.0791015625 0.0751953125 0.078125
0 0.1298828125 0.56640625 0.0654296875 0.0517578125
0 0.515625 0.482421875 0.0771484375 0.080078125
0 0.22265625 0.1728515625 0.09375 0.0986328125
0 0.287109375 0.5302734375 0.107421875 0.0546875
0 0.705078125 0.8076171875 0.09375 0.072265625
0 0.4677734375 0.3662109375 0.0615234375 0.0849609375
0 0.9423828125 0.12890625 0.0654296875 0.0556640625
0 0.73828125 0.515625 0.083984375 0.0771484375
0 0.6484375 0.0556640625 0.0751953125 0.0478515625
0 0.3408203125 0.9140625 0.0615234375 0.0546875
0 0.537109375 0.6279296875 0.09375 0.046875
0 0.712890625 0.28515625 0.068359375 0.052734375
0 0.6875 0.515625 0.0615234375 0.0810546875
0 0.20703125 0.8603515625 0.0810546875 0.0517578125
0 0.8662109375 0.951171875 0.0869140625 0.041015625
0 0.1865234375 0.0478515625 0.072265625 0.046875
0 0.560546875 0.9462890625 0.0673828125 0.0556640625
0 0.7607421875 0.2861328125 0.0283203125 0.080078125
0 0.5888671875 0.373046875 0.0546875 0.06640625
0 0.1904296875 0.9423828125 0.09765625 0.0830078125
0 0.294921875 0.974609375 0.1142578125 0.056640625
0 0.52734375 0.3984375 0.0625 0.05859375
0 0.7568359375 0.865234375 0.0615234375 0.0439453125
0 0.8037109375 0.0419921875 0.06640625 0.0419921875
0 0.318359375 0.45703125 0.056640625 0.0439453125
0 0.24609375 0.279296875 0.083984375 0.046875
0 0.5234375 0.1279296875 0.0546875 0.05078125
0 0.91796875 0.13671875 0.0595703125 0.06640625
0 0.541015625 0.9990234375 0.0693359375 0.0302734375
0 0.4462890625 1.0 0.0517578125 0.03125
0 0.7255859375 0.6650390625 0.078125 0.048828125
0 0.3271484375 0.34375 0.087890625 0.1005859375
0 0.345703125 0.1708984375 0.1142578125 0.04296875
0 0.390625 0.568359375 0.1328125 0.0478515625
0 0.453125 0.3701171875 0.072265625 0.037109375
0 0.4580078125 0.037109375 0.052734375 0.0361328125
0 0.5302734375 0.6640625 0.087890625 0.0615234375
0 0.0517578125 0.548828125 0.0517578125 0.046875
0 0.693359375 1.0 0.076171875 0.0302734375
0 0.0498046875 0.5859375 0.0498046875 0.048828125
0 0.4501953125 0.830078125 0.1083984375 0.0908203125
0 1.0 0.74609375 0.080078125 0.076171875
0 0.3515625 0.7451171875 0.0556640625 0.046875
0 0.318359375 0.2939453125 0.0693359375 0.0546875
0 0.4609375 0.8330078125 0.0546875 0.064453125
0 0.3818359375 0.345703125 0.048828125 0.05859375
0 0.3369140625 0.40234375 0.0478515625 0.03515625
0 0.1142578125 0.6650390625 0.048828125 0.0517578125
0 0.2421875 0.7021484375 0.0693359375 0.037109375
0 0.1806640625 0.7138671875 0.078125 0.0654296875
0 0.5439453125 0.783203125 0.0419921875 0.0224609375
0 0.0439453125 0.12109375 0.0439453125 0.0361328125
0 0.03125 0.9208984375 0.03125 0.0556640625
0 0.248046875 0.90625 0.0849609375 0.0380859375
