0 0.1962890625 0.201171875 0.072265625 0.1005859375
0 0.15234375 0.3017578125 0.0771484375 0.1123046875
0 0.23828125 0.310546875 0.0869140625 0.0634765625
0 0.2705078125 0.2353515625 0.06640625 0.0732421875
0 0.3203125 0.220703125 0.05078125 0.0595703125
0 0.505859375 0.0849609375 0.1162109375 0.078125
0 0.4990234375 0.31640625 0.0537109375 0.0625
0 0.27734375 0.3798828125 0.09375 0.0625
0 0.1943359375 0.38671875 0.0615234375 0.0703125
0 0.1962890625 0.4521484375 0.091796875 0.0517578125
0 0.068359375 0.33984375 0.056640625 0.06640625
0 0.0947265625 0.564453125 0.0615234375 0.0693359375
0 0.279296875 0.5703125 0.072265625 0.0771484375
0 0.42578125 0.5205078125 0.0595703125 0.0595703125
0 0.494140625 0.404296875 0.0869140625 0.0791015625
0 0.5859375 0.3056640625 0.05078125 0.0732421875
0 0.6376953125 0.330078125 0.06640625 0.07421875
0 0.625 0.408203125 0.0947265625 0.083984375
0 0.3876953125 0.134765625 0.06640625 0.072265625
0 0.7353515625 0.1748046875 0.060546875 0.0888671875
0 0.7294921875 0.341796875 0.064453125 0.0751953125
0 0.76953125 0.373046875 0.0732421875 0.0625
0 0.7138671875 0.4501953125 0.087890625 0.0712890625
0 0.5859375 0.494140625 0.1015625 0.060546875
0 0.6494140625 0.5234375 0.0693359375 0.0673828125
0 0.7060546875 0.55859375 0.0517578125 0.0966796875
0 0.564453125 0.580078125 0.0625 0.08203125
0 0.29296875 0.734375 0.0927734375 0.0859375
0 0.2666015625 0.7861328125 0.10546875 0.072265625
0 0.21484375 0.845703125 0.0888671875 0.0712890625
0 0.1103515625 0.85546875 0.0703125 0.0625
0 0.337890625 0.8955078125 0.0712890625 0.0751953125
0 0.521484375 0.89453125 0.0517578125 0.09375
0 0.4638671875 0.90625 0.1083984375 0.05859375
0 0.4462890625 0.97265625 0.0810546875 0.0654296875
0 0.15625 0.9794921875 0.0634765625 0.0693359375
0 0.748046875 1.0 0.0634765625 0.0576171875
0 0.6806640625 1.0 0.0576171875 0.0263671875
0 0.7265625 0.6591796875 0.0595703125 0.060546875
0 0.7587890625 0.7216796875 0.0654296875 0.0576171875
0 0.587890625 0.7333984375 0.0625 0.0654296875
0 0.7001953125 0.9033203125 0.068359375 0.06640625
0 0.833984375 0.9296875 0.068359375 0.068359375
0 0.9638671875 0.9287109375 0.072265625 0.07421875
0 0.927734375 0.5625 0.095703125 0.0732421875
0 1.0 0.556640625 0.05078125 0.0751953125
0 0.951171875 0.47265625 0.0556640625 0.0556640625
0 0.9365234375 0.416015625 0.0654296875 0.0654296875
0 1.0 0.486328125 0.0556640625 0.060546875
0 0.841796875 0.43359375 0.0859375 0.0625
0 0.8046875 0.60546875 0.0751953125 0.0625
0 0.8955078125 0.28125 0.0654296875 0.078125
0 0.8486328125 0.1806640625 0.060546875 0.11328125
0 0.8349609375 0.09375 0.07421875 0.083984375
0 0.9111328125 0.09765625 0.09375 0.09765625
0 0.986328125 0.140625 0.0732421875 0.0634765625
0 1.0 0.111328125 0.037109375 0.05859375
0 0.859375 0.82421875 0.05859375 0.0576171875
0 0.103515625 0.0966796875 0.0732421875 0.0615234375
0 0.2119140625 0.046875 0.103515625 0.044921875
0 0.1171875 0.056640625 0.080078125 0.056640625
0 0.05078125 0.4140625 0.0498046875 0.09765625
0 0.0283203125 0.931640625 0.0283203125 0.041015625
0 0.05078125 0.7060546875 0.048828125 0.056640625
0 0.50390625 0.521484375 0.052734375 0.0595703125
0 0.5947265625 0.0234375 0.0546875 0.0234375
0 0.1201171875 0.9921875 0.060546875 0.048828125
0 0.0654296875 0.982421875 0.0654296875 0.056640625
