0 0.9208984375 0.634765625 0.068359375 0.0859375
0 0.986328125 0.0927734375 0.05078125 0.087890625
0 0.7314453125 0.78515625 0.099609375 0.05859375
0 0.6142578125 0.455078125 0.0458984375 0.1142578125
0 0.90625 0.0771484375 0.068359375 0.076171875
0 0.4794921875 0.5712890625 0.099609375 0.0478515625
0 0.3349609375 0.83203125 0.0927734375 0.1044921875
0 0.73828125 0.44921875 0.064453125 0.1015625
0 0.6875 1.0 0.06640625 0.060546875
0 0.794921875 0.2158203125 0.095703125 0.130859375
0 0.623046875 0.1943359375 0.08203125 0.080078125
0 0.54296875 0.119140625 0.0556640625 0.0390625
0 0.2626953125 0.67578125 0.119140625 0.068359375
0 0.328125 0.3974609375 0.1044921875 0.0859375
0 0.6611328125 0.3671875 0.072265625 0.0908203125
0 0.154296875 0.1884765625 0.1044921875 0.064453125
0 0.4326171875 0.3447265625 0.0703125 0.0927734375
0 0.9052734375 0.4580078125 0.1005859375 0.080078125
0 0.3037109375 0.4189453125 0.1015625 0.0771484375
0 0.7646484375 0.5009765625 0.1015625 0.083984375
0 0.9365234375 0.3759765625 0.05859375 0.1142578125
0 0.5751953125 1.0 0.0888671875 0.044921875
0 0.8447265625 0.3564453125 0.130859375 0.0810546875
0 0.5703125 0.537109375 0.0654296875 0.05859375
0 0.21484375 0.70703125 0.091796875 0.083984375
0 0.9970703125 1.0 0.08203125 0.0576171875
0 0.208984375 0.8671875 0.099609375 0.0400390625
0 0.0869140625 0.482421875 0.0869140625 0.083984375
0 0.68359375 0.138671875 0.109375 0.0791015625
0 0.8037109375 0.474609375 0.0576171875 0.064453125
0 0.2900390625 0.8701171875 0.0654296875 0.0458984375
0 0.3271484375 0.1279296875 0.0771484375 0.060546875
0 0.1259765625 0.7763671875 0.1005859375 0.072265625
0 0.826171875 0.583984375 0.0654296875 0.0361328125
0 0.4833984375 0.837890625 0.0869140625 0.0517578125
0 0.5 0.15234375 0.0576171875 0.0693359375
0 0.2783203125 0.3232421875 0.1044921875 0.12890625
0 0.4404296875 0.689453125 0.1279296875 0.0458984375
0 0.7568359375 0.896484375 0.05078125 0.0517578125
0 0.154296875 0.1513671875 0.154296875 0.1142578125
0 0.1865234375 0.9892578125 0.09765625 0.0400390625
0 0.4931640625 1.0 0.04296875 0.05078125
0 0.24609375 0.744140625 0.1708984375 0.052734375
0 0.5908203125 0.7978515625 0.0966796875 0.0380859375
0 0.4658203125 0.40234375 0.08203125 0.056640625
0 0.65625 0.884765625 0.0576171875 0.0439453125
0 0.9033203125 0.0380859375 0.0361328125 0.0380859375
0 0.6142578125 0.755859375 0.0576171875 0.0439453125
0 0.826171875 0.275390625 0.0439453125 0.0322265625
0 0.5361328125 0.8759765625 0.060546875 0.029296875
0 0.47265625 0.966796875 0.109375 0.0517578125
0 0.890625 1.0 0.068359375 0.0205078125
0 0.5849609375 0.611328125 0.0830078125 0.0361328125
0 0.2744140625 0.0478515625 0.05078125 0.0478515625
0 0.5927734375 0.2119140625 0.0869140625 0.078125
0 0.673828125 0.8193359375 0.1162109375 0.0576171875
0 0.1943359375 0.4814453125 0.0537109375 0.037109375
0 0.9228515625 0.798828125 0.0810546875 0.0771484375
0 0.4111328125 0.357421875 0.095703125 0.0537109375
0 0.2802734375 0.1474609375 0.154296875 0.1435546875
0 0.1552734375 0.130859375 0.0478515625 0.0673828125
0 0.138671875 0.044921875 0.0693359375 0.044921875
0 0.525390625 0.8525390625 0.0576171875 0.0283203125
