0 0.0322265625 0.1796875 0.0322265625 0.078125
0 0.0205078125 0.2841796875 0.0205078125 0.04296875
0 0.0732421875 0.2841796875 0.052734375 0.05078125
0 0.0390625 0.3525390625 0.0380859375 0.0712890625
0 0.142578125 0.3388671875 0.0634765625 0.0478515625
0 0.0478515625 0.619140625 0.0478515625 0.08203125
0 0.1787109375 0.2431640625 0.05078125 0.05859375
0 0.1357421875 0.2431640625 0.037109375 0.0478515625
0 0.22265625 0.2138671875 0.046875 0.08984375
0 0.2421875 0.064453125 0.07421875 0.064453125
0 0.1962890625 0.6708984375 0.0517578125 0.1123046875
0 0.259765625 0.6640625 0.0693359375 0.072265625
0 0.3076171875 0.71484375 0.06640625 0.05859375
0 0.2265625 0.75 0.109375 0.046875
0 0.1279296875 0.8291015625 0.05078125 0.087890625
0 0.1826171875 0.7666015625 0.08203125 0.046875
0 0.1865234375 0.8017578125 0.0732421875 0.060546875
0 0.2509765625 0.892578125 0.0693359375 0.0693359375
0 0.279296875 0.828125 0.0576171875 0.05859375
0 0.458984375 0.8544921875 0.0830078125 0.05859375
0 0.5107421875 0.8095703125 0.0517578125 0.0556640625
0 0.2509765625 0.9970703125 0.0673828125 0.0498046875
0 0.8681640625 0.9931640625 0.0595703125 0.05859375
0 0.8974609375 0.927734375 0.0546875 0.0419921875
0 0.9296875 0.962890625 0.0517578125 0.0400390625
0 0.310546875 0.171875 0.0634765625 0.037109375
0 0.3671875 0.16015625 0.0751953125 0.068359375
0 0.4951171875 0.169921875 0.0615234375 0.05859375
0 0.39453125 0.294921875 0.0986328125 0.099609375
0 0.466796875 0.3349609375 0.05078125 0.072265625
0 0.50390625 0.2919921875 0.0517578125 0.0654296875
0 0.583984375 0.1748046875 0.0576171875 0.0810546875
0 0.689453125 0.197265625 0.0810546875 0.06640625
0 0.66796875 0.283203125 0.1025390625 0.0673828125
0 0.5458984375 0.4228515625 0.080078125 0.072265625
0 0.6904296875 0.4130859375 0.0673828125 0.091796875
0 0.6572265625 0.4765625 0.0634765625 0.0419921875
0 0.8603515625 0.482421875 0.080078125 0.0498046875
0 0.7919921875 0.6240234375 0.078125 0.052734375
0 0.9443359375 0.345703125 0.1259765625 0.0615234375
0 0.9638671875 0.212890625 0.126953125 0.0712890625
0 1.0 0.392578125 0.0888671875 0.0654296875
0 1.0 0.6005859375 0.0654296875 0.0927734375
0 0.955078125 0.64453125 0.0771484375 0.0498046875
0 0.8466796875 0.685546875 0.099609375 0.0400390625
0 0.9052734375 0.7294921875 0.0888671875 0.048828125
0 0.9560546875 0.7412109375 0.05859375 0.044921875
0 0.76953125 0.7392578125 0.0947265625 0.0546875
0 0.8271484375 0.7626953125 0.0947265625 0.0546875
0 0.8525390625 0.837890625 0.083984375 0.05078125
0 0.8388671875 0.8798828125 0.1083984375 0.048828125
0 0.9375 0.86328125 0.09375 0.0595703125
0 0.9970703125 0.84375 0.07421875 0.08984375
0 0.744140625 0.2939453125 0.0546875 0.0703125
0 0.0419921875 0.240234375 0.0419921875 0.0634765625
0 0.677734375 0.94921875 0.048828125 0.0478515625
0 0.7646484375 0.5625 0.0478515625 0.0322265625
0 0.224609375 0.96875 0.056640625 0.060546875
