0 0.7421875 0.2568359375 0.078125 0.09765625
0 0.9248046875 0.314453125 0.0849609375 0.08984375
0 0.2841796875 0.5 0.0673828125 0.1025390625
0 0.947265625 0.8916015625 0.1455078125 0.07421875
0 0.64453125 0.3349609375 0.0654296875 0.0849609375
0 0.9765625 0.7890625 0.08203125 0.0673828125
0 0.14453125 0.94921875 0.080078125 0.091796875
0 0.7666015625 0.419921875 0.134765625 0.09765625
0 0.8447265625 0.6044921875 0.0849609375 0.0595703125
0 0.1318359375 0.322265625 0.08203125 0.1552734375
0 0.7216796875 0.6044921875 0.07421875 0.072265625
0 0.8642578125 0.744140625 0.072265625 0.0595703125
0 0.5322265625 0.26171875 0.0625 0.0849609375
0 0.4794921875 0.7265625 0.0751953125 0.0673828125
0 0.71484375 0.9248046875 0.0830078125 0.087890625
0 0.5634765625 0.990234375 0.0732421875 0.0791015625
0 0.7998046875 0.8017578125 0.0703125 0.0673828125
0 0.537109375 0.1318359375 0.0498046875 0.08984375
0 0.19921875 0.21484375 0.072265625 0.107421875
0 0.6669921875 0.8193359375 0.0654296875 0.109375
0 0.7568359375 0.6796875 0.0693359375 0.0546875
0 0.75 0.8544921875 0.0625 0.0595703125
0 0.2421875 0.849609375 0.0654296875 0.0478515625
0 0.9873046875 0.52734375 0.169921875 0.060546875
0 1.0 0.5791015625 0.0029296875 0.0791015625
0 0.4794921875 0.591796875 0.0595703125 0.1044921875
0 1.0 0.1796875 0.1376953125 0.0849609375
0 0.822265625 0.109375 0.0654296875 0.1025390625
0 0.322265625 0.3349609375 0.072265625 0.087890625
0 0.5341796875 0.5869140625 0.064453125 0.0703125
0 0.0947265625 0.14453125 0.080078125 0.0703125
0 0.2421875 0.138671875 0.0673828125 0.08203125
0 1.0 0.357421875 0.0478515625 0.0625
0 0.599609375 0.82421875 0.115234375 0.0849609375
0 0.45703125 0.099609375 0.08203125 0.09765625
0 0.904296875 0.82421875 0.080078125 0.0693359375
0 0.529296875 0.359375 0.0595703125 0.09765625
0 0.349609375 0.7822265625 0.0771484375 0.0625
0 0.6142578125 0.4091796875 0.064453125 0.0546875
0 0.44921875 0.3349609375 0.0849609375 0.2001953125
0 0.2041015625 0.32421875 0.0791015625 0.0673828125
0 0.544921875 0.8818359375 0.068359375 0.1123046875
0 0.9990234375 0.197265625 0.0400390625 0.08203125
0 0.8349609375 0.482421875 0.0458984375 0.1005859375
0 0.3447265625 0.4794921875 0.04296875 0.0673828125
0 0.5625 0.681640625 0.0576171875 0.0498046875
0 0.0625 0.599609375 0.060546875 0.0771484375
0 0.341796875 0.0419921875 0.099609375 0.0400390625
0 0.619140625 0.046875 0.08984375 0.044921875
0 0.4482421875 0.99609375 0.0947265625 0.0439453125
0 0.4462890625 0.3408203125 0.048828125 0.0576171875
0 0.19921875 0.1015625 0.080078125 0.0947265625
0 0.7021484375 0.1044921875 0.15234375 0.080078125
0 0.447265625 0.162109375 0.0478515625 0.0927734375
0 0.0625 0.8994140625 0.0439453125 0.0419921875
