0 0.0419921875 0.759765625 0.0419921875 0.087890625
0 0.4169921875 0.912109375 0.099609375 0.0947265625
0 0.142578125 0.2060546875 0.0791015625 0.123046875
0 0.625 0.6044921875 0.1376953125 0.107421875
0 0.2158203125 0.7119140625 0.1015625 0.107421875
0 0.384765625 1.0 0.0703125 0.0703125
0 0.048828125 0.330078125 0.048828125 0.09765625
0 0.041015625 0.66015625 0.041015625 0.1103515625
0 0.6318359375 0.734375 0.09765625 0.099609375
0 0.3291015625 0.830078125 0.0810546875 0.0771484375
0 0.359375 0.216796875 0.0703125 0.08203125
0 0.3154296875 0.5185546875 0.16796875 0.13671875
0 0.763671875 0.7529296875 0.08203125 0.09375
0 0.4619140625 0.7216796875 0.126953125 0.1025390625
0 0.2841796875 0.6416015625 0.107421875 0.119140625
0 0.2197265625 0.6005859375 0.060546875 0.076171875
0 1.0 0.5849609375 0.1103515625 0.099609375
0 0.24609375 0.4013671875 0.0830078125 0.0771484375
0 0.4697265625 0.814453125 0.1103515625 0.1396484375
0 0.9443359375 0.5166015625 0.1494140625 0.2353515625
0 0.439453125 0.1142578125 0.0673828125 0.091796875
0 0.822265625 0.0869140625 0.123046875 0.0849609375
0 0.306640625 0.26953125 0.0498046875 0.0546875
0 0.9990234375 0.9677734375 0.1875 0.0771484375
0 0.0791015625 0.7802734375 0.0576171875 0.0556640625
0 0.078125 0.7314453125 0.0625 0.0888671875
0 0.955078125 0.435546875 0.1435546875 0.07421875
