0 0.7685546875 0.0302734375 0.0517578125 0.0302734375
0 0.697265625 0.0322265625 0.0654296875 0.0322265625
0 0.0419921875 0.1181640625 0.0419921875 0.1181640625
0 0.126953125 0.1357421875 0.0771484375 0.111328125
0 0.5087890625 0.1435546875 0.0751953125 0.099609375
0 0.583984375 0.185546875 0.0712890625 0.083984375
0 0.69921875 0.1748046875 0.068359375 0.0615234375
0 0.703125 0.2841796875 0.134765625 0.125
0 0.9072265625 0.2724609375 0.1015625 0.103515625
0 0.82421875 0.595703125 0.107421875 0.162109375
0 0.4287109375 0.2685546875 0.14453125 0.09375
0 0.234375 0.3916015625 0.138671875 0.1357421875
0 0.560546875 0.3994140625 0.208984375 0.126953125
0 0.58203125 0.580078125 0.08203125 0.1708984375
0 0.083984375 0.5126953125 0.0654296875 0.14453125
0 0.130859375 0.6884765625 0.130859375 0.125
0 0.212890625 0.810546875 0.125 0.08984375
0 0.2724609375 0.7431640625 0.0791015625 0.07421875
0 0.376953125 0.736328125 0.0712890625 0.0849609375
0 0.486328125 0.880859375 0.158203125 0.1025390625
0 0.490234375 0.966796875 0.111328125 0.0771484375
0 0.6181640625 0.9150390625 0.125 0.0771484375
0 0.724609375 0.7763671875 0.14453125 0.1015625
0 0.70703125 0.6748046875 0.115234375 0.119140625
0 0.75 0.6474609375 0.1142578125 0.1552734375
0 0.8134765625 1.0 0.0869140625 0.0712890625
0 0.95703125 0.9970703125 0.0888671875 0.11328125
0 1.0 0.826171875 0.1083984375 0.12109375
0 0.83984375 0.708984375 0.083984375 0.123046875
0 1.0 0.1533203125 0.0732421875 0.1533203125
0 1.0 0.1953125 0.013671875 0.068359375
0 0.640625 0.5009765625 0.1083984375 0.1318359375
0 0.2158203125 0.232421875 0.07421875 0.08203125
0 0.197265625 0.0498046875 0.0478515625 0.0498046875
