0 0.4931640625 0.9814453125 0.1123046875 0.111328125
0 0.6923828125 0.2822265625 0.1181640625 0.0654296875
0 0.814453125 0.27734375 0.080078125 0.08984375
0 0.9931640625 0.9990234375 0.087890625 0.1171875
0 0.8095703125 0.1591796875 0.087890625 0.1025390625
0 1.0 0.5224609375 0.0556640625 0.0830078125
0 0.912109375 0.5419921875 0.0625 0.1201171875
0 0.7294921875 0.966796875 0.072265625 0.072265625
0 0.64453125 0.1015625 0.0947265625 0.1015625
0 0.4716796875 0.1875 0.08984375 0.0908203125
0 0.849609375 0.83984375 0.1171875 0.0673828125
0 0.7041015625 0.6474609375 0.08203125 0.095703125
0 0.64453125 0.82421875 0.0947265625 0.091796875
0 0.8193359375 0.494140625 0.0927734375 0.0673828125
0 0.69921875 0.8623046875 0.07421875 0.115234375
0 0.9345703125 0.8173828125 0.09765625 0.1728515625
0 1.0 0.357421875 0.0703125 0.0556640625
0 0.6923828125 0.404296875 0.0732421875 0.064453125
0 0.939453125 0.134765625 0.0478515625 0.0751953125
0 0.57421875 0.3896484375 0.1318359375 0.15234375
0 0.912109375 0.669921875 0.08984375 0.060546875
0 0.564453125 0.3095703125 0.08203125 0.0830078125
0 0.7666015625 0.8017578125 0.091796875 0.0869140625
0 0.6171875 0.9794921875 0.0654296875 0.099609375
0 0.58984375 0.3994140625 0.078125 0.080078125
0 0.8916015625 0.13671875 0.056640625 0.0869140625
0 0.5947265625 0.369140625 0.1103515625 0.0693359375
0 0.9423828125 0.8623046875 0.10546875 0.1279296875
0 0.77734375 0.8173828125 0.052734375 0.0830078125
0 0.56640625 0.6640625 0.056640625 0.0498046875
0 0.8583984375 1.0 0.0927734375 0.041015625
