0 0.1044921875 0.0791015625 0.1025390625 0.0791015625
0 0.1669921875 0.447265625 0.09765625 0.126953125
0 1.0 0.107421875 0.0791015625 0.0732421875
0 0.8984375 0.505859375 0.1025390625 0.05859375
0 0.16796875 0.681640625 0.0869140625 0.078125
0 0.07421875 0.8515625 0.07421875 0.1142578125
0 0.2333984375 0.9189453125 0.14453125 0.1162109375
0 0.8798828125 0.9599609375 0.1279296875 0.080078125
0 0.24609375 0.5498046875 0.0927734375 0.056640625
0 0.287109375 0.466796875 0.119140625 0.09375
0 1.0 0.6171875 0.080078125 0.080078125
0 0.9228515625 0.4697265625 0.1171875 0.0634765625
0 0.9833984375 0.986328125 0.1044921875 0.1025390625
0 0.2548828125 0.0458984375 0.119140625 0.0439453125
0 0.9765625 0.4599609375 0.109375 0.0888671875
0 0.046875 0.6650390625 0.046875 0.0693359375
0 0.1826171875 0.5859375 0.095703125 0.0888671875
