0 0.6552734375 0.3486328125 0.0673828125 0.08203125
0 0.8779296875 0.3984375 0.0888671875 0.1123046875
0 0.896484375 0.310546875 0.052734375 0.0830078125
0 0.1728515625 0.7646484375 0.0703125 0.0771484375
0 0.5263671875 0.7412109375 0.0419921875 0.13671875
0 0.26171875 0.822265625 0.1044921875 0.083984375
0 0.81640625 0.865234375 0.091796875 0.1201171875
0 0.7197265625 0.7607421875 0.064453125 0.0810546875
0 0.091796875 0.8486328125 0.0478515625 0.0986328125
0 0.8291015625 0.50390625 0.119140625 0.09765625
0 0.626953125 0.9052734375 0.1083984375 0.076171875
0 0.974609375 0.896484375 0.0400390625 0.0771484375
0 0.0732421875 0.2763671875 0.0732421875 0.0859375
0 0.33984375 0.8486328125 0.080078125 0.091796875
0 0.482421875 0.1171875 0.0546875 0.083984375
0 0.5068359375 0.33203125 0.1025390625 0.0771484375
0 0.587890625 0.78515625 0.0634765625 0.1630859375
0 0.0341796875 0.8994140625 0.0341796875 0.0947265625
0 0.962890625 0.6640625 0.1005859375 0.134765625
0 0.6796875 0.53515625 0.064453125 0.078125
0 0.353515625 0.1845703125 0.08984375 0.18359375
0 0.7392578125 0.6484375 0.140625 0.1357421875
0 0.048828125 0.16796875 0.048828125 0.0615234375
0 0.9033203125 0.759765625 0.0546875 0.0673828125
0 0.4287109375 0.1904296875 0.0888671875 0.1171875
0 0.515625 0.068359375 0.09765625 0.068359375
0 0.091796875 0.0771484375 0.091796875 0.0771484375
0 0.9521484375 0.8134765625 0.0947265625 0.0576171875
0 0.6953125 0.2607421875 0.0595703125 0.1748046875
0 0.505859375 0.4970703125 0.05859375 0.0810546875
0 0.0849609375 0.779296875 0.0322265625 0.1025390625
0 0.9072265625 0.9248046875 0.0849609375 0.1015625
0 0.564453125 0.1494140625 0.0693359375 0.0556640625
0 0.9970703125 0.39453125 0.0859375 0.115234375
0 0.494140625 0.7705078125 0.2080078125 0.0732421875
0 0.6025390625 0.0732421875 0.046875 0.068359375
0 0.021484375 0.783203125 0.021484375 0.0830078125
0 0.677734375 1.0 0.02734375 0.04296875
0 0.9248046875 0.5302734375 0.0439453125 0.109375
0 0.91796875 0.87109375 0.052734375 0.087890625
0 0.4453125 0.927734375 0.1474609375 0.1123046875
0 0.43359375 0.9033203125 0.0947265625 0.0478515625
0 0.69140625 0.865234375 0.0830078125 0.0615234375
0 1.0 0.39453125 0.0634765625 0.0712890625
0 0.990234375 0.3193359375 0.037109375 0.052734375
0 0.2939453125 0.2568359375 0.0859375 0.0703125
0 0.7705078125 0.041015625 0.03125 0.041015625
0 0.7451171875 0.041015625 0.0400390625 0.041015625
0 0.759765625 0.08203125 0.078125 0.0595703125
0 0.83203125 0.2431640625 0.12109375 0.1708984375
0 0.849609375 0.1943359375 0.03125 0.1064453125
0 0.900390625 0.1376953125 0.048828125 0.046875
0 0.8583984375 0.1171875 0.0888671875 0.1171875
0 0.884765625 0.0419921875 0.0341796875 0.0419921875
0 0.095703125 0.935546875 0.0771484375 0.052734375
0 0.951171875 0.5556640625 0.0439453125 0.044921875
0 0.966796875 0.560546875 0.2041015625 0.0849609375
0 0.5341796875 0.8583984375 0.0712890625 0.1015625
0 0.375 0.5810546875 0.0556640625 0.0517578125
0 0.3759765625 0.7119140625 0.0888671875 0.15234375
0 0.412109375 0.697265625 0.078125 0.09765625
0 1.0 0.9228515625 0.021484375 0.0478515625
