0 0.060546875 0.9970703125 0.060546875 0.06640625
0 0.73046875 0.12109375 0.064453125 0.0986328125
0 0.84765625 0.451171875 0.09765625 0.134765625
0 0.955078125 0.5419921875 0.044921875 0.095703125
0 0.419921875 0.078125 0.0634765625 0.0771484375
0 0.271484375 0.80859375 0.0693359375 0.0634765625
0 0.6943359375 0.4833984375 0.05078125 0.0830078125
0 0.484375 0.8984375 0.0693359375 0.0751953125
0 0.7861328125 0.474609375 0.0654296875 0.0791015625
0 0.5751953125 0.1796875 0.08203125 0.087890625
0 0.34375 0.5185546875 0.0546875 0.0830078125
0 0.4072265625 0.5595703125 0.0419921875 0.0986328125
0 0.5234375 0.75390625 0.0615234375 0.0673828125
0 0.28515625 0.8779296875 0.083984375 0.05078125
0 0.1396484375 0.45703125 0.072265625 0.068359375
0 0.3515625 0.3125 0.126953125 0.033203125
0 0.2705078125 0.578125 0.087890625 0.060546875
0 0.703125 0.5537109375 0.0341796875 0.0634765625
0 0.955078125 0.7890625 0.0546875 0.0751953125
0 0.724609375 0.7822265625 0.0546875 0.0576171875
0 0.4404296875 0.72265625 0.0517578125 0.07421875
0 0.8310546875 0.841796875 0.0419921875 0.07421875
0 0.7490234375 0.541015625 0.03125 0.0947265625
0 0.1376953125 0.041015625 0.0703125 0.041015625
0 0.33984375 0.8447265625 0.0400390625 0.07421875
0 0.443359375 0.2138671875 0.076171875 0.044921875
0 0.6943359375 1.0 0.0830078125 0.052734375
0 0.9462890625 0.2392578125 0.033203125 0.076171875
0 0.0126953125 0.4931640625 0.0126953125 0.052734375
0 1.0 0.91796875 0.0625 0.05859375
0 0.8447265625 0.041015625 0.044921875 0.0400390625
0 0.11328125 0.837890625 0.0595703125 0.05078125
0 1.0 0.1767578125 0.0634765625 0.0517578125
0 0.2646484375 0.486328125 0.029296875 0.0654296875
0 0.2470703125 0.9658203125 0.0419921875 0.033203125
0 0.3916015625 0.259765625 0.0498046875 0.0439453125
0 0.6474609375 0.78515625 0.0546875 0.056640625
0 0.755859375 0.197265625 0.0458984375 0.064453125
0 0.69140625 0.25 0.033203125 0.076171875
0 0.5166015625 0.947265625 0.0478515625 0.0517578125
0 0.50390625 0.7861328125 0.046875 0.0625
0 0.5732421875 0.84765625 0.0458984375 0.0263671875
0 0.23046875 0.81640625 0.0439453125 0.044921875
0 0.8115234375 0.2490234375 0.0263671875 0.076171875
0 0.1982421875 0.5810546875 0.0732421875 0.04296875
0 0.234375 0.3447265625 0.078125 0.05078125
0 0.705078125 0.486328125 0.0478515625 0.0859375
0 0.552734375 0.1220703125 0.0927734375 0.1142578125
0 0.8359375 0.208984375 0.1201171875 0.06640625
0 0.435546875 0.474609375 0.0595703125 0.041015625
0 0.5263671875 0.5498046875 0.0712890625 0.0234375
0 0.689453125 0.8701171875 0.06640625 0.052734375
0 0.8798828125 0.9453125 0.0556640625 0.0673828125
0 0.7841796875 0.8935546875 0.0419921875 0.037109375
0 0.044921875 0.82421875 0.044921875 0.0625
