0 0.2158203125 0.98828125 0.0810546875 0.0673828125
0 0.0810546875 0.916015625 0.076171875 0.060546875
0 0.2255859375 0.8955078125 0.0869140625 0.0712890625
0 0.189453125 0.8251953125 0.0673828125 0.11328125
0 0.08203125 0.8203125 0.0498046875 0.0517578125
0 0.376953125 0.8203125 0.064453125 0.080078125
0 0.25390625 0.6748046875 0.052734375 0.076171875
0 0.1943359375 0.68359375 0.0693359375 0.0673828125
0 0.1328125 0.609375 0.0751953125 0.0654296875
0 0.2333984375 0.5947265625 0.0751953125 0.0615234375
0 0.0380859375 0.5068359375 0.0380859375 0.0693359375
0 0.107421875 0.2177734375 0.0771484375 0.09765625
0 0.2490234375 0.2802734375 0.0888671875 0.0908203125
0 0.1708984375 0.4736328125 0.0703125 0.119140625
0 0.2802734375 0.4931640625 0.0693359375 0.08203125
0 0.2001953125 0.52734375 0.06640625 0.0703125
0 0.4482421875 0.607421875 0.0693359375 0.0751953125
0 0.3720703125 0.4599609375 0.0390625 0.060546875
0 0.427734375 0.4375 0.0595703125 0.0556640625
0 0.3369140625 0.521484375 0.0537109375 0.0634765625
0 0.3408203125 0.3720703125 0.072265625 0.0673828125
0 0.3251953125 0.2568359375 0.0673828125 0.109375
0 0.4052734375 0.2412109375 0.0615234375 0.1005859375
0 0.46484375 0.3310546875 0.107421875 0.1005859375
0 0.4970703125 0.3818359375 0.09765625 0.0693359375
0 0.595703125 0.427734375 0.06640625 0.08984375
0 0.568359375 0.271484375 0.07421875 0.2138671875
0 0.671875 0.3349609375 0.072265625 0.134765625
0 0.8330078125 0.296875 0.0947265625 0.103515625
0 0.869140625 0.42578125 0.177734375 0.1064453125
0 0.69921875 0.6298828125 0.0859375 0.072265625
0 0.736328125 0.474609375 0.0693359375 0.0703125
0 0.609375 0.5732421875 0.0654296875 0.0859375
0 0.556640625 0.6357421875 0.07421875 0.0830078125
0 0.7958984375 0.8154296875 0.103515625 0.1103515625
0 0.71484375 0.912109375 0.0625 0.0849609375
0 0.7724609375 0.8818359375 0.0625 0.068359375
0 0.8583984375 0.8701171875 0.068359375 0.0693359375
0 0.7841796875 0.96484375 0.0625 0.07421875
0 0.640625 1.0 0.0703125 0.0341796875
0 0.99609375 0.9912109375 0.0625 0.068359375
0 1.0 0.794921875 0.046875 0.1103515625
0 0.958984375 0.7802734375 0.048828125 0.0927734375
0 0.9814453125 0.6259765625 0.080078125 0.05859375
0 0.90234375 0.5771484375 0.080078125 0.0849609375
0 0.4853515625 0.2880859375 0.060546875 0.0927734375
0 0.8310546875 0.36328125 0.1025390625 0.0654296875
0 0.361328125 0.8505859375 0.0380859375 0.0400390625
0 0.42578125 0.5361328125 0.0537109375 0.064453125
0 0.1123046875 1.0 0.0498046875 0.0185546875
0 0.146484375 0.8681640625 0.0478515625 0.0439453125
0 0.1650390625 0.7978515625 0.0546875 0.078125
