0 0.115234375 0.115234375 0.068359375 0.115234375
0 0.15234375 0.080078125 0.0390625 0.080078125
0 0.3369140625 0.1640625 0.095703125 0.1064453125
0 0.373046875 0.046875 0.1201171875 0.046875
0 0.3154296875 0.283203125 0.1064453125 0.0712890625
0 0.220703125 0.310546875 0.072265625 0.119140625
0 0.1357421875 0.328125 0.12109375 0.1376953125
0 0.6923828125 0.26171875 0.236328125 0.0634765625
0 0.6357421875 0.3212890625 0.0703125 0.0673828125
0 0.8955078125 0.3046875 0.1708984375 0.0703125
0 0.8369140625 0.1943359375 0.158203125 0.0947265625
0 0.9326171875 0.2314453125 0.0927734375 0.123046875
0 0.8134765625 0.0732421875 0.0712890625 0.0732421875
0 0.75 0.4189453125 0.146484375 0.06640625
0 0.603515625 0.390625 0.052734375 0.0625
0 0.5966796875 0.60546875 0.0615234375 0.0546875
0 0.505859375 0.642578125 0.0869140625 0.1181640625
0 0.27734375 0.806640625 0.0849609375 0.1572265625
0 0.2314453125 0.671875 0.08984375 0.150390625
0 0.11328125 0.748046875 0.095703125 0.1787109375
0 0.177734375 0.5009765625 0.080078125 0.087890625
0 0.09765625 0.421875 0.056640625 0.056640625
0 0.890625 0.46484375 0.0634765625 0.1376953125
0 0.951171875 0.345703125 0.05859375 0.0654296875
0 1.0 0.44140625 0.05078125 0.1650390625
0 0.8798828125 0.6337890625 0.0751953125 0.076171875
0 0.7802734375 0.62109375 0.078125 0.109375
0 0.708984375 0.685546875 0.056640625 0.1083984375
0 0.78515625 0.728515625 0.0908203125 0.0634765625
0 0.6953125 0.828125 0.0498046875 0.11328125
0 0.5234375 0.8193359375 0.12109375 0.125
0 0.458984375 0.916015625 0.1005859375 0.2001953125
0 0.935546875 0.7734375 0.087890625 0.0712890625
0 0.974609375 0.7333984375 0.0537109375 0.060546875
0 1.0 0.6484375 0.0146484375 0.09375
0 1.0 0.859375 0.0380859375 0.0986328125
0 0.8818359375 0.9013671875 0.12109375 0.1171875
0 0.87109375 0.9814453125 0.0751953125 0.0517578125
0 0.94140625 1.0 0.0859375 0.0537109375
0 0.412109375 1.0 0.064453125 0.013671875
0 0.79296875 0.96875 0.044921875 0.0458984375
0 0.3046875 0.5390625 0.05859375 0.0361328125
