0 0.4853515625 0.44140625 0.1005859375 0.134765625
0 0.8544921875 0.8359375 0.1298828125 0.0673828125
0 0.216796875 0.912109375 0.1220703125 0.1552734375
0 0.6689453125 0.138671875 0.1455078125 0.0751953125
0 0.31640625 0.220703125 0.09765625 0.11328125
0 0.98046875 0.1796875 0.1669921875 0.1318359375
0 0.49609375 0.5244140625 0.0888671875 0.099609375
0 0.2890625 0.3447265625 0.0830078125 0.0771484375
0 0.19140625 0.478515625 0.1650390625 0.1474609375
0 0.3447265625 0.6796875 0.1123046875 0.294921875
0 1.0 0.9853515625 0.1201171875 0.1748046875
0 0.134765625 0.1201171875 0.0556640625 0.1025390625
0 0.1201171875 0.8330078125 0.072265625 0.0849609375
0 0.138671875 0.6748046875 0.1064453125 0.2548828125
0 0.5166015625 0.3095703125 0.14453125 0.29296875
0 0.5771484375 0.8271484375 0.3115234375 0.1220703125
0 0.4794921875 0.83984375 0.0849609375 0.2548828125
0 0.498046875 0.90625 0.0849609375 0.0927734375
0 0.9716796875 0.71484375 0.1025390625 0.357421875
0 0.279296875 0.05859375 0.072265625 0.056640625
0 0.4091796875 0.8515625 0.099609375 0.251953125
0 1.0 0.7490234375 0.126953125 0.1591796875
