0 0.0859375 1.0 0.0859375 0.068359375
0 0.1435546875 0.8876953125 0.0830078125 0.0810546875
0 0.2294921875 0.8564453125 0.078125 0.068359375
0 0.2021484375 0.77734375 0.0771484375 0.0625
0 0.0576171875 0.1904296875 0.0576171875 0.095703125
0 0.154296875 0.06640625 0.0771484375 0.0654296875
0 0.1220703125 0.4384765625 0.0888671875 0.0859375
0 0.24609375 0.44921875 0.064453125 0.0693359375
0 0.2958984375 0.333984375 0.1044921875 0.0693359375
0 0.3720703125 0.421875 0.0712890625 0.1103515625
0 0.453125 0.3837890625 0.087890625 0.091796875
0 0.4814453125 0.388671875 0.08203125 0.0537109375
0 0.4208984375 0.09765625 0.076171875 0.091796875
0 0.4765625 0.2119140625 0.080078125 0.1259765625
0 0.5634765625 0.2294921875 0.056640625 0.080078125
0 0.650390625 0.3115234375 0.080078125 0.1044921875
0 0.7451171875 0.240234375 0.095703125 0.0771484375
0 0.8056640625 0.2958984375 0.1201171875 0.107421875
0 0.8798828125 0.2529296875 0.0791015625 0.0947265625
0 0.8720703125 0.13671875 0.18359375 0.0888671875
0 0.5419921875 0.50390625 0.068359375 0.0693359375
0 0.689453125 0.5078125 0.0869140625 0.07421875
0 0.7861328125 0.5126953125 0.08984375 0.0810546875
0 0.8330078125 0.400390625 0.0849609375 0.068359375
0 1.0 0.326171875 0.03125 0.08203125
0 0.998046875 0.5 0.0947265625 0.068359375
0 0.4765625 0.6396484375 0.1337890625 0.0556640625
0 0.4638671875 0.58203125 0.0771484375 0.052734375
0 0.51953125 0.71484375 0.0859375 0.0771484375
0 0.1103515625 0.6904296875 0.0947265625 0.119140625
0 0.1455078125 0.6142578125 0.0771484375 0.091796875
0 0.24609375 0.6484375 0.1162109375 0.1337890625
0 0.7001953125 0.76953125 0.09375 0.0693359375
0 0.7822265625 0.763671875 0.091796875 0.0595703125
0 0.6298828125 0.8564453125 0.0859375 0.0693359375
0 0.7412109375 0.8935546875 0.1328125 0.064453125
0 0.6875 0.9443359375 0.1083984375 0.0732421875
0 0.8837890625 0.8828125 0.0771484375 0.0771484375
0 0.9541015625 0.765625 0.0712890625 0.07421875
0 0.9951171875 0.693359375 0.125 0.0859375
0 0.2763671875 0.9521484375 0.091796875 0.0693359375
0 0.3671875 1.0 0.0771484375 0.0625
0 0.4990234375 1.0 0.126953125 0.0390625
0 0.8876953125 0.978515625 0.07421875 0.0908203125
0 1.0 0.1455078125 0.03515625 0.0810546875
0 1.0 0.072265625 0.09375 0.0576171875
0 0.658203125 0.1689453125 0.076171875 0.07421875
0 0.7509765625 0.9248046875 0.080078125 0.060546875
0 0.931640625 0.2705078125 0.07421875 0.0869140625
0 0.0732421875 0.611328125 0.0703125 0.076171875
0 0.046875 0.4990234375 0.046875 0.064453125
0 0.6416015625 0.091796875 0.08984375 0.0791015625
0 0.9365234375 0.18359375 0.1064453125 0.07421875
0 0.9453125 0.0380859375 0.095703125 0.0380859375
