0 0.6708984375 0.8251953125 0.07421875 0.078125
0 0.130859375 0.74609375 0.130859375 0.07421875
0 1.0 0.5341796875 0.05078125 0.1396484375
0 0.447265625 0.8916015625 0.091796875 0.0947265625
0 0.2705078125 0.6552734375 0.1064453125 0.1044921875
0 0.572265625 0.9228515625 0.1123046875 0.07421875
0 0.9853515625 0.673828125 0.1005859375 0.1044921875
0 0.669921875 0.134765625 0.1142578125 0.060546875
0 0.3759765625 0.791015625 0.234375 0.109375
0 0.734375 0.8486328125 0.078125 0.0703125
0 0.7646484375 0.6494140625 0.1201171875 0.2421875
0 0.3447265625 0.33984375 0.1064453125 0.251953125
0 0.7705078125 0.4423828125 0.1494140625 0.1796875
0 0.533203125 0.6552734375 0.125 0.095703125
0 0.6171875 0.296875 0.0908203125 0.1513671875
0 0.52734375 0.51171875 0.1064453125 0.2197265625
0 0.8828125 0.61328125 0.0908203125 0.1171875
0 0.8154296875 0.87890625 0.103515625 0.0615234375
0 0.5244140625 0.083984375 0.12890625 0.072265625
