0 0.1796875 0.4765625 0.083984375 0.10546875
0 0.5546875 0.3291015625 0.0947265625 0.11328125
0 0.1318359375 0.8837890625 0.1064453125 0.0712890625
0 0.8037109375 0.8369140625 0.1181640625 0.0634765625
0 0.08203125 0.1572265625 0.07421875 0.1220703125
0 0.044921875 0.5595703125 0.044921875 0.134765625
0 0.474609375 0.5947265625 0.08984375 0.0947265625
0 0.7216796875 0.6025390625 0.1611328125 0.0927734375
0 0.923828125 0.3203125 0.1005859375 0.0947265625
0 0.5224609375 0.5068359375 0.0732421875 0.09765625
0 0.27734375 0.7294921875 0.08984375 0.0751953125
0 0.349609375 0.5517578125 0.123046875 0.08203125
0 0.6787109375 0.6806640625 0.10546875 0.0625
0 0.439453125 0.349609375 0.07421875 0.115234375
0 0.6572265625 0.9326171875 0.1181640625 0.068359375
0 0.5224609375 0.7509765625 0.072265625 0.08984375
0 1.0 0.4619140625 0.07421875 0.0966796875
0 0.5390625 0.8916015625 0.1025390625 0.078125
0 0.4267578125 0.4970703125 0.087890625 0.08203125
0 0.07421875 0.32421875 0.07421875 0.0947265625
0 0.1796875 0.07421875 0.0751953125 0.072265625
0 0.8818359375 0.8095703125 0.1044921875 0.0576171875
0 0.2861328125 0.4423828125 0.0595703125 0.099609375
