0 0.3779296875 0.5322265625 0.16015625 0.09765625
0 0.568359375 0.1201171875 0.0947265625 0.1044921875
0 0.4541015625 0.8203125 0.2548828125 0.2109375
0 0.296875 0.15234375 0.1220703125 0.15234375
0 1.0 0.0673828125 0.115234375 0.0673828125
0 0.4658203125 0.216796875 0.1435546875 0.216796875
0 0.9091796875 0.3544921875 0.4072265625 0.1953125
0 0.650390625 0.6513671875 0.146484375 0.35546875
0 0.787109375 0.5185546875 0.197265625 0.1025390625
0 0.6494140625 0.4140625 0.072265625 0.0771484375
0 0.8818359375 0.9970703125 0.1171875 0.0927734375
0 0.431640625 1.0 0.119140625 0.1103515625
0 0.47265625 0.068359375 0.0927734375 0.068359375
0 0.716796875 1.0 0.083984375 0.0751953125
