0 0.6748046875 0.654296875 0.10546875 0.103515625
0 0.326171875 0.92578125 0.14453125 0.1328125
0 0.7939453125 0.8505859375 0.1220703125 0.1357421875
0 0.70703125 0.3779296875 0.119140625 0.091796875
0 0.216796875 0.634765625 0.1826171875 0.1728515625
0 0.408203125 0.7431640625 0.169921875 0.1142578125
0 0.8447265625 0.9921875 0.1181640625 0.1201171875
0 0.9990234375 0.4189453125 0.185546875 0.140625
0 0.94921875 0.193359375 0.107421875 0.1083984375
0 0.9755859375 0.826171875 0.099609375 0.140625
0 0.216796875 0.40234375 0.162109375 0.1298828125
0 0.5693359375 0.9140625 0.08984375 0.0732421875
0 0.974609375 0.0546875 0.1826171875 0.0546875
0 0.109375 0.07421875 0.107421875 0.07421875
0 0.7392578125 0.412109375 0.0595703125 0.0625
0 0.66796875 0.9892578125 0.09765625 0.0732421875
0 0.1201171875 0.4677734375 0.1181640625 0.0859375
0 0.71484375 0.9140625 0.08984375 0.0625
0 0.5966796875 0.697265625 0.072265625 0.0751953125
0 0.5947265625 0.951171875 0.095703125 0.0703125
0 0.3095703125 0.2021484375 0.0419921875 0.029296875
