0 0.7841796875 0.7216796875 0.0771484375 0.080078125
0 0.8369140625 0.19921875 0.0947265625 0.064453125
0 0.759765625 0.134765625 0.087890625 0.060546875
0 0.982421875 0.3974609375 0.078125 0.1025390625
0 0.64453125 0.4169921875 0.099609375 0.0654296875
0 0.724609375 0.884765625 0.0703125 0.0849609375
0 0.9765625 0.841796875 0.109375 0.169921875
0 0.7666015625 0.3349609375 0.0771484375 0.0849609375
0 0.849609375 0.96484375 0.0703125 0.09765625
0 0.9267578125 0.45703125 0.1572265625 0.0751953125
0 0.859375 0.814453125 0.0673828125 0.14453125
0 1.0 0.966796875 0.080078125 0.126953125
0 1.0 0.1767578125 0.140625 0.126953125
0 0.814453125 0.056640625 0.08203125 0.056640625
0 1.0 0.2158203125 0.076171875 0.0771484375
0 1.0 0.5791015625 0.11328125 0.072265625
0 0.8876953125 0.0478515625 0.07421875 0.0478515625
0 0.0859375 0.1787109375 0.0849609375 0.0439453125
0 0.6171875 0.796875 0.0625 0.044921875
0 1.0 0.7392578125 0.0703125 0.072265625
0 0.9248046875 0.6044921875 0.080078125 0.08984375
0 0.8818359375 0.5166015625 0.08984375 0.0546875
0 0.9140625 0.1318359375 0.072265625 0.0849609375
0 1.0 0.0849609375 0.0478515625 0.0751953125
0 0.7822265625 0.8818359375 0.0546875 0.1142578125
0 1.0 0.51171875 0.052734375 0.0673828125
0 0.931640625 0.8095703125 0.1044921875 0.107421875
0 0.9619140625 1.0 0.0849609375 0.0830078125
0 0.6064453125 0.548828125 0.0556640625 0.08203125
