0 0.109375 0.3173828125 0.080078125 0.0771484375
0 0.1474609375 0.193359375 0.0771484375 0.068359375
0 0.1494140625 0.4345703125 0.0908203125 0.12109375
0 0.4375 0.4150390625 0.0693359375 0.1044921875
0 0.5283203125 0.3037109375 0.1357421875 0.0595703125
0 0.39453125 0.25 0.1103515625 0.0947265625
0 0.5009765625 0.1611328125 0.09375 0.07421875
0 0.7333984375 0.078125 0.12109375 0.078125
0 0.1083984375 0.7685546875 0.076171875 0.103515625
0 0.193359375 0.693359375 0.06640625 0.087890625
0 0.09375 1.0 0.0712890625 0.0732421875
0 0.171875 0.9599609375 0.0908203125 0.11328125
0 0.20703125 0.80859375 0.064453125 0.0859375
0 0.302734375 0.7763671875 0.072265625 0.1083984375
0 0.39453125 0.7158203125 0.10546875 0.0810546875
0 0.341796875 0.642578125 0.0732421875 0.0712890625
0 0.71875 0.7109375 0.1298828125 0.0869140625
0 0.5205078125 0.7880859375 0.068359375 0.087890625
0 0.5078125 0.8837890625 0.07421875 0.0849609375
0 0.5283203125 0.951171875 0.0751953125 0.0859375
0 0.6572265625 1.0 0.0859375 0.103515625
0 0.798828125 0.4765625 0.0947265625 0.1220703125
0 0.7431640625 0.45703125 0.1044921875 0.0634765625
0 0.60546875 0.4560546875 0.10546875 0.125
0 0.9365234375 0.6533203125 0.0791015625 0.1015625
0 0.984375 0.7841796875 0.0693359375 0.072265625
0 0.9130859375 0.837890625 0.1103515625 0.1083984375
0 0.7646484375 0.8310546875 0.099609375 0.08984375
0 0.7998046875 0.9638671875 0.0673828125 0.1240234375
0 0.8525390625 0.283203125 0.1044921875 0.048828125
0 0.904296875 0.361328125 0.0947265625 0.130859375
0 0.736328125 0.2412109375 0.076171875 0.0771484375
0 1.0 0.2236328125 0.076171875 0.048828125
0 0.75390625 0.3759765625 0.0751953125 0.0830078125
0 0.84765625 0.6650390625 0.1171875 0.0546875
