0 0.3671875 0.4892578125 0.1142578125 0.1240234375
0 0.4228515625 0.6396484375 0.087890625 0.2548828125
0 0.80078125 0.3271484375 0.107421875 0.1103515625
0 0.5 0.451171875 0.0732421875 0.2998046875
0 0.126953125 0.6328125 0.1142578125 0.126953125
0 0.8740234375 0.345703125 0.107421875 0.15625
0 0.1123046875 0.759765625 0.1025390625 0.1669921875
0 0.7548828125 0.001953125 0.126953125 0.001953125
0 0.9580078125 0.4453125 0.1552734375 0.083984375
0 0.2412109375 0.6337890625 0.0673828125 0.064453125
0 0.541015625 0.5263671875 0.06640625 0.1953125
0 0.4521484375 0.578125 0.0380859375 0.0419921875
0 0.2158203125 0.68359375 0.0478515625 0.0390625
0 0.4267578125 0.193359375 0.0556640625 0.064453125
0 0.591796875 0.1259765625 0.0869140625 0.0673828125
