0 0.509765625 0.3046875 0.1279296875 0.0947265625
0 0.572265625 0.3896484375 0.1005859375 0.0751953125
0 0.4189453125 0.8681640625 0.10546875 0.109375
0 0.2392578125 0.306640625 0.072265625 0.1025390625
0 0.37890625 0.15234375 0.072265625 0.07421875
0 0.6669921875 0.33203125 0.1220703125 0.0771484375
0 0.564453125 0.5947265625 0.1201171875 0.072265625
0 0.3291015625 0.69921875 0.0947265625 0.1171875
0 0.2646484375 0.2021484375 0.0625 0.0947265625
0 0.4169921875 0.5673828125 0.0751953125 0.0849609375
0 0.7646484375 0.546875 0.0830078125 0.0771484375
0 0.244140625 0.546875 0.08203125 0.1220703125
0 0.439453125 0.5244140625 0.0751953125 0.1171875
0 0.58203125 0.1640625 0.0849609375 0.064453125
0 0.232421875 0.9873046875 0.11328125 0.1005859375
0 0.8125 0.119140625 0.0859375 0.072265625
0 0.8173828125 0.466796875 0.1357421875 0.1923828125
0 0.1318359375 0.841796875 0.0947265625 0.0751953125
0 0.5390625 0.2119140625 0.1494140625 0.064453125
0 0.08203125 0.9794921875 0.0595703125 0.087890625
0 0.9873046875 0.19921875 0.1728515625 0.0625
0 0.8369140625 0.2470703125 0.1376953125 0.0947265625
0 0.556640625 0.7919921875 0.1298828125 0.1171875
0 0.89453125 0.634765625 0.134765625 0.09765625
0 0.359375 0.3046875 0.072265625 0.0830078125
0 0.5869140625 0.251953125 0.0751953125 0.0595703125
0 0.7197265625 0.0322265625 0.0751953125 0.0322265625
0 0.6318359375 0.029296875 0.16015625 0.029296875
0 0.8642578125 0.7265625 0.0947265625 0.07421875
0 0.82421875 0.875 0.14453125 0.1328125
0 0.3173828125 0.8271484375 0.0576171875 0.1005859375
0 0.5771484375 0.9765625 0.1103515625 0.0771484375
0 0.6494140625 0.5224609375 0.072265625 0.080078125
0 1.0 0.5927734375 0.1103515625 0.080078125
0 0.341796875 0.2197265625 0.0673828125 0.08984375
0 0.919921875 0.509765625 0.1552734375 0.134765625
0 0.6171875 0.8671875 0.09765625 0.107421875
0 0.529296875 0.8349609375 0.1025390625 0.087890625
0 0.49609375 0.998046875 0.0654296875 0.0869140625
0 0.1318359375 0.3017578125 0.0751953125 0.0771484375
0 0.814453125 0.6220703125 0.1923828125 0.0751953125
0 0.3349609375 0.0390625 0.0751953125 0.0390625
0 0.6875 0.9267578125 0.095703125 0.1044921875
0 0.6513671875 0.82421875 0.0615234375 0.205078125
0 0.6943359375 0.814453125 0.0869140625 0.0849609375
0 0.876953125 0.5341796875 0.150390625 0.08984375
0 0.7646484375 0.27734375 0.072265625 0.0400390625
0 0.8095703125 1.0 0.134765625 0.0654296875
0 0.6572265625 0.9619140625 0.0927734375 0.0869140625
0 0.58984375 0.7919921875 0.09765625 0.115234375
0 0.4892578125 0.70703125 0.0625 0.0546875
0 0.8271484375 0.947265625 0.072265625 0.0625
0 0.7421875 0.95703125 0.0625 0.0478515625
0 0.3046875 0.7548828125 0.0703125 0.0830078125
0 0.3046875 0.6171875 0.078125 0.072265625
0 0.189453125 0.5498046875 0.0595703125 0.0830078125
0 0.4345703125 0.572265625 0.10546875 0.052734375
0 0.994140625 0.8212890625 0.0625 0.0654296875
0 1.0 0.6943359375 0.0654296875 0.099609375
0 0.83984375 0.6591796875 0.087890625 0.046875
0 0.7822265625 0.6591796875 0.1328125 0.064453125
0 0.69921875 0.5390625 0.0576171875 0.0595703125
0 1.0 0.4697265625 0.068359375 0.0947265625
0 1.0 0.384765625 0.0458984375 0.0556640625
0 0.4541015625 0.529296875 0.0400390625 0.080078125
0 0.2568359375 0.3291015625 0.064453125 0.0419921875
0 0.8369140625 0.279296875 0.1123046875 0.0771484375
0 0.869140625 0.216796875 0.099609375 0.0576171875
0 0.9619140625 0.2041015625 0.134765625 0.0947265625
