0 0.328125 0.56640625 0.107421875 0.1123046875
0 0.2861328125 0.162109375 0.0595703125 0.09765625
0 0.0517578125 0.1259765625 0.0517578125 0.08203125
0 0.7490234375 0.23046875 0.0517578125 0.0771484375
0 0.845703125 0.3037109375 0.052734375 0.0859375
0 0.275390625 0.24609375 0.0576171875 0.12109375
0 0.4619140625 0.197265625 0.0849609375 0.0869140625
0 0.4091796875 0.76171875 0.0791015625 0.0732421875
0 0.1181640625 0.9248046875 0.0771484375 0.048828125
0 0.35546875 0.330078125 0.0771484375 0.0654296875
0 0.150390625 0.837890625 0.076171875 0.0595703125
0 0.4755859375 0.544921875 0.0693359375 0.072265625
0 0.37109375 0.123046875 0.0634765625 0.0771484375
0 0.5751953125 0.09375 0.05859375 0.0595703125
0 0.591796875 0.775390625 0.0791015625 0.08984375
0 0.712890625 0.841796875 0.0390625 0.0673828125
0 0.0576171875 0.1982421875 0.0576171875 0.0546875
0 0.9248046875 0.3515625 0.0400390625 0.0595703125
0 0.2265625 0.28125 0.0634765625 0.0419921875
0 0.1953125 0.484375 0.0966796875 0.078125
0 0.22265625 0.84375 0.099609375 0.0673828125
0 0.814453125 0.919921875 0.0673828125 0.046875
0 0.78125 0.5 0.080078125 0.068359375
0 0.5087890625 0.435546875 0.07421875 0.0625
0 0.1630859375 0.1591796875 0.0791015625 0.0595703125
0 0.87109375 0.9873046875 0.056640625 0.0595703125
0 0.1513671875 0.2685546875 0.0439453125 0.0888671875
0 0.5712890625 0.6220703125 0.0908203125 0.0703125
0 0.6044921875 0.5263671875 0.0751953125 0.072265625
0 0.46875 0.1484375 0.0634765625 0.0478515625
0 0.6953125 0.6982421875 0.0576171875 0.0654296875
0 0.3310546875 1.0 0.056640625 0.02734375
0 0.662109375 0.9970703125 0.0732421875 0.033203125
0 0.86328125 0.345703125 0.0625 0.037109375
0 0.3017578125 0.72265625 0.0888671875 0.0341796875
0 0.998046875 0.2236328125 0.0234375 0.060546875
0 0.0625 0.0703125 0.0615234375 0.05859375
0 0.5810546875 0.9765625 0.0810546875 0.052734375
0 0.87109375 0.662109375 0.0380859375 0.048828125
0 0.51171875 0.9716796875 0.072265625 0.033203125
0 0.0849609375 0.544921875 0.0615234375 0.041015625
0 1.0 0.8837890625 0.044921875 0.04296875
0 0.1103515625 0.7626953125 0.0791015625 0.048828125
0 0.4111328125 0.9384765625 0.060546875 0.029296875
0 0.927734375 0.59375 0.0537109375 0.048828125
0 0.3955078125 0.716796875 0.0556640625 0.05078125
0 0.72265625 0.4951171875 0.052734375 0.0634765625
0 0.0537109375 0.3583984375 0.0537109375 0.041015625
0 0.57421875 0.4638671875 0.076171875 0.0283203125
0 0.6806640625 0.982421875 0.0380859375 0.0390625
0 1.0 0.734375 0.0283203125 0.05859375
0 0.576171875 0.904296875 0.0986328125 0.041015625
0 0.8359375 0.7705078125 0.072265625 0.0625
0 0.58984375 0.8037109375 0.0673828125 0.0498046875
