0 0.9033203125 0.64453125 0.0869140625 0.0673828125
0 0.8115234375 0.322265625 0.0615234375 0.0849609375
0 0.5439453125 0.40625 0.08203125 0.091796875
0 0.3955078125 0.19140625 0.0703125 0.0849609375
0 0.947265625 0.1064453125 0.0478515625 0.09375
0 0.927734375 0.4755859375 0.0654296875 0.09765625
0 0.46484375 0.51171875 0.0732421875 0.146484375
0 0.322265625 0.2275390625 0.0478515625 0.0810546875
0 0.1142578125 0.9423828125 0.072265625 0.072265625
0 0.1220703125 0.5771484375 0.0986328125 0.068359375
0 0.814453125 0.2392578125 0.0830078125 0.0888671875
0 1.0 0.7373046875 0.068359375 0.0712890625
0 0.6328125 0.1875 0.125 0.0517578125
0 0.4833984375 0.2919921875 0.0810546875 0.0673828125
0 0.7197265625 0.2392578125 0.0751953125 0.056640625
0 0.669921875 0.3876953125 0.0556640625 0.06640625
0 0.7919921875 0.4384765625 0.0693359375 0.0654296875
0 0.2177734375 0.947265625 0.06640625 0.0556640625
0 1.0 0.5556640625 0.0341796875 0.080078125
0 0.62109375 0.263671875 0.0439453125 0.080078125
0 0.53515625 0.2861328125 0.0751953125 0.05859375
0 0.90625 0.7021484375 0.072265625 0.0537109375
0 0.8154296875 0.7998046875 0.1025390625 0.076171875
0 0.1552734375 0.150390625 0.1005859375 0.0947265625
0 0.068359375 0.2578125 0.068359375 0.0771484375
0 0.1376953125 0.8486328125 0.103515625 0.06640625
0 0.2470703125 0.4453125 0.0966796875 0.0546875
0 0.181640625 0.466796875 0.087890625 0.072265625
0 0.060546875 0.69921875 0.060546875 0.076171875
0 0.279296875 0.8037109375 0.07421875 0.05859375
0 0.2919921875 0.5400390625 0.0546875 0.0849609375
0 0.90625 0.2275390625 0.0810546875 0.087890625
0 0.251953125 0.552734375 0.07421875 0.0478515625
0 0.8212890625 0.5087890625 0.078125 0.0869140625
0 0.4609375 0.8623046875 0.103515625 0.056640625
0 0.734375 0.0791015625 0.0859375 0.03125
0 0.6474609375 0.6298828125 0.0615234375 0.0634765625
0 0.91015625 0.3193359375 0.0556640625 0.0634765625
0 0.5859375 0.3291015625 0.0634765625 0.0400390625
0 0.2607421875 0.0966796875 0.0849609375 0.048828125
0 0.80078125 0.515625 0.072265625 0.0458984375
0 0.5126953125 0.158203125 0.0595703125 0.0537109375
0 0.2451171875 0.3271484375 0.078125 0.044921875
0 0.7177734375 0.205078125 0.05859375 0.0517578125
0 0.9619140625 0.9609375 0.041015625 0.0576171875
0 0.9443359375 0.8828125 0.0380859375 0.0830078125
0 0.490234375 0.171875 0.0546875 0.046875
0 0.1767578125 0.216796875 0.083984375 0.0830078125
0 0.79296875 0.544921875 0.068359375 0.119140625
0 0.236328125 0.763671875 0.0732421875 0.0771484375
0 0.12890625 0.2568359375 0.076171875 0.095703125
0 0.1005859375 0.8818359375 0.0654296875 0.0458984375
0 0.1318359375 0.3623046875 0.0771484375 0.0361328125
0 0.4423828125 0.94921875 0.0830078125 0.03515625
0 0.171875 0.5537109375 0.0859375 0.0517578125
0 0.232421875 0.8515625 0.0927734375 0.05078125
0 0.263671875 0.9951171875 0.078125 0.0400390625
0 0.13671875 0.2021484375 0.109375 0.0693359375
0 0.6103515625 0.48828125 0.0654296875 0.09375
0 0.26171875 0.033203125 0.0419921875 0.033203125
0 0.9130859375 1.0 0.0400390625 0.025390625
0 1.0 0.982421875 0.0322265625 0.02734375
0 0.4072265625 0.59375 0.0478515625 0.0810546875
0 0.1083984375 0.8046875 0.083984375 0.0576171875
0 0.3232421875 0.490234375 0.05859375 0.041015625
0 0.359375 0.951171875 0.06640625 0.0537109375
0 0.677734375 0.5576171875 0.0634765625 0.0576171875
0 0.9638671875 0.6201171875 0.0673828125 0.044921875
0 0.4365234375 0.5556640625 0.0712890625 0.0576171875
0 0.056640625 0.1357421875 0.0556640625 0.0478515625
0 0.0498046875 0.83984375 0.048828125 0.046875
0 0.859375 0.2685546875 0.041015625 0.0361328125
0 0.27734375 0.2724609375 0.021484375 0.05078125
0 0.724609375 0.6943359375 0.044921875 0.046875
0 0.33984375 0.9931640625 0.08203125 0.0322265625
0 0.8583984375 0.0302734375 0.033203125 0.0302734375
0 0.607421875 0.029296875 0.0322265625 0.029296875
0 0.4658203125 0.994140625 0.05859375 0.0380859375
0 0.478515625 0.84765625 0.083984375 0.0673828125
0 0.3037109375 0.9150390625 0.0693359375 0.0556640625
0 0.78515625 0.01953125 0.0537109375 0.0185546875
0 0.9609375 0.947265625 0.0400390625 0.0625
0 0.5166015625 0.8837890625 0.080078125 0.0693359375
0 0.2119140625 0.3056640625 0.0400390625 0.0322265625
