0 0.8984375 0.1171875 0.1005859375 0.1171875
0 0.2724609375 0.8203125 0.0888671875 0.1884765625
0 0.7138671875 0.109375 0.1142578125 0.1025390625
0 0.908203125 0.7080078125 0.0947265625 0.095703125
0 1.0 0.720703125 0.0703125 0.0966796875
0 0.9990234375 0.2666015625 0.052734375 0.0673828125
0 0.4921875 0.9296875 0.115234375 0.087890625
0 0.77734375 0.126953125 0.0869140625 0.0966796875
0 0.3544921875 0.71484375 0.0576171875 0.0625
0 0.8896484375 0.607421875 0.08984375 0.0771484375
0 0.1982421875 0.1923828125 0.1201171875 0.1142578125
0 0.869140625 0.4267578125 0.109375 0.072265625
0 0.2919921875 0.2890625 0.1298828125 0.08984375
0 0.8818359375 0.359375 0.1220703125 0.1025390625
0 0.2822265625 0.400390625 0.1513671875 0.09375
0 0.2490234375 0.2373046875 0.08984375 0.1103515625
0 0.1865234375 1.0 0.09765625 0.0693359375
0 0.92578125 0.3974609375 0.0810546875 0.0712890625
0 0.947265625 0.9970703125 0.087890625 0.0830078125
0 0.3994140625 0.998046875 0.060546875 0.07421875
0 0.2373046875 0.45703125 0.1923828125 0.150390625
0 0.3251953125 0.3232421875 0.0830078125 0.0771484375
0 0.056640625 0.76953125 0.0546875 0.162109375
0 0.0498046875 0.484375 0.0478515625 0.09765625
0 0.5458984375 0.939453125 0.0625 0.0625
0 0.1142578125 0.7470703125 0.0810546875 0.087890625
0 0.173828125 0.1005859375 0.1064453125 0.0654296875
0 0.275390625 1.0 0.099609375 0.0732421875
0 0.78125 0.193359375 0.076171875 0.0673828125
