0 0.2607421875 0.439453125 0.12890625 0.0546875
0 0.29296875 0.26953125 0.068359375 0.0830078125
0 0.1669921875 0.1767578125 0.1025390625 0.0615234375
0 0.3525390625 0.1865234375 0.0654296875 0.04296875
0 0.1796875 0.271484375 0.0732421875 0.0361328125
0 0.2958984375 0.1943359375 0.076171875 0.04296875
0 0.326171875 0.6220703125 0.1025390625 0.0546875
0 1.0 0.3291015625 0.0830078125 0.0703125
0 0.8037109375 0.2724609375 0.0810546875 0.0419921875
0 0.6318359375 0.2080078125 0.1025390625 0.048828125
0 0.0791015625 0.96484375 0.0703125 0.037109375
0 0.142578125 0.50390625 0.1044921875 0.0380859375
0 0.1513671875 0.607421875 0.09765625 0.0458984375
0 0.279296875 0.1455078125 0.087890625 0.0458984375
0 0.7666015625 0.115234375 0.0546875 0.052734375
0 0.427734375 0.6875 0.0615234375 0.044921875
0 0.201171875 0.892578125 0.0986328125 0.0615234375
0 0.142578125 0.3232421875 0.07421875 0.0419921875
0 0.2265625 0.9248046875 0.07421875 0.060546875
0 0.5546875 0.1630859375 0.080078125 0.052734375
0 0.279296875 0.5556640625 0.0859375 0.0478515625
0 0.95703125 0.5234375 0.09375 0.0478515625
0 0.982421875 0.966796875 0.080078125 0.052734375
0 0.1142578125 0.8720703125 0.0830078125 0.0693359375
0 0.7138671875 0.3564453125 0.056640625 0.033203125
0 0.107421875 0.1416015625 0.078125 0.0673828125
0 0.9052734375 0.26953125 0.1015625 0.052734375
0 0.4033203125 0.47265625 0.06640625 0.02734375
0 0.994140625 0.078125 0.0595703125 0.0439453125
0 0.7099609375 0.1796875 0.0654296875 0.0517578125
0 0.7275390625 0.51953125 0.0556640625 0.0517578125
0 0.7451171875 0.150390625 0.080078125 0.0361328125
0 0.4150390625 0.3388671875 0.087890625 0.0380859375
0 0.3671875 0.3046875 0.072265625 0.0390625
0 0.1962890625 0.833984375 0.095703125 0.041015625
0 0.4140625 0.5126953125 0.0771484375 0.0400390625
0 0.9677734375 0.9384765625 0.09765625 0.0576171875
0 0.3818359375 0.9599609375 0.0673828125 0.0244140625
0 0.7392578125 0.048828125 0.052734375 0.0322265625
0 0.5048828125 0.8408203125 0.0673828125 0.0478515625
0 0.80078125 1.0 0.0703125 0.0302734375
0 0.5771484375 0.5908203125 0.068359375 0.0537109375
0 0.8203125 0.9013671875 0.0869140625 0.0390625
0 0.2021484375 0.697265625 0.05859375 0.0205078125
0 0.767578125 0.177734375 0.0625 0.0302734375
0 0.779296875 0.642578125 0.0908203125 0.0458984375
0 0.4013671875 0.89453125 0.091796875 0.0458984375
0 0.61328125 0.3505859375 0.0849609375 0.0400390625
0 0.97265625 0.728515625 0.0625 0.0400390625
0 0.25390625 0.8095703125 0.09765625 0.0390625
0 0.4248046875 0.6201171875 0.08984375 0.037109375
0 0.279296875 0.9658203125 0.0869140625 0.0283203125
0 0.517578125 0.9482421875 0.0830078125 0.04296875
0 0.1435546875 0.9951171875 0.0859375 0.0361328125
0 0.9599609375 0.5654296875 0.0869140625 0.0498046875
0 0.3076171875 0.640625 0.0517578125 0.033203125
0 0.859375 0.23046875 0.05078125 0.0458984375
0 0.767578125 0.9296875 0.091796875 0.052734375
0 0.533203125 0.802734375 0.0830078125 0.0341796875
0 0.177734375 0.5390625 0.078125 0.025390625
0 0.9814453125 0.6552734375 0.0595703125 0.033203125
0 0.6396484375 0.306640625 0.0751953125 0.0205078125
0 0.4970703125 0.302734375 0.0771484375 0.046875
0 0.5732421875 0.3291015625 0.0830078125 0.0439453125
0 0.625 0.65625 0.0791015625 0.0478515625
0 0.33984375 0.89453125 0.0634765625 0.0478515625
0 0.6513671875 0.9423828125 0.060546875 0.0419921875
0 0.9873046875 0.271484375 0.0712890625 0.046875
0 0.4716796875 0.896484375 0.07421875 0.0458984375
0 0.771484375 0.4638671875 0.0751953125 0.0419921875
0 0.859375 0.1572265625 0.068359375 0.05078125
0 0.7763671875 0.6787109375 0.080078125 0.048828125
0 0.9365234375 0.876953125 0.0712890625 0.0400390625
0 0.8857421875 0.873046875 0.0830078125 0.0439453125
0 0.2431640625 0.96875 0.126953125 0.0478515625
0 0.396484375 0.9423828125 0.1025390625 0.021484375
0 0.7451171875 0.4892578125 0.0615234375 0.0556640625
0 1.0 0.3876953125 0.0302734375 0.0439453125
0 0.046875 0.884765625 0.046875 0.0244140625
