0 0.1220703125 0.4267578125 0.1220703125 0.123046875
0 0.076171875 0.2763671875 0.0556640625 0.0927734375
0 0.3056640625 0.5361328125 0.12890625 0.2138671875
0 0.1455078125 0.5380859375 0.0693359375 0.0947265625
0 0.443359375 0.45703125 0.1875 0.09765625
0 0.48046875 0.4248046875 0.0712890625 0.111328125
0 0.36328125 0.3671875 0.0712890625 0.1171875
0 0.2958984375 0.2900390625 0.0966796875 0.0673828125
0 0.4033203125 0.234375 0.103515625 0.0634765625
0 0.447265625 0.1669921875 0.087890625 0.1669921875
0 0.587890625 0.232421875 0.111328125 0.0693359375
0 0.466796875 0.3037109375 0.0634765625 0.0771484375
0 0.611328125 0.3701171875 0.052734375 0.125
0 0.705078125 0.2880859375 0.203125 0.0634765625
0 0.7724609375 0.1728515625 0.1171875 0.166015625
0 0.828125 0.251953125 0.0859375 0.0869140625
0 0.849609375 0.3056640625 0.0615234375 0.05859375
0 0.8818359375 0.2607421875 0.0732421875 0.0654296875
0 0.9033203125 0.455078125 0.1689453125 0.109375
0 0.6689453125 0.3876953125 0.0537109375 0.0576171875
0 0.3818359375 0.720703125 0.0537109375 0.1708984375
0 0.322265625 0.716796875 0.08984375 0.16015625
0 0.076171875 0.73828125 0.0615234375 0.1162109375
0 0.0205078125 0.7822265625 0.0205078125 0.111328125
0 0.21484375 0.7724609375 0.1513671875 0.0634765625
0 0.0859375 0.8154296875 0.0859375 0.0830078125
0 0.1884765625 0.8671875 0.1044921875 0.0810546875
0 0.685546875 0.8017578125 0.1630859375 0.0986328125
0 0.5224609375 0.7958984375 0.0654296875 0.0634765625
0 0.5205078125 0.9072265625 0.080078125 0.0732421875
0 0.3154296875 0.9609375 0.16015625 0.0859375
0 0.822265625 0.751953125 0.0615234375 0.0791015625
0 0.7958984375 1.0 0.0673828125 0.1005859375
0 0.8857421875 0.94921875 0.0791015625 0.208984375
0 0.8154296875 0.845703125 0.048828125 0.0654296875
0 1.0 0.703125 0.0771484375 0.0595703125
0 1.0 0.8134765625 0.1298828125 0.14453125
0 0.96875 0.86328125 0.0615234375 0.0869140625
0 0.943359375 0.970703125 0.0537109375 0.11328125
0 1.0 0.23828125 0.1298828125 0.1181640625
0 0.310546875 0.369140625 0.0908203125 0.0625
