0 0.7900390625 0.0205078125 0.09375 0.0205078125
0 0.7802734375 0.1484375 0.080078125 0.14453125
0 0.9111328125 0.169921875 0.0615234375 0.0810546875
0 0.9013671875 0.25390625 0.0595703125 0.0869140625
0 0.8173828125 0.3623046875 0.07421875 0.1484375
0 0.837890625 0.3583984375 0.0458984375 0.12109375
0 1.0 1.0 0.0712890625 0.138671875
0 0.9189453125 0.771484375 0.1181640625 0.0791015625
0 0.8544921875 0.580078125 0.115234375 0.0615234375
0 0.8818359375 0.509765625 0.05859375 0.064453125
0 0.8125 0.708984375 0.0751953125 0.1298828125
0 0.5791015625 0.4482421875 0.08984375 0.1240234375
0 0.6083984375 0.3623046875 0.0517578125 0.0556640625
0 0.4833984375 0.224609375 0.060546875 0.0625
0 0.349609375 0.1162109375 0.1025390625 0.0732421875
0 0.1357421875 0.2158203125 0.1357421875 0.1767578125
0 0.26953125 0.2451171875 0.1875 0.103515625
0 0.388671875 0.2021484375 0.0732421875 0.0654296875
0 0.388671875 0.3154296875 0.1123046875 0.1162109375
0 0.1943359375 0.4365234375 0.12109375 0.0693359375
0 0.115234375 0.50390625 0.115234375 0.087890625
0 0.287109375 0.6650390625 0.109375 0.1591796875
0 0.4052734375 0.6787109375 0.154296875 0.0986328125
0 0.09765625 0.76953125 0.09765625 0.0595703125
0 0.0595703125 0.689453125 0.0595703125 0.091796875
0 0.1875 0.9365234375 0.1162109375 0.125
0 0.0673828125 0.90234375 0.0673828125 0.08984375
0 0.6201171875 1.0 0.0869140625 0.0537109375
0 0.7919921875 1.0 0.0595703125 0.04296875
0 1.0 0.2451171875 0.0712890625 0.0693359375
0 0.43359375 0.87109375 0.0859375 0.07421875
