0 0.1337890625 0.5498046875 0.091796875 0.1328125
0 0.341796875 0.5263671875 0.1669921875 0.109375
0 0.31640625 0.58203125 0.083984375 0.0849609375
0 0.43359375 0.6376953125 0.099609375 0.087890625
0 0.2626953125 0.6396484375 0.0498046875 0.0498046875
0 0.3896484375 0.716796875 0.12890625 0.107421875
0 0.2724609375 0.71875 0.0771484375 0.0771484375
0 0.0703125 0.697265625 0.0703125 0.0859375
0 0.1181640625 0.728515625 0.0615234375 0.0576171875
0 0.236328125 0.875 0.126953125 0.0751953125
0 0.1904296875 1.0 0.0849609375 0.033203125
0 0.0322265625 1.0 0.0322265625 0.046875
0 0.3203125 1.0 0.09375 0.0791015625
0 0.7109375 0.849609375 0.119140625 0.123046875
0 0.7646484375 0.599609375 0.1171875 0.0830078125
0 0.7568359375 0.505859375 0.09765625 0.0810546875
0 0.71875 0.4609375 0.138671875 0.0888671875
0 0.8857421875 0.6474609375 0.0771484375 0.0576171875
0 0.8935546875 0.71484375 0.095703125 0.0712890625
0 0.71875 1.0 0.0810546875 0.125
0 0.8955078125 1.0 0.0693359375 0.06640625
0 0.9013671875 0.193359375 0.1591796875 0.087890625
0 0.7900390625 0.2802734375 0.0908203125 0.0732421875
0 1.0 0.37109375 0.0927734375 0.14453125
0 0.3681640625 0.3671875 0.1181640625 0.15625
0 0.1044921875 0.3251953125 0.1044921875 0.1240234375
0 0.111328125 0.1513671875 0.111328125 0.10546875
0 0.583984375 0.07421875 0.1005859375 0.07421875
0 0.7587890625 0.068359375 0.095703125 0.0625
0 0.46484375 0.0498046875 0.0546875 0.0498046875
0 0.5283203125 0.35546875 0.0693359375 0.0673828125
