0 0.669921875 0.439453125 0.0908203125 0.1103515625
0 0.484375 0.4541015625 0.1552734375 0.0849609375
0 0.5654296875 1.0 0.150390625 0.0615234375
0 0.876953125 1.0 0.169921875 0.0478515625
0 0.609375 0.7041015625 0.2021484375 0.0771484375
0 0.2919921875 0.2373046875 0.1298828125 0.08984375
0 0.46484375 0.671875 0.1806640625 0.0927734375
0 0.2998046875 0.6796875 0.0830078125 0.08984375
0 0.625 0.6171875 0.1376953125 0.115234375
0 0.1845703125 0.7373046875 0.0576171875 0.0849609375
0 0.44921875 0.822265625 0.1142578125 0.0751953125
0 0.6015625 0.849609375 0.0966796875 0.0576171875
0 0.431640625 0.3017578125 0.1298828125 0.080078125
0 0.26171875 0.4072265625 0.232421875 0.0830078125
0 0.126953125 0.904296875 0.0703125 0.0673828125
0 0.064453125 0.5791015625 0.064453125 0.0791015625
0 1.0 0.162109375 0.0556640625 0.056640625
0 0.349609375 0.8916015625 0.16015625 0.1123046875
0 0.13671875 0.546875 0.080078125 0.0595703125
0 0.5673828125 0.5498046875 0.142578125 0.0556640625
0 0.189453125 0.4892578125 0.1396484375 0.091796875
0 0.171875 0.244140625 0.08203125 0.0693359375
0 0.3916015625 0.931640625 0.0791015625 0.0966796875
0 0.63671875 0.2197265625 0.107421875 0.0625
0 0.9169921875 0.46484375 0.1669921875 0.115234375
0 0.1171875 0.669921875 0.0830078125 0.0703125
0 0.8369140625 0.8720703125 0.107421875 0.0576171875
0 0.65234375 0.7744140625 0.080078125 0.080078125
0 0.9794921875 0.9091796875 0.177734375 0.1123046875
0 0.044921875 0.4921875 0.044921875 0.0830078125
0 0.234375 0.1044921875 0.16015625 0.09765625
0 0.67578125 0.12109375 0.13671875 0.119140625
0 0.8994140625 0.20703125 0.1171875 0.1025390625
0 1.0 0.0673828125 0.11328125 0.0654296875
0 0.7119140625 0.1416015625 0.1650390625 0.072265625
0 0.2421875 0.1669921875 0.078125 0.1298828125
0 0.5419921875 0.306640625 0.1328125 0.1474609375
0 0.5498046875 0.19921875 0.1806640625 0.107421875
0 1.0 0.9072265625 0.1103515625 0.052734375
0 0.89453125 0.1396484375 0.1572265625 0.0703125
0 0.056640625 0.19921875 0.056640625 0.08203125
0 0.14453125 0.9599609375 0.052734375 0.0625
0 0.822265625 0.09765625 0.1474609375 0.09765625
0 1.0 0.8173828125 0.1904296875 0.0654296875
0 0.9970703125 0.70703125 0.0849609375 0.09765625
0 1.0 0.77734375 0.125 0.0732421875
0 0.2998046875 0.9296875 0.0498046875 0.0625
0 0.509765625 0.814453125 0.0751953125 0.0576171875
0 0.974609375 0.7392578125 0.1904296875 0.1025390625
0 1.0 0.232421875 0.1103515625 0.0478515625
0 1.0 0.5625 0.068359375 0.0830078125
0 0.7998046875 0.6015625 0.078125 0.1298828125
0 1.0 0.474609375 0.080078125 0.0849609375
0 0.2890625 0.359375 0.0595703125 0.0498046875
0 1.0 0.3046875 0.03515625 0.0576171875
0 1.0 0.6376953125 0.0625 0.044921875
0 0.7822265625 0.154296875 0.0751953125 0.09765625
0 0.966796875 0.2021484375 0.1376953125 0.0498046875
0 0.08984375 0.0869140625 0.0673828125 0.0478515625
0 1.0 0.716796875 0.060546875 0.0419921875
0 0.9697265625 0.4443359375 0.1650390625 0.0546875
0 0.8798828125 0.5517578125 0.0908203125 0.2001953125
