0 0.7265625 0.384765625 0.1220703125 0.123046875
0 0.6943359375 0.25 0.1123046875 0.1181640625
0 0.5498046875 0.517578125 0.0947265625 0.09375
0 0.7294921875 0.5595703125 0.1123046875 0.1123046875
0 0.814453125 0.5849609375 0.115234375 0.1181640625
0 0.7119140625 0.90234375 0.125 0.107421875
0 0.8232421875 0.3359375 0.05859375 0.05078125
0 0.7822265625 0.1748046875 0.1005859375 0.10546875
0 1.0 0.9765625 0.0546875 0.0810546875
0 0.439453125 0.96484375 0.0771484375 0.0830078125
0 0.162109375 0.7666015625 0.099609375 0.0869140625
0 0.20703125 0.919921875 0.1201171875 0.1025390625
0 0.482421875 0.1591796875 0.0830078125 0.0869140625
0 0.7666015625 0.9765625 0.099609375 0.091796875
0 0.0771484375 0.619140625 0.076171875 0.0947265625
0 0.8515625 0.88671875 0.1142578125 0.0791015625
0 0.4765625 0.697265625 0.1044921875 0.087890625
0 0.6123046875 0.3271484375 0.1103515625 0.0849609375
0 0.359375 0.7021484375 0.12890625 0.0947265625
0 0.5244140625 0.9990234375 0.0849609375 0.060546875
0 0.6328125 1.0 0.1044921875 0.0869140625
0 0.6494140625 0.5791015625 0.0927734375 0.0498046875
