0 0.166015625 0.705078125 0.0693359375 0.1005859375
0 0.5810546875 0.2470703125 0.0546875 0.083984375
0 0.373046875 0.76171875 0.0478515625 0.0986328125
0 0.7646484375 0.224609375 0.052734375 0.087890625
0 0.814453125 1.0 0.0615234375 0.0693359375
0 0.1044921875 0.46875 0.056640625 0.107421875
0 0.0712890625 0.2177734375 0.056640625 0.0810546875
0 0.986328125 0.5185546875 0.0517578125 0.107421875
0 0.818359375 0.671875 0.0458984375 0.0927734375
0 0.2421875 0.5859375 0.076171875 0.0615234375
0 0.79296875 0.5673828125 0.05078125 0.1025390625
0 0.69140625 0.919921875 0.0703125 0.0615234375
0 0.4541015625 0.7451171875 0.0908203125 0.11328125
0 0.986328125 0.7529296875 0.0244140625 0.09765625
0 0.3798828125 0.376953125 0.03515625 0.076171875
0 0.486328125 0.4833984375 0.072265625 0.0830078125
0 0.8359375 0.390625 0.0302734375 0.10546875
0 0.224609375 0.9130859375 0.080078125 0.056640625
0 0.296875 0.125 0.0576171875 0.0751953125
0 0.06640625 0.1513671875 0.033203125 0.1240234375
0 0.056640625 0.8505859375 0.029296875 0.0615234375
0 0.9384765625 0.6044921875 0.0576171875 0.0673828125
0 0.6357421875 0.078125 0.04296875 0.078125
0 0.4169921875 0.4921875 0.02734375 0.0888671875
0 0.7431640625 1.0 0.0341796875 0.068359375
0 0.166015625 0.0517578125 0.0478515625 0.0517578125
0 0.02734375 0.1396484375 0.02734375 0.0869140625
0 0.658203125 0.775390625 0.041015625 0.080078125
0 0.79296875 0.75 0.046875 0.1259765625
0 0.52734375 0.4267578125 0.08203125 0.1181640625
0 0.41015625 0.1728515625 0.025390625 0.0625
0 0.4345703125 0.150390625 0.0341796875 0.087890625
0 0.484375 0.7275390625 0.0556640625 0.1162109375
0 0.25390625 0.92578125 0.0400390625 0.0625
0 0.603515625 0.658203125 0.0361328125 0.083984375
0 0.7275390625 0.1171875 0.1337890625 0.09375
0 0.154296875 1.0 0.0322265625 0.0595703125
0 0.2431640625 0.1884765625 0.0703125 0.0859375
0 0.873046875 0.1298828125 0.029296875 0.0732421875
0 0.6767578125 0.6298828125 0.078125 0.1533203125
0 0.6904296875 0.6533203125 0.029296875 0.0693359375
0 0.447265625 0.099609375 0.0595703125 0.0771484375
0 0.478515625 0.544921875 0.064453125 0.0517578125
0 0.845703125 0.8525390625 0.0751953125 0.0693359375
0 0.2177734375 0.8837890625 0.033203125 0.080078125
0 0.4609375 1.0 0.048828125 0.0439453125
0 0.541015625 0.2978515625 0.0400390625 0.056640625
0 0.8369140625 0.5087890625 0.06640625 0.0810546875
0 0.6875 0.2236328125 0.0400390625 0.0849609375
0 0.6982421875 0.779296875 0.0283203125 0.0771484375
0 0.890625 0.4755859375 0.0390625 0.0947265625
0 0.5927734375 1.0 0.0244140625 0.0546875
0 0.390625 0.4794921875 0.0458984375 0.076171875
0 0.2529296875 0.4111328125 0.0556640625 0.0703125
0 0.8115234375 0.892578125 0.0322265625 0.052734375
0 0.6279296875 0.8916015625 0.076171875 0.041015625
0 0.947265625 0.73046875 0.044921875 0.060546875
0 0.09375 0.9462890625 0.02734375 0.0537109375
0 0.6875 0.5146484375 0.037109375 0.08984375
0 0.3896484375 0.5791015625 0.052734375 0.123046875
0 0.25390625 0.1552734375 0.0546875 0.0810546875
0 0.4208984375 0.666015625 0.029296875 0.072265625
0 0.998046875 0.9423828125 0.0439453125 0.05078125
0 0.55859375 0.0556640625 0.02734375 0.0556640625
0 0.2919921875 0.17578125 0.044921875 0.072265625
0 1.0 0.8447265625 0.03515625 0.041015625
0 0.0458984375 0.443359375 0.0458984375 0.0380859375
0 0.890625 0.5087890625 0.0322265625 0.1064453125
0 0.85546875 0.52734375 0.05078125 0.0703125
0 0.162890625 0.79345703125 0.06884765625000001 0.06806640625000004
0 0.283203125 0.47265625 0.0439453125 0.044921875
0 0.0498046875 0.5244140625 0.044921875 0.0400390625
0 0.841796875 1.0 0.0263671875 0.0322265625
0 0.8759765625 0.833984375 0.04296875 0.037109375
0 0.861328125 0.115234375 0.03125 0.05859375
0 0.927734375 0.8046875 0.07421875 0.09765625
