0 0.919921875 0.5322265625 0.0712890625 0.046875
0 0.9443359375 0.580078125 0.0732421875 0.044921875
0 0.955078125 0.5078125 0.0654296875 0.080078125
0 0.892578125 0.4267578125 0.056640625 0.07421875
0 0.8310546875 0.43359375 0.0712890625 0.0654296875
0 0.8583984375 0.3095703125 0.08203125 0.099609375
0 1.0 0.138671875 0.0615234375 0.0849609375
0 0.94140625 0.09375 0.05859375 0.068359375
0 0.7919921875 0.0859375 0.099609375 0.068359375
0 0.7548828125 0.142578125 0.080078125 0.0859375
0 0.8642578125 0.1865234375 0.091796875 0.11328125
0 0.943359375 0.046875 0.05859375 0.046875
0 0.6708984375 0.0458984375 0.0908203125 0.0458984375
0 0.626953125 0.115234375 0.0830078125 0.09765625
0 0.65234375 0.1806640625 0.056640625 0.0576171875
0 0.728515625 0.2646484375 0.1259765625 0.0751953125
0 0.5791015625 0.234375 0.0751953125 0.0625
0 0.525390625 0.1484375 0.0869140625 0.09765625
0 0.474609375 0.0478515625 0.0986328125 0.0478515625
0 0.44140625 0.2109375 0.0654296875 0.091796875
0 0.4990234375 0.2890625 0.09765625 0.060546875
0 0.3427734375 0.1806640625 0.1162109375 0.0634765625
0 0.2294921875 0.115234375 0.064453125 0.1044921875
0 0.1640625 0.0576171875 0.1640625 0.0576171875
0 0.5546875 0.4892578125 0.0703125 0.080078125
0 0.51171875 0.5625 0.052734375 0.052734375
0 0.416015625 0.6298828125 0.1103515625 0.123046875
0 0.2646484375 0.572265625 0.1083984375 0.060546875
0 0.298828125 0.591796875 0.0625 0.0400390625
0 0.2841796875 0.6611328125 0.10546875 0.05859375
0 0.072265625 0.59765625 0.072265625 0.0732421875
0 0.20703125 0.71875 0.1298828125 0.0556640625
0 0.1552734375 0.6611328125 0.1552734375 0.0576171875
0 0.5146484375 0.76953125 0.0654296875 0.0888671875
0 0.525390625 0.6572265625 0.1123046875 0.0634765625
0 0.6376953125 0.6787109375 0.08984375 0.0576171875
0 0.7158203125 0.6318359375 0.0703125 0.099609375
0 0.7412109375 0.5068359375 0.10546875 0.0654296875
0 0.1962890625 0.390625 0.0751953125 0.044921875
0 0.1064453125 0.2646484375 0.1025390625 0.064453125
0 0.173828125 0.1845703125 0.1171875 0.0751953125
0 0.0654296875 0.2001953125 0.0654296875 0.048828125
0 0.1005859375 0.400390625 0.08203125 0.08984375
0 0.064453125 0.3271484375 0.064453125 0.072265625
0 0.6279296875 0.8173828125 0.0654296875 0.0673828125
0 0.6845703125 0.84375 0.1240234375 0.0498046875
0 0.896484375 0.947265625 0.0693359375 0.203125
0 0.86328125 0.7109375 0.0595703125 0.064453125
0 0.966796875 0.736328125 0.0517578125 0.05859375
0 0.1591796875 0.7880859375 0.07421875 0.0517578125
0 0.0634765625 0.7880859375 0.0634765625 0.0595703125
0 0.755859375 0.212890625 0.0751953125 0.072265625
0 0.705078125 0.1806640625 0.064453125 0.1337890625
0 0.9091796875 0.76953125 0.0615234375 0.0517578125
0 0.8876953125 0.23828125 0.05078125 0.0576171875
0 0.7939453125 0.3408203125 0.0908203125 0.0546875
