0 0.205078125 0.09375 0.07421875 0.09375
0 0.0859375 0.46875 0.0859375 0.1416015625
0 0.1318359375 0.5634765625 0.076171875 0.1689453125
0 0.07421875 0.6611328125 0.0595703125 0.1005859375
0 0.1171875 0.7470703125 0.0693359375 0.1474609375
0 0.1669921875 0.8837890625 0.0849609375 0.1865234375
0 0.0556640625 0.833984375 0.0556640625 0.115234375
0 0.33984375 0.8193359375 0.111328125 0.0810546875
0 0.482421875 0.6689453125 0.17578125 0.177734375
0 0.5634765625 0.7216796875 0.1142578125 0.0673828125
0 0.6689453125 0.6396484375 0.0966796875 0.08984375
0 0.71875 0.83984375 0.10546875 0.09765625
0 0.708984375 0.966796875 0.1552734375 0.125
0 0.4072265625 1.0 0.0888671875 0.06640625
0 0.82421875 0.470703125 0.1689453125 0.0517578125
0 0.7138671875 0.4248046875 0.17578125 0.126953125
0 0.982421875 0.3037109375 0.142578125 0.0859375
0 0.482421875 0.19921875 0.1015625 0.0791015625
0 0.8720703125 0.724609375 0.09375 0.1787109375
0 1.0 0.6572265625 0.0849609375 0.1171875
0 0.095703125 0.6142578125 0.095703125 0.1396484375
0 1.0 0.884765625 0.0673828125 0.1357421875
0 1.0 1.0 0.046875 0.107421875
0 0.9501953125 0.3984375 0.0537109375 0.0498046875
0 1.0 0.244140625 0.0390625 0.0556640625
