0 0.2294921875 1.0 0.07421875 0.046875
0 0.3232421875 1.0 0.0888671875 0.0419921875
0 0.1552734375 0.59765625 0.080078125 0.1015625
0 0.390625 0.7626953125 0.0908203125 0.0595703125
0 0.3115234375 0.53125 0.078125 0.0673828125
0 0.4404296875 0.51171875 0.0615234375 0.076171875
0 0.51171875 0.51171875 0.0732421875 0.123046875
0 0.58984375 0.4404296875 0.087890625 0.0927734375
0 0.5126953125 0.296875 0.078125 0.0546875
0 0.4970703125 0.24609375 0.07421875 0.068359375
0 0.4287109375 0.123046875 0.08203125 0.087890625
0 0.32421875 0.2333984375 0.0703125 0.0751953125
0 0.2607421875 0.23046875 0.0498046875 0.0625
0 0.109375 0.1845703125 0.0732421875 0.0556640625
0 0.15625 0.1611328125 0.0625 0.091796875
0 0.2041015625 0.158203125 0.0546875 0.0830078125
0 0.2275390625 0.103515625 0.0517578125 0.0556640625
0 0.6201171875 0.1103515625 0.0791015625 0.0947265625
0 0.7646484375 0.150390625 0.091796875 0.08203125
0 0.6669921875 0.263671875 0.0849609375 0.08203125
0 0.8388671875 0.2900390625 0.078125 0.0732421875
0 0.7958984375 0.220703125 0.0712890625 0.0791015625
0 0.88671875 0.2158203125 0.0849609375 0.0751953125
0 0.859375 0.138671875 0.087890625 0.08203125
0 0.9345703125 0.0595703125 0.0732421875 0.052734375
0 0.7421875 0.4501953125 0.08203125 0.087890625
0 0.9189453125 0.5263671875 0.0830078125 0.08984375
0 0.4560546875 0.5810546875 0.05859375 0.0546875
0 0.4365234375 0.7080078125 0.0625 0.0673828125
0 0.4638671875 0.640625 0.0625 0.072265625
0 0.5263671875 0.6396484375 0.0615234375 0.0634765625
0 0.677734375 0.6396484375 0.07421875 0.0810546875
0 0.7236328125 0.7060546875 0.0703125 0.0654296875
0 0.63671875 0.6923828125 0.0615234375 0.0556640625
0 0.8310546875 0.6591796875 0.0625 0.0634765625
0 0.9384765625 0.673828125 0.0703125 0.0751953125
0 0.884765625 0.7470703125 0.078125 0.0625
0 0.5869140625 0.8681640625 0.0869140625 0.0888671875
0 0.654296875 0.83984375 0.0771484375 0.0654296875
0 0.7060546875 0.8857421875 0.1015625 0.06640625
0 1.0 0.859375 0.0654296875 0.0751953125
0 0.6240234375 0.63671875 0.0712890625 0.0771484375
0 0.4189453125 0.662109375 0.0625 0.0771484375
0 0.9951171875 0.1201171875 0.1337890625 0.07421875
0 0.9345703125 0.0263671875 0.1240234375 0.0263671875
