0 0.7568359375 0.7666015625 0.1171875 0.052734375
0 0.9931640625 0.59375 0.0712890625 0.1083984375
0 0.9296875 0.4140625 0.0751953125 0.1044921875
0 0.896484375 0.10546875 0.09765625 0.09765625
0 0.982421875 0.8017578125 0.0654296875 0.0869140625
0 0.908203125 0.2314453125 0.0546875 0.064453125
0 0.794921875 0.6591796875 0.0654296875 0.1064453125
0 0.9091796875 1.0 0.0966796875 0.0556640625
0 1.0 0.7275390625 0.046875 0.0595703125
0 0.8271484375 0.439453125 0.068359375 0.0849609375
0 0.7666015625 0.9091796875 0.0546875 0.078125
0 0.9794921875 0.9091796875 0.1171875 0.080078125
0 0.845703125 0.2802734375 0.06640625 0.0595703125
0 0.7939453125 0.3740234375 0.0537109375 0.0693359375
0 0.94140625 0.9482421875 0.0458984375 0.0439453125
0 0.6298828125 0.880859375 0.1015625 0.0419921875
0 0.919921875 0.32421875 0.0703125 0.0546875
0 0.951171875 0.6826171875 0.046875 0.0537109375
0 0.9248046875 0.794921875 0.078125 0.0654296875
0 0.7412109375 0.990234375 0.1171875 0.0849609375
