0 0.5546875 0.58984375 0.0751953125 0.095703125
0 0.6767578125 0.8642578125 0.091796875 0.07421875
0 0.4716796875 0.5244140625 0.07421875 0.080078125
0 0.9921875 0.0947265625 0.087890625 0.08984375
0 0.6767578125 0.20703125 0.080078125 0.1103515625
0 0.0771484375 0.5556640625 0.076171875 0.0634765625
0 0.5849609375 0.134765625 0.0830078125 0.125
0 0.962890625 0.6787109375 0.0673828125 0.0771484375
0 0.82421875 0.6748046875 0.07421875 0.0703125
0 0.5546875 0.33203125 0.140625 0.134765625
0 0.529296875 0.45703125 0.0751953125 0.072265625
0 0.96875 0.45703125 0.0830078125 0.130859375
0 0.7373046875 0.3916015625 0.0751953125 0.07421875
0 0.9619140625 0.75390625 0.05859375 0.0537109375
0 1.0 0.189453125 0.0908203125 0.1025390625
0 0.46484375 0.2197265625 0.0830078125 0.087890625
0 0.6748046875 0.375 0.080078125 0.0751953125
0 0.6689453125 0.04296875 0.0576171875 0.04296875
0 0.82421875 0.591796875 0.0771484375 0.0751953125
0 0.8046875 0.759765625 0.080078125 0.078125
0 0.71484375 0.2890625 0.0673828125 0.07421875
0 0.9248046875 0.8974609375 0.10546875 0.0830078125
0 0.3515625 0.283203125 0.0830078125 0.0712890625
0 0.6201171875 0.98828125 0.0537109375 0.0625
0 0.6962890625 1.0 0.0654296875 0.0390625
0 0.77734375 0.8388671875 0.0634765625 0.0634765625
0 1.0 0.7451171875 0.0517578125 0.0751953125
0 0.8818359375 0.82421875 0.072265625 0.064453125
0 0.1220703125 0.10546875 0.0439453125 0.1005859375
