0 0.34765625 0.1025390625 0.1162109375 0.072265625
0 0.3271484375 0.15625 0.060546875 0.080078125
0 0.65625 0.056640625 0.115234375 0.056640625
0 0.5712890625 0.150390625 0.076171875 0.0693359375
0 0.609375 0.2119140625 0.095703125 0.080078125
0 0.59375 0.265625 0.068359375 0.05859375
0 0.810546875 0.13671875 0.09375 0.0625
0 0.8525390625 0.1669921875 0.060546875 0.0654296875
0 0.9716796875 0.0439453125 0.0791015625 0.0439453125
0 1.0 0.0712890625 0.0478515625 0.0556640625
0 0.16796875 0.3095703125 0.07421875 0.09375
0 0.3310546875 0.32421875 0.1123046875 0.07421875
0 0.1005859375 0.4140625 0.0888671875 0.078125
0 0.15625 0.4541015625 0.0625 0.0947265625
0 0.341796875 0.4033203125 0.103515625 0.0859375
0 0.4541015625 0.408203125 0.11328125 0.0703125
0 0.4306640625 0.4677734375 0.0556640625 0.05078125
0 0.33984375 0.4677734375 0.0869140625 0.06640625
0 0.27734375 0.5341796875 0.06640625 0.0849609375
0 0.0517578125 0.552734375 0.044921875 0.0703125
0 0.1025390625 0.5517578125 0.046875 0.0751953125
0 0.1591796875 0.55078125 0.0693359375 0.0595703125
0 0.21875 0.59375 0.126953125 0.076171875
0 0.5693359375 0.5751953125 0.083984375 0.0546875
0 0.66796875 0.48828125 0.08203125 0.0615234375
0 0.6767578125 0.59765625 0.0771484375 0.0869140625
0 0.787109375 0.5 0.080078125 0.076171875
0 0.697265625 0.365234375 0.072265625 0.05078125
0 0.8212890625 0.3857421875 0.0712890625 0.07421875
0 0.96484375 0.298828125 0.0712890625 0.068359375
0 0.94921875 0.384765625 0.0654296875 0.0791015625
0 1.0 0.4091796875 0.072265625 0.0712890625
0 0.9423828125 0.533203125 0.05859375 0.068359375
0 0.8623046875 0.6015625 0.0771484375 0.087890625
0 0.8134765625 0.7001953125 0.08984375 0.107421875
0 0.9599609375 0.599609375 0.0693359375 0.0615234375
0 1.0 0.6064453125 0.0537109375 0.056640625
0 1.0 0.740234375 0.119140625 0.10546875
0 0.890625 0.7109375 0.0517578125 0.0712890625
0 0.341796875 0.841796875 0.0859375 0.0830078125
0 0.478515625 0.7880859375 0.0537109375 0.080078125
0 0.529296875 0.83203125 0.0712890625 0.0947265625
0 0.2265625 0.6708984375 0.064453125 0.080078125
0 0.1630859375 0.7958984375 0.080078125 0.0771484375
0 0.169921875 0.919921875 0.0849609375 0.07421875
0 0.251953125 0.9384765625 0.0830078125 0.09375
0 0.2177734375 0.998046875 0.080078125 0.078125
0 0.3505859375 1.0 0.0732421875 0.0576171875
0 0.328125 0.9814453125 0.0693359375 0.0947265625
0 0.4462890625 0.9072265625 0.0888671875 0.0537109375
0 0.4375 0.8603515625 0.0732421875 0.056640625
0 0.556640625 0.9833984375 0.0712890625 0.0703125
0 0.4794921875 0.9970703125 0.0693359375 0.0986328125
0 0.427734375 1.0 0.080078125 0.060546875
0 0.7939453125 0.9638671875 0.0546875 0.0537109375
0 0.6611328125 0.84765625 0.07421875 0.0693359375
0 0.7138671875 0.9111328125 0.0732421875 0.08203125
0 0.771484375 0.8427734375 0.1142578125 0.0947265625
0 0.8857421875 0.8896484375 0.0654296875 0.0888671875
0 0.99609375 0.9091796875 0.0859375 0.076171875
0 0.9326171875 0.962890625 0.0859375 0.0517578125
0 0.4072265625 0.0859375 0.0751953125 0.0673828125
0 0.9111328125 0.154296875 0.0419921875 0.0390625
0 0.33203125 0.5732421875 0.0458984375 0.05859375
0 0.3505859375 0.029296875 0.087890625 0.029296875
