0 0.32421875 0.109375 0.08984375 0.107421875
0 0.244140625 0.45703125 0.091796875 0.1376953125
0 0.7744140625 0.5068359375 0.134765625 0.1748046875
0 0.8447265625 0.9619140625 0.0625 0.080078125
0 1.0 0.314453125 0.080078125 0.1220703125
0 0.380859375 0.287109375 0.08203125 0.1142578125
0 0.8798828125 0.3447265625 0.095703125 0.0830078125
0 0.224609375 0.912109375 0.087890625 0.0830078125
0 0.1943359375 0.6142578125 0.0849609375 0.109375
0 0.2529296875 0.7529296875 0.087890625 0.095703125
0 0.4248046875 0.51953125 0.1005859375 0.0849609375
0 0.6796875 0.1748046875 0.078125 0.08984375
0 0.716796875 0.82421875 0.0771484375 0.072265625
0 0.9052734375 0.474609375 0.076171875 0.08203125
0 0.904296875 0.20703125 0.0576171875 0.0771484375
0 0.8671875 1.0 0.087890625 0.0400390625
0 0.7841796875 0.697265625 0.134765625 0.150390625
0 0.8017578125 0.2392578125 0.1396484375 0.1796875
0 0.3125 0.509765625 0.087890625 0.115234375
0 0.1474609375 0.591796875 0.1181640625 0.1220703125
0 0.1474609375 1.0 0.1025390625 0.0380859375
0 0.2197265625 1.0 0.0654296875 0.025390625
0 0.962890625 0.2470703125 0.08203125 0.09765625
0 0.08203125 0.7666015625 0.080078125 0.1650390625
0 0.0947265625 0.1748046875 0.0849609375 0.0927734375
0 0.9482421875 0.470703125 0.0712890625 0.09375
