0 0.919921875 0.5244140625 0.142578125 0.09765625
0 0.0458984375 0.259765625 0.0458984375 0.091796875
0 0.1474609375 0.5390625 0.1025390625 0.0869140625
0 0.2841796875 0.974609375 0.099609375 0.0830078125
0 0.27734375 0.7373046875 0.0927734375 0.0673828125
0 0.5166015625 0.96484375 0.15234375 0.0654296875
0 0.0595703125 0.3974609375 0.0595703125 0.0908203125
0 0.654296875 0.869140625 0.1298828125 0.080078125
0 0.1123046875 0.95703125 0.1123046875 0.0595703125
0 0.2041015625 0.654296875 0.1044921875 0.1123046875
0 0.1396484375 0.2568359375 0.09765625 0.0576171875
0 0.4169921875 0.439453125 0.08984375 0.0947265625
0 0.689453125 0.1396484375 0.0751953125 0.0849609375
0 0.1494140625 0.3974609375 0.0546875 0.123046875
0 0.4794921875 0.3466796875 0.1826171875 0.080078125
0 0.3896484375 0.5390625 0.177734375 0.0947265625
0 0.232421875 0.9140625 0.078125 0.0693359375
0 0.794921875 0.2822265625 0.1103515625 0.107421875
0 0.32421875 0.26953125 0.064453125 0.0947265625
0 0.3193359375 0.599609375 0.099609375 0.0576171875
0 0.2666015625 0.6748046875 0.0693359375 0.0556640625
0 0.3291015625 0.431640625 0.1591796875 0.0966796875
0 0.4267578125 0.6015625 0.0751953125 0.08984375
0 0.591796875 0.244140625 0.1025390625 0.0869140625
0 0.2216796875 0.13671875 0.0576171875 0.134765625
0 0.044921875 0.7294921875 0.044921875 0.0703125
0 0.7421875 0.7470703125 0.1171875 0.0654296875
0 0.939453125 0.9248046875 0.1728515625 0.1123046875
0 0.2724609375 0.8193359375 0.0576171875 0.052734375
0 0.9541015625 0.7294921875 0.109375 0.0595703125
0 0.8720703125 0.0771484375 0.0771484375 0.0751953125
0 0.7568359375 0.9072265625 0.08984375 0.0830078125
0 0.974609375 0.1220703125 0.10546875 0.1201171875
0 0.9794921875 0.2568359375 0.099609375 0.08984375
0 0.751953125 0.5771484375 0.0595703125 0.1171875
0 0.1318359375 0.0849609375 0.08984375 0.0556640625
0 0.599609375 0.484375 0.177734375 0.080078125
0 0.8623046875 0.7265625 0.0673828125 0.064453125
0 0.439453125 0.2724609375 0.115234375 0.068359375
0 0.6748046875 0.7919921875 0.060546875 0.0673828125
0 0.5546875 0.33984375 0.115234375 0.0830078125
0 0.7373046875 0.6015625 0.0927734375 0.0673828125
0 0.51171875 0.7099609375 0.1826171875 0.087890625
0 0.796875 0.8369140625 0.0703125 0.0927734375
0 1.0 0.5244140625 0.09765625 0.0703125
0 0.294921875 0.4892578125 0.1533203125 0.0869140625
0 0.4599609375 0.912109375 0.1005859375 0.060546875
0 0.474609375 0.6318359375 0.125 0.0419921875
0 0.14453125 0.029296875 0.10546875 0.02734375
0 0.994140625 0.314453125 0.0869140625 0.064453125
0 0.9970703125 0.3642578125 0.0947265625 0.0673828125
0 0.9169921875 0.08203125 0.0654296875 0.080078125
0 0.494140625 0.8671875 0.056640625 0.0400390625
0 0.9345703125 0.875 0.162109375 0.078125
0 0.904296875 0.40234375 0.0869140625 0.060546875
0 1.0 0.9443359375 0.056640625 0.0673828125
0 0.9970703125 0.171875 0.087890625 0.0546875
0 0.83984375 0.806640625 0.0595703125 0.0546875
0 0.0966796875 0.39453125 0.0625 0.10546875
0 0.1943359375 0.4091796875 0.0595703125 0.1044921875
0 0.05859375 0.775390625 0.04296875 0.1533203125
0 0.7919921875 0.76171875 0.080078125 0.0849609375
0 1.0 0.876953125 0.04296875 0.099609375
0 0.953125 0.94140625 0.123046875 0.0546875
0 0.1572265625 0.4697265625 0.107421875 0.04296875
0 0.759765625 0.2392578125 0.080078125 0.08203125
0 0.689453125 0.2919921875 0.1474609375 0.1123046875
0 1.0 0.134765625 0.03515625 0.078125
