0 0.44921875 0.9169921875 0.0947265625 0.09765625
0 0.556640625 0.4267578125 0.119140625 0.107421875
0 0.634765625 0.234375 0.1025390625 0.08203125
0 0.326171875 0.7197265625 0.0849609375 0.09765625
0 0.32421875 0.1201171875 0.1171875 0.1201171875
0 0.9892578125 0.0625 0.1298828125 0.0625
0 0.44921875 0.2646484375 0.0771484375 0.0830078125
0 0.52734375 0.6298828125 0.087890625 0.0849609375
0 0.5166015625 0.7470703125 0.134765625 0.107421875
0 0.4599609375 0.634765625 0.0908203125 0.0830078125
0 0.8349609375 0.9521484375 0.1357421875 0.107421875
0 0.51953125 0.1640625 0.0849609375 0.07421875
0 0.82421875 0.65234375 0.0673828125 0.0732421875
0 0.33984375 0.2919921875 0.080078125 0.1279296875
0 0.6796875 0.6875 0.0703125 0.0654296875
0 0.9970703125 0.564453125 0.0546875 0.09765625
0 0.7568359375 0.7021484375 0.0869140625 0.0849609375
0 0.994140625 0.419921875 0.107421875 0.095703125
0 0.7919921875 0.541015625 0.0498046875 0.0458984375
0 0.9990234375 0.8125 0.0341796875 0.087890625
0 0.3212890625 0.603515625 0.0908203125 0.0693359375
