0 0.6533203125 0.5146484375 0.0771484375 0.142578125
0 0.564453125 0.3896484375 0.0869140625 0.0859375
0 0.857421875 0.291015625 0.109375 0.1240234375
0 0.9072265625 0.4453125 0.1494140625 0.1025390625
0 0.861328125 0.53125 0.134765625 0.0634765625
0 0.99609375 0.576171875 0.095703125 0.0986328125
0 0.974609375 0.6962890625 0.0654296875 0.1123046875
0 0.828125 0.6259765625 0.0517578125 0.0634765625
0 0.6337890625 0.7373046875 0.0693359375 0.05859375
0 0.6201171875 0.6279296875 0.0947265625 0.0654296875
0 0.75390625 0.787109375 0.068359375 0.064453125
0 0.6884765625 0.8095703125 0.05078125 0.06640625
0 0.83203125 0.873046875 0.1357421875 0.08203125
0 1.0 0.896484375 0.0849609375 0.068359375
0 0.759765625 0.978515625 0.0966796875 0.080078125
0 0.83203125 0.9990234375 0.052734375 0.0654296875
0 0.6083984375 1.0 0.0517578125 0.076171875
0 0.56640625 1.0 0.078125 0.072265625
0 0.6484375 0.927734375 0.0732421875 0.0751953125
0 0.3984375 0.9853515625 0.0634765625 0.099609375
0 0.37109375 0.8544921875 0.056640625 0.060546875
0 0.2978515625 0.7138671875 0.0986328125 0.083984375
0 0.16796875 0.7158203125 0.0947265625 0.06640625
0 0.2333984375 0.5615234375 0.1318359375 0.0625
0 0.3203125 0.5439453125 0.0576171875 0.1015625
0 0.3818359375 0.4599609375 0.0673828125 0.111328125
0 0.291015625 0.3779296875 0.0732421875 0.056640625
0 0.3828125 0.3427734375 0.0556640625 0.0771484375
0 0.4453125 0.3310546875 0.0615234375 0.0537109375
0 0.056640625 0.8564453125 0.046875 0.0546875
0 0.076171875 0.958984375 0.076171875 0.1201171875
0 0.1611328125 0.8828125 0.0625 0.0869140625
0 0.234375 0.9150390625 0.052734375 0.0986328125
0 0.2978515625 0.87109375 0.072265625 0.056640625
0 0.2998046875 0.9619140625 0.0556640625 0.1123046875
0 0.3603515625 0.9345703125 0.06640625 0.080078125
0 0.046875 0.6845703125 0.046875 0.076171875
0 0.060546875 0.5263671875 0.060546875 0.052734375
0 0.1826171875 0.423828125 0.0732421875 0.0595703125
0 0.1865234375 0.3388671875 0.078125 0.0595703125
0 0.3515625 0.2333984375 0.1650390625 0.0576171875
0 0.0654296875 0.2578125 0.0654296875 0.068359375
0 0.0654296875 0.171875 0.0625 0.0732421875
0 0.283203125 0.0537109375 0.064453125 0.0537109375
0 0.56640625 0.1376953125 0.06640625 0.1376953125
0 0.6669921875 0.1650390625 0.1611328125 0.078125
0 0.501953125 0.4912109375 0.0634765625 0.0673828125
0 1.0 0.2548828125 0.0439453125 0.07421875
0 0.9580078125 0.0947265625 0.0517578125 0.0947265625
0 0.1953125 0.7724609375 0.083984375 0.060546875
0 0.1044921875 0.6669921875 0.0322265625 0.0390625
