0 0.2724609375 0.2197265625 0.0546875 0.0966796875
0 0.306640625 0.224609375 0.0556640625 0.0595703125
0 0.396484375 0.1865234375 0.0615234375 0.048828125
0 0.4326171875 0.2470703125 0.0654296875 0.06640625
0 0.5068359375 0.1708984375 0.0732421875 0.0849609375
0 0.513671875 0.21484375 0.05859375 0.0537109375
0 0.6357421875 0.0947265625 0.0634765625 0.0947265625
0 0.6845703125 0.0947265625 0.056640625 0.0849609375
0 0.146484375 0.482421875 0.0751953125 0.107421875
0 0.2685546875 0.4443359375 0.05859375 0.087890625
0 0.3271484375 0.4677734375 0.072265625 0.06640625
0 0.3837890625 0.4658203125 0.0712890625 0.1171875
0 0.513671875 0.419921875 0.060546875 0.0849609375
0 0.615234375 0.3681640625 0.060546875 0.0888671875
0 0.6630859375 0.4033203125 0.087890625 0.0634765625
0 0.740234375 0.3017578125 0.08984375 0.05859375
0 0.7802734375 0.2177734375 0.0908203125 0.0546875
0 0.7705078125 0.1416015625 0.083984375 0.1025390625
0 0.8388671875 0.1357421875 0.0703125 0.0634765625
0 0.1455078125 0.5625 0.1201171875 0.0703125
0 0.181640625 0.609375 0.05078125 0.0615234375
0 0.37109375 0.630859375 0.091796875 0.072265625
0 0.4638671875 0.6640625 0.076171875 0.0634765625
0 0.576171875 0.6845703125 0.091796875 0.052734375
0 0.4033203125 0.728515625 0.1123046875 0.0634765625
0 0.2451171875 0.669921875 0.08984375 0.0546875
0 0.4111328125 0.5263671875 0.0966796875 0.0556640625
0 0.5390625 0.564453125 0.1005859375 0.0625
0 0.6640625 0.5283203125 0.0576171875 0.0615234375
0 0.744140625 0.5810546875 0.09375 0.05859375
0 0.8369140625 0.5966796875 0.1083984375 0.080078125
0 0.8544921875 0.548828125 0.07421875 0.052734375
0 1.0 0.6123046875 0.11328125 0.06640625
0 1.0 0.662109375 0.107421875 0.068359375
0 0.931640625 0.6875 0.0947265625 0.05078125
0 0.9970703125 0.7431640625 0.0927734375 0.0888671875
0 0.68359375 0.7861328125 0.076171875 0.0556640625
0 0.6298828125 0.6474609375 0.0625 0.0595703125
0 0.9638671875 0.255859375 0.091796875 0.078125
0 0.86328125 0.259765625 0.0712890625 0.095703125
0 0.8896484375 0.3486328125 0.0654296875 0.068359375
0 0.9453125 0.3583984375 0.078125 0.0791015625
0 0.8984375 0.455078125 0.0771484375 0.076171875
0 0.75390625 0.412109375 0.0869140625 0.0654296875
0 0.9853515625 1.0 0.0634765625 0.0556640625
0 0.8388671875 1.0 0.0771484375 0.0341796875
0 0.6640625 1.0 0.087890625 0.0390625
0 0.734375 0.951171875 0.08984375 0.056640625
0 0.5908203125 0.916015625 0.0771484375 0.0654296875
0 0.5205078125 0.92578125 0.052734375 0.060546875
0 0.4267578125 0.970703125 0.0693359375 0.0625
0 0.5546875 1.0 0.0986328125 0.0400390625
0 0.310546875 0.98828125 0.080078125 0.0869140625
0 0.111328125 0.9853515625 0.07421875 0.0673828125
0 0.974609375 0.408203125 0.048828125 0.0625
0 0.12109375 0.595703125 0.0380859375 0.0576171875
0 0.12890625 0.3857421875 0.0390625 0.05859375
0 0.5126953125 0.3125 0.0595703125 0.0380859375
0 0.634765625 0.1298828125 0.056640625 0.0458984375
