0 0.0322265625 0.7421875 0.0322265625 0.0947265625
0 0.4072265625 0.2119140625 0.1455078125 0.064453125
0 0.134765625 0.779296875 0.1025390625 0.09765625
0 0.8193359375 0.5673828125 0.1474609375 0.080078125
0 0.1396484375 0.2041015625 0.1376953125 0.0771484375
0 0.056640625 0.974609375 0.056640625 0.107421875
0 0.33984375 0.0966796875 0.150390625 0.0947265625
0 0.25 0.8916015625 0.1181640625 0.099609375
0 0.9423828125 0.6123046875 0.0927734375 0.0751953125
0 0.169921875 1.0 0.1005859375 0.0703125
0 0.1845703125 0.3916015625 0.0771484375 0.08203125
0 0.7548828125 0.65234375 0.2802734375 0.08984375
0 0.0849609375 0.4169921875 0.0849609375 0.162109375
0 0.4169921875 0.3125 0.08984375 0.0625
0 0.060546875 0.7021484375 0.0439453125 0.09765625
0 0.4892578125 0.072265625 0.1650390625 0.0703125
0 0.5546875 1.0 0.087890625 0.005859375
0 0.9248046875 0.45703125 0.0732421875 0.162109375
0 0.591796875 0.126953125 0.099609375 0.0947265625
0 0.2021484375 0.509765625 0.080078125 0.072265625
0 0.9716796875 0.232421875 0.1298828125 0.0927734375
0 0.0771484375 0.5498046875 0.0771484375 0.095703125
0 0.4091796875 0.39453125 0.0693359375 0.08984375
0 0.2919921875 0.9970703125 0.09765625 0.1298828125
0 0.6845703125 0.529296875 0.2373046875 0.099609375
0 0.58984375 0.216796875 0.10546875 0.0751953125
0 0.57421875 0.57421875 0.1494140625 0.0498046875
0 0.9072265625 0.6591796875 0.080078125 0.0625
0 0.494140625 0.8369140625 0.259765625 0.1025390625
0 0.5 0.15234375 0.1904296875 0.080078125
0 0.984375 0.919921875 0.1572265625 0.0732421875
0 0.44921875 0.919921875 0.162109375 0.16796875
0 0.9921875 0.806640625 0.115234375 0.0693359375
0 0.65234375 0.3720703125 0.08984375 0.205078125
0 0.6591796875 0.484375 0.2373046875 0.107421875
0 0.9892578125 0.859375 0.15234375 0.064453125
0 0.76171875 0.2548828125 0.1826171875 0.115234375
0 0.787109375 0.349609375 0.1474609375 0.0673828125
0 0.3994140625 0.5791015625 0.1044921875 0.1416015625
0 0.51953125 0.171875 0.1103515625 0.064453125
0 0.08984375 0.064453125 0.08984375 0.0625
0 0.9921875 0.671875 0.0927734375 0.0595703125
0 0.501953125 0.814453125 0.1220703125 0.0673828125
0 0.6474609375 0.556640625 0.0654296875 0.064453125
0 0.0693359375 0.509765625 0.0693359375 0.0751953125
0 0.1142578125 0.431640625 0.0771484375 0.0625
0 0.447265625 0.9267578125 0.1455078125 0.080078125
0 1.0 0.107421875 0.080078125 0.078125
0 0.6923828125 0.0390625 0.0908203125 0.037109375
0 0.5791015625 0.6923828125 0.119140625 0.0625
0 0.8271484375 0.3017578125 0.1650390625 0.1123046875
0 0.7822265625 0.2470703125 0.080078125 0.052734375
0 0.2841796875 0.9599609375 0.0419921875 0.095703125
