0 0.5244140625 0.17578125 0.0712890625 0.083984375
0 0.6884765625 0.427734375 0.0634765625 0.076171875
0 0.9462890625 0.1826171875 0.0625 0.0751953125
0 0.7099609375 0.607421875 0.07421875 0.05859375
0 0.396484375 0.9072265625 0.091796875 0.0849609375
0 0.3427734375 0.451171875 0.1220703125 0.06640625
0 0.974609375 0.7353515625 0.0595703125 0.052734375
0 0.24609375 0.216796875 0.0634765625 0.068359375
0 0.380859375 0.3876953125 0.04296875 0.0986328125
0 0.3017578125 0.892578125 0.0634765625 0.0595703125
0 0.1474609375 0.2890625 0.076171875 0.1279296875
0 0.1845703125 0.52734375 0.0859375 0.0498046875
0 0.2763671875 0.8017578125 0.0634765625 0.060546875
0 0.57421875 0.7822265625 0.060546875 0.0576171875
0 0.1943359375 0.4423828125 0.0537109375 0.037109375
0 0.5341796875 0.3994140625 0.0546875 0.0478515625
0 0.1826171875 0.23828125 0.064453125 0.0556640625
0 0.6904296875 0.859375 0.05078125 0.037109375
0 0.119140625 0.4716796875 0.0703125 0.037109375
0 0.1015625 0.9033203125 0.044921875 0.0732421875
0 0.1298828125 0.83984375 0.05078125 0.0712890625
0 0.662109375 0.11328125 0.0380859375 0.072265625
0 0.6083984375 0.5166015625 0.103515625 0.0517578125
0 0.068359375 0.7783203125 0.0625 0.0400390625
0 0.8408203125 0.572265625 0.05859375 0.0458984375
0 0.060546875 0.0537109375 0.060546875 0.0263671875
0 0.359375 0.2294921875 0.068359375 0.03125
0 0.208984375 0.4814453125 0.064453125 0.0380859375
0 0.75 0.4404296875 0.0302734375 0.0771484375
0 0.505859375 0.47265625 0.056640625 0.05859375
0 0.6357421875 0.431640625 0.0537109375 0.0458984375
0 0.099609375 0.2509765625 0.0693359375 0.044921875
0 0.40234375 0.6748046875 0.0908203125 0.0517578125
0 0.208984375 0.9375 0.05859375 0.0419921875
0 0.998046875 0.8662109375 0.037109375 0.05078125
0 0.357421875 0.0341796875 0.0888671875 0.0341796875
0 0.2646484375 0.4638671875 0.046875 0.0615234375
0 0.67578125 0.953125 0.068359375 0.0478515625
0 0.2109375 1.0 0.0625 0.0537109375
0 0.9169921875 0.498046875 0.0478515625 0.07421875
0 0.953125 0.4462890625 0.060546875 0.03515625
0 0.7919921875 0.7431640625 0.0712890625 0.095703125
0 0.0390625 0.5458984375 0.0390625 0.033203125
0 0.193359375 0.333984375 0.078125 0.05078125
0 0.9169921875 0.908203125 0.08984375 0.0517578125
0 0.455078125 0.5927734375 0.044921875 0.0390625
0 0.2451171875 0.1767578125 0.0478515625 0.0537109375
0 0.81640625 0.5126953125 0.0634765625 0.037109375
0 0.06640625 0.55078125 0.0439453125 0.0498046875
0 0.3583984375 0.486328125 0.0390625 0.0498046875
0 0.53515625 0.0439453125 0.05078125 0.02734375
0 0.2119140625 0.5849609375 0.0546875 0.0263671875
0 0.4501953125 0.0703125 0.033203125 0.0625
0 0.263671875 0.900390625 0.0361328125 0.0673828125
0 0.6142578125 0.9501953125 0.0693359375 0.037109375
0 0.3671875 0.8310546875 0.044921875 0.0263671875
0 0.23876953125 0.8458984375 0.1001953125 0.04541015625
0 0.9931640625 0.0869140625 0.0576171875 0.044921875
0 0.2275390625 0.7978515625 0.0703125 0.0419921875
0 0.068359375 0.4365234375 0.052734375 0.0625
0 0.5048828125 0.5263671875 0.0439453125 0.0537109375
0 0.9765625 0.306640625 0.0517578125 0.0390625
0 0.345703125 0.5 0.048828125 0.0283203125
0 0.7900390625 0.4609375 0.037109375 0.0771484375
0 0.6982421875 0.998046875 0.0498046875 0.0439453125
0 0.498046875 0.8515625 0.046875 0.029296875
0 0.4677734375 0.0673828125 0.0478515625 0.0576171875
0 0.7490234375 1.0 0.0546875 0.064453125
0 0.681640625 0.0380859375 0.0634765625 0.0380859375
0 1.0 0.5 0.025390625 0.056640625
0 0.1513671875 0.5654296875 0.0693359375 0.044921875
0 0.87109375 0.5634765625 0.060546875 0.0615234375
0 0.2685546875 0.8046875 0.0546875 0.04296875
0 1.0 0.544921875 0.037109375 0.0400390625
0 0.2265625 0.0146484375 0.05859375 0.0146484375
0 0.130859375 0.060546875 0.0556640625 0.0419921875
0 0.82421875 0.7646484375 0.115234375 0.0927734375
0 0.185546875 0.5458984375 0.08203125 0.0390625
0 0.3544921875 0.5283203125 0.05859375 0.041015625
0 0.3193359375 0.0498046875 0.041015625 0.0283203125
0 0.7919921875 0.8994140625 0.0556640625 0.05078125
0 0.16796875 0.921875 0.0673828125 0.0458984375
0 0.04296875 0.93359375 0.04296875 0.048828125
