0 0.8896484375 0.3193359375 0.072265625 0.0771484375
0 0.8046875 0.037109375 0.1328125 0.037109375
0 0.7890625 0.9873046875 0.0947265625 0.1181640625
0 0.6923828125 0.9892578125 0.099609375 0.109375
0 0.1904296875 0.7421875 0.130859375 0.1044921875
0 0.20703125 0.431640625 0.078125 0.0791015625
0 0.064453125 0.18359375 0.064453125 0.0791015625
0 0.7392578125 0.294921875 0.080078125 0.095703125
0 0.6845703125 0.26953125 0.1455078125 0.1025390625
0 0.744140625 0.8369140625 0.0771484375 0.0849609375
0 0.5947265625 0.1396484375 0.0830078125 0.080078125
0 0.9462890625 0.1748046875 0.1005859375 0.080078125
0 0.556640625 0.2724609375 0.126953125 0.1328125
0 0.6669921875 0.3466796875 0.1044921875 0.0849609375
0 0.7421875 0.0869140625 0.1005859375 0.0869140625
0 0.0771484375 0.931640625 0.0751953125 0.1044921875
