0 0.162109375 0.71484375 0.0771484375 0.0849609375
0 0.4560546875 0.626953125 0.0810546875 0.0751953125
0 0.2255859375 0.8232421875 0.0830078125 0.09765625
0 1.0 0.7197265625 0.0830078125 0.080078125
0 0.841796875 0.169921875 0.0751953125 0.1005859375
0 0.1416015625 0.1640625 0.0791015625 0.0771484375
0 0.0634765625 0.9775390625 0.056640625 0.1240234375
0 0.689453125 0.107421875 0.0771484375 0.0732421875
0 0.2119140625 0.3193359375 0.0869140625 0.0751953125
0 0.814453125 0.724609375 0.083984375 0.0771484375
0 0.134765625 0.447265625 0.0927734375 0.0673828125
0 0.580078125 0.32421875 0.0830078125 0.099609375
0 0.8515625 0.40234375 0.0673828125 0.0732421875
0 0.3720703125 0.89453125 0.0703125 0.0927734375
0 0.5322265625 0.94921875 0.0654296875 0.08984375
0 0.501953125 0.3369140625 0.0595703125 0.0673828125
0 1.0 0.60546875 0.01953125 0.072265625
0 0.4765625 0.4443359375 0.0771484375 0.072265625
0 0.3515625 0.287109375 0.08203125 0.0673828125
0 0.3369140625 0.564453125 0.068359375 0.0732421875
0 0.4765625 0.154296875 0.0693359375 0.080078125
0 0.3046875 0.6923828125 0.078125 0.0849609375
0 0.3515625 0.0966796875 0.0693359375 0.072265625
0 0.90234375 0.384765625 0.052734375 0.09765625
0 0.7197265625 0.8046875 0.0703125 0.0703125
0 0.8349609375 0.5068359375 0.078125 0.072265625
0 0.4443359375 0.88671875 0.0751953125 0.0869140625
0 0.529296875 0.07421875 0.0869140625 0.072265625
0 0.9794921875 0.322265625 0.0595703125 0.0556640625
0 0.9345703125 0.869140625 0.0654296875 0.0673828125
0 0.412109375 0.4599609375 0.0771484375 0.068359375
0 0.2197265625 0.1923828125 0.0498046875 0.0576171875
0 0.1572265625 0.5224609375 0.0751953125 0.0849609375
0 0.3623046875 0.1572265625 0.0751953125 0.072265625
0 0.8466796875 0.0771484375 0.0546875 0.0625
0 0.8095703125 0.5595703125 0.080078125 0.080078125
0 0.447265625 0.0673828125 0.0830078125 0.0673828125
0 0.732421875 0.2041015625 0.052734375 0.056640625
0 0.8642578125 0.787109375 0.0673828125 0.072265625
0 1.0 0.2099609375 0.0703125 0.115234375
0 0.25 0.099609375 0.078125 0.0703125
0 0.94921875 0.7822265625 0.091796875 0.060546875
0 0.52734375 0.126953125 0.078125 0.0703125
0 0.15234375 0.21484375 0.0576171875 0.0576171875
0 0.3671875 0.349609375 0.078125 0.0703125
0 0.4423828125 0.3642578125 0.0751953125 0.0576171875
0 0.7548828125 0.26953125 0.0732421875 0.0595703125
0 0.154296875 1.0 0.068359375 0.0947265625
0 0.9140625 0.1015625 0.072265625 0.0498046875
0 0.9375 0.419921875 0.052734375 0.087890625
0 0.9521484375 0.474609375 0.087890625 0.0546875
0 1.0 0.419921875 0.052734375 0.0908203125
0 1.0 0.662109375 0.029296875 0.0546875
0 0.89453125 0.9619140625 0.0947265625 0.0625
0 0.919921875 1.0 0.1025390625 0.0556640625
0 0.9501953125 0.1142578125 0.05078125 0.0771484375
