0 0.0908203125 0.05859375 0.0712890625 0.0498046875
0 0.2333984375 0.0830078125 0.0556640625 0.0517578125
0 0.11328125 0.19140625 0.0595703125 0.05078125
0 0.0595703125 0.2314453125 0.0595703125 0.0517578125
0 0.0234375 0.3515625 0.0234375 0.0673828125
0 0.1865234375 0.3056640625 0.0595703125 0.0751953125
0 0.3134765625 0.2451171875 0.0869140625 0.0849609375
0 0.3642578125 0.15625 0.0537109375 0.0498046875
0 0.1259765625 0.4375 0.08984375 0.0712890625
0 0.21484375 0.4462890625 0.0615234375 0.068359375
0 0.3271484375 0.33984375 0.05859375 0.0576171875
0 0.4052734375 0.35546875 0.05859375 0.087890625
0 0.0537109375 0.994140625 0.0537109375 0.0712890625
0 0.31640625 1.0 0.0791015625 0.072265625
0 0.0859375 0.8876953125 0.0634765625 0.0869140625
0 0.1630859375 0.9228515625 0.05859375 0.0703125
0 0.2685546875 0.8857421875 0.0859375 0.0888671875
0 0.07421875 0.7509765625 0.07421875 0.0703125
0 0.177734375 0.654296875 0.0498046875 0.0810546875
0 0.1962890625 0.5966796875 0.0556640625 0.0634765625
0 0.26953125 0.7158203125 0.068359375 0.0673828125
0 0.3994140625 0.8115234375 0.0634765625 0.0595703125
0 0.427734375 0.890625 0.0576171875 0.0556640625
0 0.390625 0.6806640625 0.052734375 0.0595703125
0 0.3076171875 0.5751953125 0.0888671875 0.1025390625
0 0.5927734375 0.1484375 0.064453125 0.08984375
0 0.509765625 0.1103515625 0.107421875 0.1103515625
0 0.6728515625 0.4619140625 0.0869140625 0.0615234375
0 0.7275390625 0.5517578125 0.083984375 0.046875
0 0.8505859375 0.5751953125 0.0625 0.0537109375
0 0.5751953125 0.6494140625 0.0703125 0.0869140625
0 0.6884765625 0.724609375 0.0625 0.0732421875
0 0.6474609375 0.767578125 0.068359375 0.0419921875
0 0.8125 0.767578125 0.0908203125 0.0458984375
0 0.8984375 0.8017578125 0.0908203125 0.0654296875
0 0.9560546875 0.8828125 0.125 0.0615234375
0 0.80078125 0.7109375 0.1240234375 0.091796875
0 0.943359375 0.6591796875 0.072265625 0.05859375
0 1.0 0.6123046875 0.02734375 0.060546875
0 0.943359375 0.462890625 0.0654296875 0.0556640625
0 0.880859375 0.43359375 0.046875 0.05859375
0 0.89453125 0.3779296875 0.0751953125 0.0615234375
0 0.7724609375 0.330078125 0.0576171875 0.05078125
0 0.83984375 0.3271484375 0.0654296875 0.068359375
0 0.65625 0.337890625 0.0625 0.1025390625
0 0.75 0.1962890625 0.05078125 0.0595703125
0 1.0 0.3310546875 0.078125 0.0703125
0 1.0 0.1533203125 0.052734375 0.0634765625
0 0.912109375 0.181640625 0.048828125 0.0673828125
0 0.87109375 0.244140625 0.060546875 0.0654296875
0 0.859375 0.1279296875 0.06640625 0.091796875
0 0.775390625 0.0966796875 0.072265625 0.0703125
0 0.744140625 0.3984375 0.1474609375 0.05859375
0 0.96875 1.0 0.06640625 0.0205078125
0 0.791015625 1.0 0.0615234375 0.0205078125
0 0.5478515625 0.9697265625 0.08203125 0.0859375
