0 0.1015625 0.595703125 0.0966796875 0.0703125
0 0.1748046875 0.53125 0.078125 0.076171875
0 0.185546875 0.6357421875 0.068359375 0.0576171875
0 0.1474609375 0.7373046875 0.0986328125 0.0712890625
0 0.16796875 0.7939453125 0.0712890625 0.056640625
0 0.19140625 0.7451171875 0.044921875 0.0498046875
0 0.27734375 0.71875 0.1015625 0.103515625
0 0.169921875 0.6806640625 0.07421875 0.05078125
0 0.3671875 0.552734375 0.083984375 0.068359375
0 0.4140625 0.48828125 0.091796875 0.0703125
0 0.5341796875 0.658203125 0.068359375 0.0654296875
0 0.537109375 0.7265625 0.0888671875 0.0693359375
0 0.33984375 0.8623046875 0.0654296875 0.09375
0 0.41015625 0.8681640625 0.0673828125 0.1064453125
0 0.4638671875 0.927734375 0.078125 0.080078125
0 0.3056640625 0.9248046875 0.0654296875 0.0654296875
0 0.3154296875 1.0 0.0654296875 0.052734375
0 0.203125 1.0 0.068359375 0.0537109375
0 0.765625 1.0 0.126953125 0.0732421875
0 0.90625 0.9990234375 0.0634765625 0.03515625
0 0.6220703125 0.9248046875 0.0908203125 0.0439453125
0 0.9091796875 0.7822265625 0.0712890625 0.087890625
0 0.9697265625 0.8505859375 0.048828125 0.0732421875
0 1.0 0.7939453125 0.0693359375 0.068359375
0 0.97265625 0.7294921875 0.091796875 0.0654296875
0 0.9775390625 0.673828125 0.072265625 0.0595703125
0 0.927734375 0.9404296875 0.0703125 0.0595703125
0 0.8759765625 0.5927734375 0.0712890625 0.0712890625
0 0.9296875 0.615234375 0.05859375 0.0634765625
0 0.826171875 0.5107421875 0.072265625 0.0810546875
0 0.9892578125 0.4814453125 0.0654296875 0.0595703125
0 0.8251953125 0.3837890625 0.0771484375 0.080078125
0 0.775390625 0.2578125 0.0615234375 0.0595703125
0 0.6318359375 0.302734375 0.0703125 0.064453125
0 0.630859375 0.2509765625 0.07421875 0.0693359375
0 0.505859375 0.263671875 0.076171875 0.056640625
0 0.5595703125 0.3037109375 0.056640625 0.056640625
0 0.5341796875 0.1962890625 0.072265625 0.068359375
0 0.45703125 0.228515625 0.1005859375 0.083984375
0 0.076171875 0.33984375 0.076171875 0.0859375
0 0.0634765625 0.423828125 0.0595703125 0.072265625
0 0.169921875 0.2431640625 0.078125 0.0888671875
0 0.2236328125 0.1630859375 0.109375 0.0830078125
0 0.3271484375 0.125 0.08203125 0.068359375
0 0.2578125 0.037109375 0.091796875 0.037109375
0 0.35546875 0.033203125 0.0771484375 0.033203125
0 0.4501953125 0.08984375 0.060546875 0.056640625
0 0.5771484375 0.1171875 0.0771484375 0.0771484375
0 0.65625 0.0361328125 0.0703125 0.0361328125
0 0.67578125 0.0986328125 0.068359375 0.0654296875
0 0.74609375 0.0732421875 0.0712890625 0.0654296875
0 0.8486328125 0.0751953125 0.0771484375 0.068359375
0 0.8984375 0.1875 0.0654296875 0.0810546875
0 0.96875 0.18359375 0.0771484375 0.0654296875
0 1.0 0.259765625 0.0478515625 0.078125
0 0.671875 0.7646484375 0.0595703125 0.05859375
0 0.1083984375 0.248046875 0.0712890625 0.1025390625
0 0.9658203125 0.99609375 0.0634765625 0.0712890625
0 0.6240234375 0.900390625 0.095703125 0.041015625
0 0.0556640625 0.58984375 0.0537109375 0.0830078125
