0 0.0400390625 0.0205078125 0.0400390625 0.0205078125
0 0.3759765625 0.0341796875 0.0830078125 0.0341796875
0 0.0576171875 0.533203125 0.0576171875 0.064453125
0 0.12109375 0.5087890625 0.0703125 0.09375
0 0.2939453125 0.61328125 0.0654296875 0.1181640625
0 0.181640625 0.638671875 0.0908203125 0.10546875
0 0.0869140625 0.7080078125 0.0791015625 0.150390625
0 0.244140625 0.71875 0.068359375 0.0732421875
0 0.2216796875 0.87890625 0.095703125 0.125
0 0.03125 0.9521484375 0.03125 0.0810546875
0 0.21484375 0.9873046875 0.0751953125 0.064453125
0 0.3583984375 0.9326171875 0.0908203125 0.0693359375
0 0.435546875 0.7509765625 0.0830078125 0.0791015625
0 0.353515625 0.6494140625 0.0654296875 0.0654296875
0 0.306640625 0.6796875 0.0537109375 0.0595703125
0 0.3955078125 0.556640625 0.078125 0.0751953125
0 0.576171875 0.4013671875 0.083984375 0.0517578125
0 0.62890625 0.521484375 0.0947265625 0.119140625
0 0.71484375 0.4658203125 0.1025390625 0.06640625
0 0.908203125 0.3935546875 0.10546875 0.0830078125
0 0.533203125 0.5771484375 0.0615234375 0.0703125
0 0.623046875 0.59765625 0.08203125 0.0791015625
0 0.5107421875 0.62890625 0.0849609375 0.0546875
0 0.484375 0.6708984375 0.076171875 0.0576171875
0 0.5712890625 0.7275390625 0.076171875 0.1064453125
0 0.48046875 0.8037109375 0.0517578125 0.0927734375
0 0.609375 0.87890625 0.091796875 0.1455078125
0 0.521484375 0.96875 0.0595703125 0.076171875
0 0.6044921875 1.0 0.099609375 0.0986328125
0 0.90234375 0.7998046875 0.154296875 0.06640625
0 0.859375 0.7177734375 0.048828125 0.0888671875
0 0.90234375 0.638671875 0.0615234375 0.0556640625
0 0.96875 0.73046875 0.0859375 0.1015625
0 0.8955078125 0.1650390625 0.072265625 0.1064453125
0 0.7880859375 0.1455078125 0.07421875 0.0908203125
0 0.76171875 0.0693359375 0.138671875 0.0693359375
0 0.796875 0.0302734375 0.091796875 0.0302734375
0 0.5673828125 0.10546875 0.0634765625 0.10546875
0 0.6279296875 0.0712890625 0.0625 0.0712890625
0 0.9658203125 0.041015625 0.056640625 0.041015625
0 0.970703125 0.83984375 0.0654296875 0.0615234375
0 1.0 0.9052734375 0.046875 0.1025390625
0 0.7060546875 0.578125 0.0966796875 0.099609375
0 0.4189453125 0.1572265625 0.0947265625 0.1201171875
0 0.443359375 0.1015625 0.0517578125 0.0556640625
