0 0.056640625 0.5986328125 0.056640625 0.052734375
0 0.201171875 0.765625 0.1572265625 0.080078125
0 0.3671875 0.677734375 0.119140625 0.0712890625
0 0.2294921875 0.568359375 0.0595703125 0.076171875
0 0.197265625 0.6787109375 0.076171875 0.0830078125
0 0.1171875 0.5263671875 0.10546875 0.087890625
0 0.1025390625 0.5576171875 0.078125 0.04296875
0 0.2001953125 0.49609375 0.1142578125 0.0849609375
0 0.09765625 1.0 0.0869140625 0.048828125
0 0.2734375 0.916015625 0.0517578125 0.0634765625
0 0.3642578125 0.91796875 0.1103515625 0.064453125
0 0.412109375 1.0 0.0751953125 0.056640625
0 0.5361328125 0.9990234375 0.0654296875 0.0625
0 0.4013671875 0.5732421875 0.0576171875 0.0615234375
0 0.3671875 0.470703125 0.0869140625 0.0634765625
0 0.451171875 0.4951171875 0.0830078125 0.0546875
0 0.5107421875 0.4423828125 0.09765625 0.05859375
0 0.6240234375 0.6083984375 0.0732421875 0.091796875
0 0.619140625 0.6962890625 0.060546875 0.1171875
0 0.7138671875 0.5400390625 0.123046875 0.0654296875
0 0.591796875 0.392578125 0.0966796875 0.0546875
0 0.576171875 0.294921875 0.0703125 0.1142578125
0 0.1044921875 0.37890625 0.1044921875 0.0546875
0 0.203125 0.3310546875 0.08984375 0.0576171875
0 0.3291015625 0.3818359375 0.1103515625 0.068359375
0 0.2841796875 0.2705078125 0.0986328125 0.0712890625
0 0.12109375 0.21484375 0.083984375 0.0615234375
0 0.109375 0.3037109375 0.0654296875 0.0625
0 0.390625 0.2412109375 0.0693359375 0.060546875
0 0.3828125 0.16796875 0.06640625 0.0517578125
0 0.447265625 0.1806640625 0.0693359375 0.0546875
0 0.5732421875 0.0654296875 0.0966796875 0.0654296875
0 0.65234375 0.1416015625 0.0654296875 0.0751953125
0 0.849609375 0.083984375 0.0947265625 0.0693359375
0 0.05859375 0.1083984375 0.05859375 0.072265625
0 0.390625 0.0546875 0.1103515625 0.05078125
0 1.0 0.4072265625 0.0498046875 0.0712890625
0 0.306640625 0.1591796875 0.1083984375 0.134765625
0 1.0 0.6396484375 0.0771484375 0.06640625
0 0.861328125 0.1572265625 0.072265625 0.0537109375
0 0.916015625 0.1865234375 0.0654296875 0.0517578125
0 0.8173828125 0.2646484375 0.076171875 0.076171875
0 0.8251953125 0.3671875 0.11328125 0.1005859375
0 0.7431640625 0.3876953125 0.0712890625 0.0732421875
0 0.9638671875 0.3759765625 0.0654296875 0.1171875
0 0.8125 0.4453125 0.083984375 0.044921875
0 0.8798828125 0.505859375 0.166015625 0.0908203125
0 0.92578125 0.5654296875 0.1572265625 0.0625
0 0.9990234375 0.564453125 0.09375 0.0771484375
0 1.0 0.48828125 0.080078125 0.0478515625
0 0.9052734375 0.6572265625 0.080078125 0.0693359375
0 0.95703125 0.7099609375 0.0859375 0.0458984375
0 0.8466796875 0.7841796875 0.0654296875 0.0546875
0 0.9521484375 0.7890625 0.0703125 0.0498046875
0 0.677734375 0.8271484375 0.1044921875 0.064453125
0 0.7333984375 0.892578125 0.0634765625 0.056640625
0 0.7255859375 0.95703125 0.0625 0.052734375
0 0.7080078125 1.0 0.103515625 0.0634765625
0 0.91796875 0.830078125 0.0673828125 0.0419921875
0 0.439453125 0.6220703125 0.0537109375 0.0595703125
0 0.056640625 0.1650390625 0.0517578125 0.048828125
0 0.392578125 0.69921875 0.060546875 0.048828125
0 0.2099609375 0.2822265625 0.0537109375 0.044921875
0 0.74609375 0.9228515625 0.0546875 0.029296875
