0 0.92578125 0.255859375 0.10546875 0.0732421875
0 0.5615234375 0.146484375 0.080078125 0.05078125
0 0.482421875 0.0693359375 0.0595703125 0.0693359375
0 0.2978515625 0.0322265625 0.0712890625 0.0322265625
0 0.26171875 0.087890625 0.0908203125 0.052734375
0 0.0771484375 0.171875 0.0771484375 0.0546875
0 0.2119140625 0.1259765625 0.080078125 0.0654296875
0 0.2587890625 0.1708984375 0.0888671875 0.0537109375
0 0.2763671875 0.2919921875 0.1162109375 0.1318359375
0 0.1708984375 0.302734375 0.06640625 0.0693359375
0 0.404296875 0.3779296875 0.119140625 0.1416015625
0 0.3486328125 0.423828125 0.1015625 0.0703125
0 0.2509765625 0.4521484375 0.072265625 0.0869140625
0 0.56640625 0.4345703125 0.0849609375 0.0703125
0 0.640625 0.3310546875 0.0615234375 0.1015625
0 0.53125 0.265625 0.0576171875 0.0517578125
0 0.4599609375 0.2099609375 0.0556640625 0.07421875
0 0.396484375 0.2333984375 0.0986328125 0.09765625
0 0.458984375 0.115234375 0.064453125 0.0634765625
0 0.984375 0.43359375 0.076171875 0.0703125
0 0.7216796875 0.37890625 0.126953125 0.1015625
0 0.88671875 0.341796875 0.1025390625 0.08984375
0 0.890625 0.38671875 0.0673828125 0.076171875
0 0.841796875 0.55859375 0.0576171875 0.0615234375
0 0.5400390625 0.669921875 0.185546875 0.140625
0 0.0732421875 0.7138671875 0.05859375 0.0947265625
0 0.1923828125 0.7470703125 0.1064453125 0.08984375
0 0.2001953125 0.8349609375 0.119140625 0.12109375
0 0.53125 0.76953125 0.0791015625 0.0908203125
0 0.3232421875 0.93359375 0.0888671875 0.09375
0 0.416015625 0.89453125 0.080078125 0.0703125
0 0.3056640625 0.818359375 0.068359375 0.0498046875
0 0.1953125 0.9326171875 0.09765625 0.0927734375
0 0.62109375 0.9658203125 0.12109375 0.080078125
0 0.765625 0.93359375 0.1357421875 0.0654296875
0 0.8681640625 0.8984375 0.09375 0.1025390625
0 0.7451171875 0.791015625 0.0859375 0.08984375
0 0.6708984375 0.78125 0.044921875 0.0732421875
0 0.705078125 0.8359375 0.0595703125 0.0712890625
0 0.6630859375 0.736328125 0.0693359375 0.091796875
0 0.88671875 0.7294921875 0.07421875 0.0732421875
0 0.99609375 0.7587890625 0.099609375 0.0654296875
0 0.970703125 0.8603515625 0.080078125 0.0830078125
0 0.794921875 0.6953125 0.0771484375 0.0615234375
0 1.0 0.634765625 0.0810546875 0.0888671875
0 0.6376953125 0.875 0.0732421875 0.0654296875
0 0.4697265625 0.955078125 0.05859375 0.05078125
0 0.228515625 1.0 0.0615234375 0.048828125
0 0.080078125 0.9814453125 0.05859375 0.0390625
0 0.037109375 0.2626953125 0.037109375 0.078125
