0 0.0576171875 0.7109375 0.046875 0.0732421875
0 0.134765625 0.7216796875 0.07421875 0.0546875
0 0.1337890625 0.66796875 0.0712890625 0.07421875
0 0.1572265625 0.6171875 0.0771484375 0.060546875
0 0.37109375 0.6318359375 0.109375 0.0947265625
0 0.1455078125 0.5068359375 0.076171875 0.0732421875
0 0.2080078125 0.5185546875 0.0732421875 0.0966796875
0 0.251953125 0.5224609375 0.041015625 0.0546875
0 0.4658203125 0.587890625 0.134765625 0.1259765625
0 0.41796875 0.4912109375 0.076171875 0.064453125
0 0.6572265625 0.5810546875 0.1396484375 0.1142578125
0 0.3935546875 0.255859375 0.1396484375 0.078125
0 0.1884765625 0.2041015625 0.138671875 0.11328125
0 0.056640625 0.3193359375 0.056640625 0.05859375
0 0.15234375 0.0556640625 0.09375 0.0556640625
0 0.509765625 0.15234375 0.1279296875 0.0869140625
0 0.36328125 0.1630859375 0.07421875 0.09765625
0 0.5439453125 0.21484375 0.078125 0.064453125
0 0.697265625 0.2216796875 0.083984375 0.072265625
0 0.7431640625 0.240234375 0.0615234375 0.0595703125
0 0.7333984375 0.0810546875 0.107421875 0.07421875
0 0.603515625 0.1748046875 0.109375 0.0869140625
0 0.8486328125 0.064453125 0.0634765625 0.064453125
0 0.99609375 0.087890625 0.078125 0.0673828125
0 0.9677734375 0.15234375 0.095703125 0.056640625
0 0.9677734375 0.21484375 0.1171875 0.072265625
0 0.9765625 0.4697265625 0.1669921875 0.083984375
0 0.8837890625 0.55859375 0.14453125 0.1201171875
0 1.0 0.5634765625 0.1015625 0.0576171875
0 0.8486328125 0.6787109375 0.16796875 0.076171875
0 1.0 0.693359375 0.1533203125 0.0732421875
0 0.3603515625 0.7705078125 0.076171875 0.0634765625
0 0.474609375 0.732421875 0.140625 0.05859375
0 0.6025390625 0.810546875 0.0673828125 0.0810546875
0 0.6826171875 0.8583984375 0.0927734375 0.0771484375
0 1.0 0.978515625 0.0546875 0.052734375
0 0.8935546875 0.9931640625 0.0576171875 0.056640625
0 0.623046875 0.9697265625 0.06640625 0.1083984375
0 0.7109375 0.919921875 0.083984375 0.0615234375
0 0.7001953125 1.0 0.1162109375 0.0263671875
0 0.2392578125 0.9990234375 0.060546875 0.064453125
0 0.181640625 0.9990234375 0.0615234375 0.0537109375
0 0.4375 0.7978515625 0.0625 0.0537109375
0 0.5517578125 0.88671875 0.0703125 0.0703125
0 0.2216796875 0.3720703125 0.0654296875 0.078125
0 0.2958984375 0.369140625 0.0732421875 0.048828125
0 0.59765625 0.314453125 0.064453125 0.0703125
0 0.130859375 0.25390625 0.0791015625 0.060546875
0 0.265625 0.2353515625 0.048828125 0.072265625
