0 1.0 0.150390625 0.1376953125 0.1005859375
0 0.775390625 0.154296875 0.0986328125 0.125
0 0.8515625 0.3623046875 0.0947265625 0.1435546875
0 0.21484375 0.4541015625 0.0859375 0.0869140625
0 0.1083984375 0.4248046875 0.1083984375 0.103515625
0 0.09375 0.1279296875 0.09375 0.111328125
0 0.3671875 0.3232421875 0.1005859375 0.1611328125
0 0.4541015625 0.1962890625 0.1044921875 0.083984375
0 0.7373046875 0.5419921875 0.099609375 0.2421875
0 0.685546875 0.6357421875 0.1640625 0.08984375
0 0.9501953125 0.552734375 0.1611328125 0.140625
0 1.0 0.8291015625 0.1103515625 0.1328125
0 0.42578125 0.9208984375 0.091796875 0.158203125
0 0.2607421875 0.65234375 0.1630859375 0.06640625
0 0.20703125 0.1220703125 0.0771484375 0.10546875
0 0.029296875 0.2451171875 0.029296875 0.052734375
0 0.1845703125 0.8095703125 0.11328125 0.0712890625
0 0.1787109375 0.7451171875 0.0595703125 0.09765625
0 0.4033203125 0.7568359375 0.0712890625 0.0576171875
0 0.439453125 0.6708984375 0.1162109375 0.0771484375
0 0.27734375 0.564453125 0.10546875 0.0849609375
0 0.3310546875 0.5625 0.0576171875 0.0576171875
0 0.4609375 0.4970703125 0.1572265625 0.080078125
0 0.5537109375 0.50390625 0.0771484375 0.1123046875
0 0.6396484375 0.5 0.111328125 0.06640625
0 0.4814453125 0.8544921875 0.072265625 0.0966796875
0 0.748046875 0.8544921875 0.0830078125 0.25390625
0 0.73046875 1.0 0.1318359375 0.068359375
0 0.3212890625 0.3720703125 0.1103515625 0.0673828125
0 0.607421875 0.3466796875 0.103515625 0.0693359375
0 0.6845703125 0.1953125 0.0830078125 0.0732421875
0 0.4755859375 0.2802734375 0.08203125 0.052734375
0 0.4130859375 0.0791015625 0.09765625 0.0703125
0 0.5146484375 0.099609375 0.0556640625 0.0703125
0 0.62109375 0.0400390625 0.0849609375 0.0400390625
0 0.99609375 0.64453125 0.0830078125 0.119140625
0 0.8173828125 0.68359375 0.05078125 0.1064453125
0 0.994140625 0.0458984375 0.1220703125 0.0458984375
0 0.9189453125 0.259765625 0.09375 0.08984375
0 1.0 0.4375 0.1181640625 0.0751953125
0 0.9912109375 0.994140625 0.1845703125 0.16796875
