0 0.2421875 0.162109375 0.1103515625 0.0625
0 0.3212890625 0.2685546875 0.09375 0.06640625
0 0.4013671875 0.3154296875 0.080078125 0.08203125
0 0.4287109375 0.119140625 0.0751953125 0.0849609375
0 0.60546875 0.1396484375 0.0810546875 0.0732421875
0 0.79296875 0.2109375 0.0947265625 0.14453125
0 0.935546875 0.0810546875 0.056640625 0.0576171875
0 0.8369140625 0.3154296875 0.0830078125 0.0771484375
0 0.853515625 0.2333984375 0.0654296875 0.0732421875
0 0.6337890625 0.181640625 0.068359375 0.0556640625
0 0.787109375 0.41796875 0.1640625 0.125
0 0.9873046875 0.4873046875 0.10546875 0.123046875
0 0.96875 0.3291015625 0.1015625 0.095703125
0 0.5810546875 0.4375 0.0849609375 0.083984375
0 0.41796875 0.5771484375 0.126953125 0.1376953125
0 0.427734375 0.40234375 0.087890625 0.0751953125
0 0.306640625 0.8271484375 0.1103515625 0.125
0 0.078125 0.7021484375 0.0751953125 0.10546875
0 0.140625 0.82421875 0.123046875 0.119140625
0 0.73046875 0.7666015625 0.16015625 0.109375
0 0.51171875 0.91796875 0.1162109375 0.0751953125
0 0.3134765625 1.0 0.09765625 0.068359375
0 0.16796875 0.927734375 0.16796875 0.068359375
0 0.12890625 1.0 0.10546875 0.0341796875
0 0.8037109375 0.9658203125 0.109375 0.0634765625
0 0.91015625 0.8623046875 0.0947265625 0.072265625
0 1.0 0.828125 0.109375 0.1376953125
0 1.0 0.7158203125 0.1025390625 0.142578125
0 0.8134765625 1.0 0.1044921875 0.05078125
0 1.0 0.1806640625 0.0947265625 0.126953125
0 0.6474609375 0.8544921875 0.0732421875 0.0859375
0 0.220703125 0.3671875 0.0693359375 0.0546875
0 0.1201171875 0.2900390625 0.072265625 0.09375
0 0.041015625 0.359375 0.041015625 0.04296875
0 0.1455078125 0.0810546875 0.091796875 0.0810546875
0 0.4755859375 0.193359375 0.13671875 0.0966796875
0 0.6142578125 0.3017578125 0.0908203125 0.0791015625
0 0.185546875 0.2587890625 0.087890625 0.064453125
0 0.8525390625 0.46484375 0.130859375 0.087890625
