0 0.5107421875 0.8642578125 0.2021484375 0.1865234375
0 0.5830078125 0.8955078125 0.1708984375 0.0966796875
0 0.697265625 1.0 0.1123046875 0.076171875
0 0.6494140625 0.572265625 0.0849609375 0.046875
0 0.515625 0.546875 0.130859375 0.0732421875
0 1.0 0.1494140625 0.08203125 0.1494140625
0 0.2177734375 0.5546875 0.091796875 0.111328125
0 0.98828125 0.6728515625 0.19921875 0.07421875
0 0.8818359375 0.5751953125 0.1328125 0.130859375
0 0.5234375 0.6708984375 0.2578125 0.1396484375
0 0.1552734375 1.0 0.1171875 0.15234375
0 0.0927734375 0.115234375 0.0927734375 0.115234375
0 0.884765625 0.3740234375 0.2568359375 0.1533203125
0 0.7919921875 0.13671875 0.3408203125 0.13671875
0 0.083984375 0.3828125 0.083984375 0.2783203125
0 0.392578125 0.55859375 0.1513671875 0.0615234375
0 0.939453125 0.31640625 0.2158203125 0.0751953125
0 1.0 0.24609375 0.0546875 0.0869140625
0 0.1376953125 0.4404296875 0.1376953125 0.0869140625
0 0.130859375 0.501953125 0.130859375 0.107421875
0 0.0908203125 0.541015625 0.0908203125 0.087890625
0 0.8603515625 0.599609375 0.041015625 0.029296875
