0 0.5517578125 0.873046875 0.2021484375 0.1142578125
0 0.556640625 1.0 0.154296875 0.1123046875
0 0.5712890625 1.0 0.1416015625 0.0205078125
0 0.8125 0.8583984375 0.1474609375 0.08984375
0 0.8798828125 0.662109375 0.1484375 0.0869140625
0 0.0185546875 0.306640625 0.0185546875 0.125
0 0.2607421875 0.279296875 0.119140625 0.1064453125
0 0.875 0.2998046875 0.2626953125 0.0888671875
0 0.5107421875 0.1982421875 0.130859375 0.1025390625
0 0.5458984375 0.5859375 0.220703125 0.11328125
0 0.2021484375 0.3583984375 0.1005859375 0.0830078125
0 0.3173828125 0.583984375 0.203125 0.2109375
0 0.1982421875 1.0 0.1123046875 0.0810546875
0 0.2294921875 0.0771484375 0.1025390625 0.0615234375
0 0.1650390625 0.1123046875 0.0654296875 0.1005859375
0 0.19921875 0.1650390625 0.056640625 0.05078125
0 0.015625 0.8173828125 0.015625 0.0517578125
0 0.2109375 0.9072265625 0.1162109375 0.0654296875
0 0.0908203125 1.0 0.0615234375 0.041015625
0 0.7509765625 1.0 0.0693359375 0.03515625
0 0.8798828125 1.0 0.0859375 0.0947265625
0 0.4384765625 0.677734375 0.1171875 0.0546875
0 0.1748046875 0.61328125 0.0576171875 0.1005859375
0 1.0 0.9970703125 0.1025390625 0.0771484375
0 0.99609375 0.802734375 0.1328125 0.1083984375
0 0.94140625 0.6650390625 0.072265625 0.068359375
0 0.7626953125 0.564453125 0.0849609375 0.1142578125
0 0.8359375 0.49609375 0.0625 0.1201171875
0 0.912109375 0.466796875 0.0771484375 0.0595703125
0 1.0 0.5185546875 0.1005859375 0.0732421875
0 0.6015625 0.37109375 0.1005859375 0.083984375
0 0.57421875 0.4599609375 0.1474609375 0.06640625
0 0.57421875 0.19921875 0.0712890625 0.046875
0 0.986328125 0.0576171875 0.0947265625 0.0576171875
0 0.990234375 0.095703125 0.0849609375 0.0576171875
0 0.8466796875 0.0908203125 0.1201171875 0.083984375
0 0.6875 0.0869140625 0.0654296875 0.0869140625
0 0.623046875 0.08203125 0.0703125 0.08203125
