0 0.265625 0.1767578125 0.0791015625 0.134765625
0 0.1845703125 0.1826171875 0.068359375 0.0546875
0 0.4541015625 0.19140625 0.0693359375 0.0771484375
0 0.5146484375 0.26171875 0.0673828125 0.0791015625
0 0.4345703125 0.326171875 0.080078125 0.0771484375
0 0.107421875 0.4111328125 0.0859375 0.0556640625
0 0.083984375 0.5546875 0.0625 0.2373046875
0 0.130859375 0.615234375 0.0712890625 0.0693359375
0 0.236328125 0.6025390625 0.150390625 0.12890625
0 0.369140625 0.484375 0.068359375 0.064453125
0 0.4775390625 0.4619140625 0.068359375 0.07421875
0 0.564453125 0.42578125 0.072265625 0.09375
0 0.66015625 0.4619140625 0.099609375 0.1123046875
0 0.69140625 0.3505859375 0.1005859375 0.1298828125
0 0.8486328125 0.349609375 0.1494140625 0.0947265625
0 0.9208984375 0.43359375 0.1005859375 0.0634765625
0 0.9560546875 0.3369140625 0.1005859375 0.0859375
0 0.0947265625 0.736328125 0.0859375 0.0673828125
0 0.1796875 0.76953125 0.0546875 0.060546875
0 0.294921875 0.77734375 0.056640625 0.0869140625
0 0.244140625 0.8388671875 0.0703125 0.0625
0 0.3125 0.8515625 0.0703125 0.0556640625
0 0.3798828125 0.8056640625 0.05859375 0.060546875
0 0.3759765625 0.8916015625 0.072265625 0.087890625
0 0.423828125 0.9296875 0.0654296875 0.078125
0 0.16796875 0.9208984375 0.142578125 0.09765625
0 0.177734375 0.9736328125 0.06640625 0.0546875
0 0.9033203125 0.591796875 0.068359375 0.0625
0 0.982421875 0.7119140625 0.07421875 0.0966796875
0 1.0 0.787109375 0.0341796875 0.0859375
0 0.9580078125 0.779296875 0.060546875 0.0654296875
0 0.880859375 0.77734375 0.072265625 0.115234375
0 0.8154296875 0.7490234375 0.0859375 0.095703125
0 0.9306640625 0.921875 0.087890625 0.060546875
0 0.966796875 0.4794921875 0.0732421875 0.0673828125
0 1.0 0.4150390625 0.06640625 0.0888671875
0 1.0 0.2919921875 0.0361328125 0.056640625
0 1.0 0.1865234375 0.0439453125 0.0654296875
0 1.0 0.1259765625 0.048828125 0.0517578125
0 0.86328125 0.15625 0.068359375 0.0712890625
0 0.646484375 0.2099609375 0.0888671875 0.1328125
0 0.78125 0.103515625 0.0703125 0.1005859375
0 0.7138671875 0.05859375 0.06640625 0.0546875
0 0.7197265625 1.0 0.0771484375 0.0673828125
0 0.61328125 0.947265625 0.1083984375 0.0830078125
0 0.51171875 0.7158203125 0.0576171875 0.0625
0 0.578125 0.693359375 0.072265625 0.0615234375
0 0.720703125 0.73046875 0.0673828125 0.0634765625
0 0.6376953125 0.6513671875 0.0498046875 0.0595703125
0 0.7060546875 0.62109375 0.080078125 0.046875
0 0.8017578125 0.5478515625 0.0458984375 0.060546875
0 0.9443359375 0.6201171875 0.0478515625 0.052734375
0 0.5751953125 0.0673828125 0.091796875 0.0419921875
0 0.4560546875 0.4052734375 0.1396484375 0.09765625
0 0.1416015625 0.5126953125 0.064453125 0.0712890625
0 0.158203125 0.0322265625 0.0546875 0.0322265625
0 0.201171875 0.01953125 0.0322265625 0.01953125
0 0.72265625 0.1015625 0.0400390625 0.0390625
0 0.021484375 0.29296875 0.0205078125 0.0439453125
0 0.0478515625 0.6416015625 0.037109375 0.0400390625
0 0.02734375 0.6279296875 0.02734375 0.056640625
0 1.0 0.48046875 0.025390625 0.0537109375
0 0.9345703125 0.3798828125 0.0537109375 0.0634765625
0 0.6640625 0.1318359375 0.0478515625 0.0703125
0 0.3525390625 0.7861328125 0.0498046875 0.0673828125
