0 0.7490234375 0.8623046875 0.08984375 0.09375
0 0.953125 0.9462890625 0.072265625 0.0615234375
0 0.7734375 0.1728515625 0.0849609375 0.076171875
0 0.6318359375 0.1767578125 0.068359375 0.1083984375
0 0.4580078125 0.4306640625 0.099609375 0.0498046875
0 0.3837890625 0.2451171875 0.1083984375 0.0791015625
0 0.8447265625 0.9365234375 0.09375 0.0673828125
0 0.3310546875 0.4833984375 0.0849609375 0.0625
0 0.3037109375 0.509765625 0.0986328125 0.0458984375
0 0.087890625 0.8271484375 0.087890625 0.0595703125
0 0.1875 0.541015625 0.083984375 0.046875
0 0.62890625 0.87109375 0.0908203125 0.0400390625
0 0.1728515625 0.890625 0.107421875 0.046875
0 0.599609375 0.0595703125 0.0908203125 0.0556640625
0 0.1142578125 0.4580078125 0.1015625 0.10546875
0 0.6416015625 0.501953125 0.1083984375 0.0673828125
0 0.6689453125 0.2421875 0.0908203125 0.0400390625
0 0.9072265625 0.6484375 0.087890625 0.0439453125
0 0.2783203125 0.5419921875 0.091796875 0.0556640625
0 0.9541015625 0.1806640625 0.0771484375 0.044921875
0 0.2236328125 0.22265625 0.1455078125 0.064453125
0 0.7919921875 0.583984375 0.060546875 0.0830078125
0 0.69140625 0.12109375 0.0693359375 0.05078125
0 0.48046875 0.22265625 0.08203125 0.04296875
0 0.0732421875 0.650390625 0.0732421875 0.0400390625
0 0.8544921875 0.8369140625 0.107421875 0.0419921875
0 0.3857421875 0.8291015625 0.0966796875 0.044921875
0 0.84375 0.6875 0.103515625 0.0556640625
0 0.6865234375 0.18359375 0.080078125 0.10546875
0 0.1484375 0.6201171875 0.134765625 0.037109375
0 0.625 0.611328125 0.060546875 0.04296875
0 0.1767578125 0.4970703125 0.0615234375 0.0419921875
0 1.0 0.3486328125 0.015625 0.05078125
0 0.1142578125 0.7421875 0.08984375 0.0615234375
0 0.6572265625 0.98046875 0.1259765625 0.0361328125
0 0.2578125 0.5712890625 0.0693359375 0.041015625
0 0.3671875 0.98828125 0.1513671875 0.0537109375
0 0.71875 0.1591796875 0.08203125 0.072265625
0 0.4609375 0.587890625 0.1025390625 0.02734375
0 0.4951171875 0.8779296875 0.1103515625 0.0380859375
0 0.6328125 0.3681640625 0.12890625 0.0546875
0 0.962890625 0.5859375 0.1220703125 0.0498046875
0 0.185546875 0.689453125 0.1494140625 0.0390625
0 0.068359375 0.865234375 0.0673828125 0.0283203125
0 0.9169921875 0.9716796875 0.1064453125 0.033203125
0 0.7607421875 0.93359375 0.06640625 0.03515625
0 0.9658203125 1.0 0.06640625 0.01953125
0 0.8486328125 0.4130859375 0.052734375 0.03125
0 0.26953125 0.875 0.158203125 0.064453125
0 0.1455078125 0.08203125 0.1455078125 0.0439453125
0 0.8583984375 0.5263671875 0.0732421875 0.033203125
0 0.19140625 0.025390625 0.1435546875 0.0244140625
0 0.1474609375 0.1943359375 0.080078125 0.0625
0 0.271484375 0.8310546875 0.09765625 0.0419921875
0 0.4599609375 0.6005859375 0.1044921875 0.0234375
0 0.07421875 0.5439453125 0.0732421875 0.04296875
0 0.2685546875 0.5537109375 0.07421875 0.0498046875
0 0.380859375 0.8603515625 0.115234375 0.046875
0 0.8544921875 0.56640625 0.064453125 0.052734375
0 0.2578125 0.75 0.1435546875 0.0595703125
0 0.45703125 0.8916015625 0.087890625 0.0322265625
