0 0.556640625 0.875 0.091796875 0.1083984375
0 1.0 0.1611328125 0.0341796875 0.078125
0 0.884765625 0.2841796875 0.1474609375 0.091796875
0 0.744140625 0.787109375 0.08984375 0.08984375
0 0.63671875 0.091796875 0.07421875 0.072265625
0 0.9619140625 0.0849609375 0.0869140625 0.0849609375
0 0.82421875 0.154296875 0.080078125 0.0751953125
0 1.0 0.4501953125 0.0771484375 0.107421875
0 0.884765625 0.7119140625 0.123046875 0.107421875
0 0.5693359375 0.994140625 0.107421875 0.0966796875
0 0.7373046875 0.904296875 0.080078125 0.1044921875
0 0.8466796875 0.8515625 0.0849609375 0.13671875
0 0.7744140625 0.099609375 0.1103515625 0.099609375
0 0.7216796875 0.6015625 0.099609375 0.1171875
0 0.5625 0.5625 0.087890625 0.0908203125
0 0.779296875 0.2265625 0.1025390625 0.08984375
0 0.88671875 0.9296875 0.1123046875 0.08984375
0 0.8974609375 0.162109375 0.078125 0.0703125
0 0.83203125 0.6474609375 0.0703125 0.1025390625
0 0.7607421875 1.0 0.1005859375 0.099609375
