0 0.9091796875 0.20703125 0.107421875 0.080078125
0 0.466796875 0.294921875 0.115234375 0.1357421875
0 1.0 0.251953125 0.0625 0.1103515625
0 0.45703125 0.6416015625 0.087890625 0.064453125
0 0.859375 0.6044921875 0.0751953125 0.0673828125
0 1.0 0.697265625 0.0703125 0.087890625
0 0.9296875 0.82421875 0.080078125 0.1494140625
0 0.3671875 0.5546875 0.197265625 0.080078125
0 0.5048828125 0.5419921875 0.142578125 0.087890625
0 0.181640625 0.814453125 0.080078125 0.0927734375
0 0.8447265625 0.1474609375 0.1181640625 0.1357421875
0 0.6640625 0.2392578125 0.0849609375 0.0751953125
0 0.8349609375 0.83203125 0.078125 0.1025390625
0 0.7666015625 0.57421875 0.08984375 0.125
0 0.75 0.0849609375 0.16796875 0.0830078125
0 0.7373046875 0.154296875 0.0751953125 0.08203125
0 0.2265625 0.1044921875 0.19921875 0.08984375
0 0.134765625 0.572265625 0.1181640625 0.1630859375
0 0.5498046875 1.0 0.1298828125 0.0859375
0 0.849609375 0.439453125 0.0673828125 0.0771484375
0 0.607421875 0.4541015625 0.0625 0.08203125
0 0.142578125 0.9794921875 0.08984375 0.07421875
0 0.37890625 0.431640625 0.0625 0.08984375
0 0.4482421875 0.8720703125 0.0712890625 0.068359375
0 0.7470703125 0.89453125 0.1328125 0.16796875
0 0.8212890625 0.966796875 0.0556640625 0.0693359375
0 0.9443359375 0.51171875 0.0673828125 0.0625
0 0.4765625 0.8994140625 0.0625 0.0576171875
0 0.3642578125 0.95703125 0.064453125 0.0625
0 0.794921875 0.4375 0.060546875 0.0556640625
0 0.974609375 0.0625 0.0771484375 0.060546875
0 0.361328125 0.8486328125 0.0595703125 0.0673828125
0 0.4296875 0.939453125 0.0625 0.0595703125
0 0.7373046875 0.4599609375 0.080078125 0.0654296875
0 0.537109375 0.4375 0.04296875 0.0517578125
0 0.07421875 0.19921875 0.072265625 0.0947265625
0 0.0390625 0.859375 0.037109375 0.072265625
0 0.244140625 0.3369140625 0.20703125 0.1650390625
0 0.1416015625 0.2392578125 0.0595703125 0.0546875
0 0.1669921875 0.0390625 0.0947265625 0.037109375
0 1.0 0.607421875 0.0478515625 0.1357421875
0 0.0546875 0.5341796875 0.052734375 0.0595703125
0 0.78515625 0.8505859375 0.1181640625 0.0634765625
0 0.2587890625 0.419921875 0.072265625 0.0732421875
0 0.2421875 0.7412109375 0.2412109375 0.07421875
