0 0.1201171875 0.6259765625 0.1103515625 0.103515625
0 0.0361328125 0.2890625 0.0361328125 0.095703125
0 0.0498046875 0.2421875 0.0498046875 0.0751953125
0 0.3232421875 0.2626953125 0.0634765625 0.064453125
0 0.2255859375 0.3837890625 0.07421875 0.0693359375
0 0.34765625 0.44921875 0.1083984375 0.087890625
0 0.4541015625 0.357421875 0.0810546875 0.0888671875
0 0.451171875 0.26171875 0.0703125 0.09765625
0 0.6279296875 0.205078125 0.1318359375 0.080078125
0 0.634765625 0.279296875 0.083984375 0.0625
0 0.5908203125 0.3994140625 0.078125 0.072265625
0 0.66015625 0.5126953125 0.072265625 0.078125
0 0.75 0.5498046875 0.09765625 0.19140625
0 0.8154296875 0.1171875 0.08203125 0.1083984375
0 0.4287109375 0.1044921875 0.068359375 0.0830078125
0 0.25 0.1669921875 0.0830078125 0.0498046875
0 0.1962890625 0.1005859375 0.0625 0.0419921875
0 0.05859375 0.8359375 0.05859375 0.1025390625
0 0.1103515625 0.7724609375 0.1103515625 0.1025390625
0 0.236328125 0.67578125 0.099609375 0.0908203125
0 0.283203125 0.75 0.11328125 0.080078125
0 0.3623046875 0.638671875 0.125 0.080078125
0 0.3984375 0.8134765625 0.1220703125 0.1005859375
0 0.9833984375 0.5703125 0.0751953125 0.1484375
0 1.0 0.287109375 0.056640625 0.0947265625
0 0.2744140625 0.1005859375 0.064453125 0.0771484375
0 0.873046875 0.7998046875 0.1103515625 0.1044921875
0 0.75390625 0.6845703125 0.0849609375 0.072265625
0 0.708984375 0.7919921875 0.091796875 0.0625
0 0.671875 0.8671875 0.162109375 0.1015625
0 0.5068359375 0.9833984375 0.1083984375 0.0810546875
0 0.4189453125 0.88671875 0.0546875 0.0966796875
0 0.216796875 0.912109375 0.0849609375 0.0888671875
0 0.19921875 1.0 0.0673828125 0.033203125
0 0.0966796875 1.0 0.0966796875 0.0771484375
0 0.2890625 1.0 0.064453125 0.048828125
0 0.794921875 0.9462890625 0.0830078125 0.064453125
0 0.7978515625 1.0 0.0859375 0.0595703125
0 0.62890625 1.0 0.09765625 0.04296875
0 0.1298828125 0.10546875 0.1044921875 0.0927734375
0 1.0 0.6572265625 0.0478515625 0.0888671875
0 0.69921875 1.0 0.0673828125 0.013671875
