0 0.9345703125 0.8046875 0.0771484375 0.10546875
0 0.5107421875 0.26953125 0.0751953125 0.1201171875
0 0.7001953125 0.685546875 0.1474609375 0.0849609375
0 0.5048828125 0.056640625 0.140625 0.056640625
0 0.189453125 0.6845703125 0.0771484375 0.0771484375
0 0.8466796875 0.8447265625 0.080078125 0.1181640625
0 0.8017578125 0.5048828125 0.0693359375 0.125
0 0.734375 0.494140625 0.1298828125 0.0966796875
0 0.3173828125 0.294921875 0.1455078125 0.1279296875
0 0.1806640625 0.3076171875 0.1806640625 0.11328125
0 0.1416015625 0.8623046875 0.056640625 0.080078125
0 0.6298828125 0.4072265625 0.0673828125 0.0654296875
0 0.6923828125 0.38671875 0.0849609375 0.1474609375
0 0.5498046875 0.7470703125 0.0732421875 0.0673828125
0 0.9580078125 0.4267578125 0.1796875 0.142578125
0 0.9765625 0.3466796875 0.072265625 0.1025390625
0 0.759765625 0.8466796875 0.2705078125 0.0869140625
0 0.4248046875 0.6875 0.0576171875 0.087890625
0 0.2041015625 0.9169921875 0.1025390625 0.0595703125
0 0.732421875 1.0 0.0732421875 0.1181640625
0 0.4375 0.7548828125 0.10546875 0.0732421875
0 1.0 0.578125 0.0791015625 0.072265625
0 0.09375 0.751953125 0.0654296875 0.044921875
0 0.26953125 0.9970703125 0.0654296875 0.072265625
0 0.9921875 0.1298828125 0.1552734375 0.0751953125
0 0.296875 0.375 0.2099609375 0.0703125
0 0.884765625 0.4697265625 0.080078125 0.078125
0 0.4267578125 0.5048828125 0.064453125 0.04296875
0 0.9794921875 0.6806640625 0.080078125 0.1240234375
0 0.33984375 0.9921875 0.0732421875 0.0673828125
0 0.16796875 0.1923828125 0.1279296875 0.1123046875
0 0.1708984375 1.0 0.1328125 0.1044921875
0 0.6416015625 1.0 0.1123046875 0.0556640625
0 0.357421875 0.3271484375 0.1357421875 0.0546875
0 0.3798828125 0.4873046875 0.150390625 0.087890625
0 0.8271484375 1.0 0.0751953125 0.0908203125
0 1.0 0.0439453125 0.17578125 0.0439453125
0 0.107421875 0.1162109375 0.10546875 0.087890625
0 0.107421875 0.1748046875 0.10546875 0.0732421875
0 0.134765625 0.572265625 0.0478515625 0.0576171875
0 0.0693359375 0.0791015625 0.0673828125 0.0791015625
0 0.3349609375 0.8994140625 0.05078125 0.052734375
