0 0.423828125 0.044921875 0.08203125 0.044921875
0 0.603515625 1.0 0.09375 0.0693359375
0 0.33984375 0.896484375 0.0869140625 0.078125
0 0.314453125 1.0 0.0751953125 0.052734375
0 0.46875 0.673828125 0.0888671875 0.0791015625
0 0.998046875 0.763671875 0.07421875 0.1640625
0 0.802734375 0.56640625 0.1513671875 0.064453125
0 0.5859375 0.595703125 0.4033203125 0.0966796875
0 0.5859375 0.80859375 0.1123046875 0.12109375
0 0.998046875 1.0 0.1845703125 0.099609375
0 0.61328125 0.935546875 0.064453125 0.07421875
0 0.1201171875 0.3896484375 0.107421875 0.13671875
0 0.9287109375 0.7216796875 0.2099609375 0.107421875
0 0.83203125 0.5048828125 0.1396484375 0.07421875
0 0.5859375 0.8544921875 0.068359375 0.060546875
0 0.19140625 1.0 0.1318359375 0.080078125
0 0.314453125 0.6103515625 0.0732421875 0.1005859375
0 0.29296875 0.5078125 0.0625 0.0498046875
0 0.4482421875 0.5908203125 0.0771484375 0.0849609375
0 0.5185546875 0.5966796875 0.0625 0.08203125
0 0.3701171875 0.5146484375 0.07421875 0.068359375
0 0.3271484375 0.4208984375 0.064453125 0.0771484375
0 0.384765625 0.443359375 0.0693359375 0.076171875
0 0.3583984375 0.3251953125 0.1796875 0.1171875
0 0.2880859375 0.7783203125 0.0703125 0.1123046875
0 0.3388671875 0.8125 0.060546875 0.0908203125
0 0.3798828125 0.6142578125 0.0517578125 0.0615234375
0 1.0 0.779296875 0.03125 0.2724609375
