0 0.0869140625 1.0 0.0869140625 0.0322265625
0 0.1162109375 0.5703125 0.099609375 0.138671875
0 0.103515625 0.392578125 0.0595703125 0.064453125
0 0.36328125 0.509765625 0.087890625 0.0771484375
0 0.4697265625 0.3193359375 0.060546875 0.0771484375
0 0.40234375 0.27734375 0.0712890625 0.1181640625
0 0.5 0.251953125 0.111328125 0.0751953125
0 0.4462890625 0.150390625 0.083984375 0.150390625
0 0.3818359375 0.0517578125 0.1337890625 0.0517578125
0 0.806640625 0.1455078125 0.0673828125 0.1455078125
0 0.8896484375 0.1123046875 0.080078125 0.1123046875
0 0.8974609375 0.1865234375 0.0595703125 0.0654296875
0 1.0 0.4765625 0.072265625 0.095703125
0 0.9521484375 0.591796875 0.048828125 0.1123046875
0 0.8603515625 0.5888671875 0.0537109375 0.080078125
0 0.341796875 0.9111328125 0.072265625 0.0947265625
0 0.3154296875 1.0 0.0810546875 0.125
0 0.4931640625 0.9384765625 0.08203125 0.1201171875
0 0.6533203125 0.1015625 0.0576171875 0.099609375
0 0.37890625 0.9677734375 0.0517578125 0.115234375
0 0.9248046875 0.611328125 0.08203125 0.0888671875
0 0.615234375 0.0400390625 0.0771484375 0.0390625
0 0.4794921875 0.9033203125 0.111328125 0.076171875
