0 0.361328125 0.0341796875 0.0830078125 0.0341796875
0 0.2939453125 0.072265625 0.1103515625 0.072265625
0 0.18359375 0.0947265625 0.0810546875 0.0947265625
0 0.1484375 0.361328125 0.140625 0.0712890625
0 0.2060546875 0.3427734375 0.064453125 0.0498046875
0 0.2177734375 0.39453125 0.06640625 0.0625
0 0.115234375 0.4833984375 0.115234375 0.1318359375
0 0.2548828125 0.5048828125 0.134765625 0.0869140625
0 0.138671875 0.5439453125 0.078125 0.06640625
0 0.181640625 0.587890625 0.103515625 0.0498046875
0 0.0380859375 0.6298828125 0.0380859375 0.119140625
0 0.2314453125 0.6748046875 0.126953125 0.0869140625
0 0.025390625 0.8076171875 0.025390625 0.142578125
0 0.4541015625 0.6708984375 0.1259765625 0.083984375
0 0.4443359375 0.583984375 0.080078125 0.083984375
0 0.654296875 0.5166015625 0.099609375 0.1181640625
0 0.6005859375 0.78515625 0.11328125 0.0634765625
0 0.58984375 0.8515625 0.095703125 0.0703125
0 0.4619140625 0.9716796875 0.0849609375 0.072265625
0 0.58203125 1.0 0.1298828125 0.0751953125
0 0.7529296875 0.9794921875 0.1396484375 0.0908203125
0 0.833984375 0.935546875 0.076171875 0.0595703125
0 1.0 0.494140625 0.068359375 0.0751953125
0 1.0 0.673828125 0.0322265625 0.0986328125
0 1.0 0.7666015625 0.03515625 0.140625
0 0.8671875 0.6474609375 0.0703125 0.07421875
0 0.8193359375 0.501953125 0.091796875 0.099609375
0 0.705078125 0.587890625 0.0400390625 0.04296875
0 1.0 0.4150390625 0.01953125 0.0693359375
0 0.98828125 0.2705078125 0.1376953125 0.0947265625
0 1.0 0.1748046875 0.0224609375 0.1103515625
0 0.970703125 0.125 0.078125 0.099609375
0 0.3671875 0.4248046875 0.0859375 0.0810546875
0 0.220703125 1.0 0.0869140625 0.0390625
0 0.03125 0.9619140625 0.03125 0.064453125
