0 0.392578125 0.6630859375 0.0625 0.1064453125
0 0.1865234375 0.3876953125 0.0947265625 0.08984375
0 0.3125 0.0849609375 0.0986328125 0.0625
0 0.6083984375 0.6552734375 0.0849609375 0.0517578125
0 0.4716796875 0.728515625 0.1123046875 0.0703125
0 0.08984375 0.154296875 0.08984375 0.0576171875
0 1.0 0.41796875 0.0537109375 0.0625
0 0.6162109375 0.8779296875 0.1259765625 0.0517578125
0 0.75 0.9951171875 0.0771484375 0.0595703125
0 0.9619140625 0.29296875 0.0859375 0.0498046875
0 0.142578125 0.2490234375 0.1279296875 0.0498046875
0 1.0 0.4326171875 0.0693359375 0.0546875
0 0.58203125 0.125 0.134765625 0.09765625
0 0.91796875 0.203125 0.080078125 0.0517578125
0 0.8017578125 0.6484375 0.0966796875 0.052734375
0 0.369140625 0.427734375 0.0625 0.0859375
0 0.6923828125 0.7138671875 0.0849609375 0.048828125
0 0.6845703125 0.826171875 0.0986328125 0.0478515625
0 0.96484375 0.07421875 0.0986328125 0.0576171875
0 0.8154296875 0.271484375 0.12890625 0.0546875
0 0.419921875 0.275390625 0.126953125 0.0556640625
0 0.6904296875 0.7431640625 0.087890625 0.052734375
0 1.0 0.3779296875 0.01953125 0.0703125
0 0.732421875 0.5556640625 0.0859375 0.04296875
0 0.0927734375 0.419921875 0.0888671875 0.0458984375
0 0.12109375 0.455078125 0.12109375 0.0517578125
0 0.12890625 0.671875 0.1162109375 0.046875
0 0.3837890625 0.763671875 0.060546875 0.0654296875
0 0.341796875 0.755859375 0.083984375 0.052734375
0 0.5595703125 0.4873046875 0.11328125 0.0400390625
0 1.0 0.75390625 0.013671875 0.0380859375
0 0.171875 0.55859375 0.083984375 0.0498046875
0 0.869140625 0.830078125 0.0615234375 0.0517578125
0 0.53125 1.0 0.0615234375 0.0322265625
0 0.939453125 0.4892578125 0.068359375 0.0380859375
0 0.4716796875 0.4140625 0.0712890625 0.052734375
0 0.7099609375 0.154296875 0.072265625 0.0458984375
0 0.28515625 0.216796875 0.0869140625 0.0400390625
0 0.80078125 0.525390625 0.1572265625 0.072265625
0 0.201171875 0.1298828125 0.0947265625 0.056640625
0 0.91015625 0.1142578125 0.0732421875 0.05859375
0 0.1025390625 0.62109375 0.1025390625 0.068359375
0 0.78125 0.7998046875 0.1162109375 0.0556640625
0 0.5966796875 0.1865234375 0.107421875 0.0380859375
0 0.7158203125 1.0 0.060546875 0.044921875
0 0.25390625 1.0 0.1025390625 0.015625
0 0.224609375 0.2900390625 0.0703125 0.037109375
0 1.0 0.6650390625 0.0595703125 0.0244140625
0 0.3671875 0.98046875 0.0556640625 0.0263671875
0 0.486328125 0.55859375 0.068359375 0.02734375
0 0.896484375 0.8017578125 0.06640625 0.0458984375
0 0.5703125 0.2490234375 0.0576171875 0.046875
0 0.2158203125 0.837890625 0.1376953125 0.0625
0 0.79296875 0.9091796875 0.046875 0.0625
0 0.474609375 0.08203125 0.083984375 0.08203125
0 0.4052734375 0.212890625 0.0654296875 0.029296875
0 1.0 0.1611328125 0.1591796875 0.0537109375
0 0.2646484375 0.17578125 0.103515625 0.056640625
0 0.9423828125 0.998046875 0.060546875 0.0625
0 0.4501953125 0.455078125 0.0693359375 0.044921875
0 0.62890625 0.251953125 0.0537109375 0.0390625
0 0.0556640625 0.4716796875 0.0556640625 0.046875
0 0.8759765625 0.96875 0.0791015625 0.037109375
0 0.9345703125 0.5966796875 0.05859375 0.029296875
0 0.349609375 0.28515625 0.0927734375 0.0517578125
0 1.0 0.5244140625 0.0205078125 0.033203125
0 0.2822265625 0.5498046875 0.0908203125 0.0322265625
0 0.6572265625 0.759765625 0.1552734375 0.048828125
0 0.841796875 0.5703125 0.0654296875 0.03515625
0 0.091796875 1.0 0.05859375 0.017578125
0 0.13671875 0.7958984375 0.0947265625 0.033203125
0 0.9033203125 0.998046875 0.078125 0.033203125
0 0.0966796875 0.7060546875 0.0947265625 0.0224609375
0 0.3134765625 0.8017578125 0.130859375 0.05078125
0 0.486328125 0.8076171875 0.126953125 0.0439453125
0 0.5595703125 0.7998046875 0.05078125 0.0654296875
0 0.6904296875 0.7265625 0.0869140625 0.05078125
0 0.298828125 0.8388671875 0.1005859375 0.0390625
0 0.1083984375 0.7666015625 0.080078125 0.0478515625
0 0.267578125 0.4873046875 0.0751953125 0.0849609375
0 0.3388671875 0.4912109375 0.109375 0.05078125
0 0.8408203125 0.9013671875 0.16015625 0.052734375
0 0.6416015625 0.525390625 0.0537109375 0.04296875
0 0.9873046875 0.2255859375 0.0693359375 0.052734375
0 0.5556640625 0.205078125 0.09375 0.0927734375
0 0.8583984375 0.9892578125 0.119140625 0.0498046875
