0 0.2705078125 0.109375 0.0888671875 0.1044921875
0 0.37890625 0.1630859375 0.0654296875 0.072265625
0 0.2353515625 0.205078125 0.0595703125 0.0673828125
0 0.056640625 0.048828125 0.056640625 0.048828125
0 0.373046875 0.279296875 0.0751953125 0.0771484375
0 0.541015625 0.248046875 0.0810546875 0.0634765625
0 0.5712890625 0.3837890625 0.0703125 0.0673828125
0 0.517578125 0.45703125 0.0693359375 0.0615234375
0 0.435546875 0.4326171875 0.05078125 0.0498046875
0 0.400390625 0.5068359375 0.064453125 0.068359375
0 0.068359375 0.4619140625 0.068359375 0.0654296875
0 0.1513671875 0.55859375 0.1142578125 0.0751953125
0 0.0751953125 0.6318359375 0.0615234375 0.0703125
0 0.037109375 0.525390625 0.037109375 0.0537109375
0 0.1298828125 0.685546875 0.06640625 0.099609375
0 0.1318359375 0.7119140625 0.12109375 0.0576171875
0 0.2578125 0.875 0.1103515625 0.0703125
0 0.0498046875 0.958984375 0.0498046875 0.0654296875
0 0.1015625 0.951171875 0.0625 0.072265625
0 0.064453125 1.0 0.064453125 0.044921875
0 0.34375 0.9736328125 0.068359375 0.0654296875
0 0.228515625 0.943359375 0.0595703125 0.07421875
0 0.173828125 0.958984375 0.0634765625 0.07421875
0 0.2646484375 0.9560546875 0.0517578125 0.0478515625
0 0.462890625 1.0 0.0634765625 0.0556640625
0 0.4638671875 0.9541015625 0.0595703125 0.048828125
0 0.4716796875 0.875 0.064453125 0.07421875
0 0.521484375 0.9091796875 0.0537109375 0.0625
0 0.560546875 0.884765625 0.0546875 0.0517578125
0 0.6533203125 1.0 0.0478515625 0.048828125
0 0.9931640625 0.841796875 0.087890625 0.0830078125
0 0.98828125 0.880859375 0.0576171875 0.05078125
0 0.6943359375 0.0341796875 0.0791015625 0.0341796875
0 1.0 0.0673828125 0.060546875 0.0673828125
0 1.0 0.12109375 0.0390625 0.0478515625
0 0.8134765625 0.1015625 0.0546875 0.06640625
0 0.908203125 0.13671875 0.0693359375 0.076171875
0 0.970703125 0.181640625 0.0703125 0.0654296875
0 0.912109375 0.2568359375 0.0732421875 0.1083984375
0 0.7880859375 0.2041015625 0.0615234375 0.0625
0 0.716796875 0.162109375 0.072265625 0.0595703125
0 0.693359375 0.24609375 0.0576171875 0.060546875
0 0.8505859375 0.2509765625 0.0625 0.05859375
0 1.0 0.4423828125 0.0556640625 0.07421875
0 0.916015625 0.4814453125 0.0712890625 0.0615234375
0 0.830078125 0.466796875 0.0625 0.0693359375
0 0.7763671875 0.5029296875 0.052734375 0.0576171875
0 0.8349609375 0.5400390625 0.0634765625 0.0654296875
0 0.8046875 0.6572265625 0.06640625 0.0751953125
0 0.59375 0.58984375 0.0693359375 0.078125
0 0.6015625 0.4814453125 0.0556640625 0.068359375
0 0.8251953125 0.921875 0.1240234375 0.0595703125
0 0.283203125 0.1728515625 0.0791015625 0.0693359375
0 0.806640625 1.0 0.0849609375 0.052734375
0 0.8857421875 0.9775390625 0.109375 0.048828125
0 0.623046875 0.9990234375 0.0576171875 0.02734375
0 0.169921875 0.0322265625 0.0751953125 0.03125
