0 0.1904296875 0.9990234375 0.0537109375 0.0478515625
0 0.0361328125 0.935546875 0.0361328125 0.07421875
0 0.2626953125 0.9296875 0.0654296875 0.0810546875
0 0.25390625 0.8525390625 0.08984375 0.08984375
0 0.1103515625 0.80859375 0.07421875 0.087890625
0 0.2900390625 0.7724609375 0.0556640625 0.0908203125
0 0.4091796875 0.869140625 0.0615234375 0.083984375
0 0.1328125 0.669921875 0.0576171875 0.091796875
0 0.2216796875 0.7109375 0.0673828125 0.0810546875
0 0.04296875 0.4140625 0.04296875 0.0859375
0 0.197265625 0.4755859375 0.0986328125 0.0634765625
0 0.326171875 0.4365234375 0.0654296875 0.056640625
0 0.25 0.30859375 0.06640625 0.115234375
0 0.125 0.2822265625 0.0703125 0.115234375
0 0.1796875 0.1640625 0.080078125 0.095703125
0 0.3095703125 0.08203125 0.1044921875 0.0634765625
0 0.44921875 0.138671875 0.068359375 0.05859375
0 0.5615234375 0.15234375 0.107421875 0.0654296875
0 0.455078125 0.2626953125 0.0576171875 0.09765625
0 0.53125 0.34375 0.0625 0.1298828125
0 0.84765625 0.2509765625 0.0751953125 0.1103515625
0 0.6640625 0.3974609375 0.0400390625 0.0830078125
0 0.708984375 0.4248046875 0.0654296875 0.05078125
0 0.447265625 0.54296875 0.08203125 0.05859375
0 0.32421875 0.5849609375 0.0791015625 0.0625
0 0.3984375 0.59375 0.1064453125 0.0849609375
0 0.5595703125 0.5751953125 0.0537109375 0.0537109375
0 0.6826171875 0.5302734375 0.0986328125 0.0625
0 0.7880859375 0.6015625 0.0986328125 0.07421875
0 0.5087890625 0.779296875 0.0947265625 0.0732421875
0 0.5146484375 0.8701171875 0.0751953125 0.080078125
0 0.5830078125 0.9267578125 0.0771484375 0.06640625
0 0.66015625 0.79296875 0.126953125 0.091796875
0 0.662109375 0.7021484375 0.056640625 0.080078125
0 0.9384765625 0.873046875 0.09375 0.0703125
0 0.7685546875 0.8037109375 0.072265625 0.0654296875
0 0.9462890625 0.6396484375 0.0732421875 0.064453125
0 0.943359375 0.5595703125 0.0947265625 0.07421875
0 0.9033203125 0.46484375 0.10546875 0.072265625
0 0.91796875 0.353515625 0.1357421875 0.1015625
0 0.9677734375 0.21875 0.103515625 0.1416015625
0 1.0 0.4462890625 0.0751953125 0.076171875
0 1.0 0.931640625 0.0400390625 0.0654296875
0 0.9306640625 1.0 0.091796875 0.0712890625
0 0.80078125 1.0 0.0712890625 0.0625
0 0.08203125 0.7109375 0.052734375 0.0615234375
0 0.56640625 0.2724609375 0.052734375 0.08203125
0 0.8671875 0.02734375 0.087890625 0.02734375
0 0.78515625 0.0390625 0.0908203125 0.0361328125
0 0.744140625 0.029296875 0.078125 0.029296875
0 0.45703125 0.0498046875 0.0439453125 0.0390625
0 0.4638671875 0.0830078125 0.0439453125 0.0400390625
0 0.2998046875 0.0146484375 0.037109375 0.0146484375
0 0.271484375 0.0302734375 0.0546875 0.0302734375
0 0.7109375 0.6552734375 0.0556640625 0.046875
0 0.646484375 0.140625 0.0546875 0.04296875
0 0.640625 0.46875 0.056640625 0.041015625
0 0.5400390625 0.5439453125 0.0732421875 0.05859375
0 0.44140625 0.6357421875 0.048828125 0.0634765625
0 0.2080078125 0.39453125 0.0595703125 0.0673828125
0 0.0576171875 0.8515625 0.044921875 0.052734375
0 0.20703125 0.875 0.060546875 0.06640625
0 0.71484375 1.0 0.05078125 0.021484375
0 0.25 0.759765625 0.0595703125 0.0712890625
