0 1.0 0.8291015625 0.123046875 0.0791015625
0 0.8154296875 1.0 0.138671875 0.12890625
0 1.0 0.544921875 0.1875 0.125
0 0.7294921875 0.671875 0.0791015625 0.072265625
0 0.8671875 0.9169921875 0.1201171875 0.0673828125
0 0.765625 0.576171875 0.12890625 0.08203125
0 0.6640625 0.779296875 0.0703125 0.0693359375
0 0.6904296875 0.6328125 0.0703125 0.080078125
0 0.931640625 0.716796875 0.1474609375 0.08984375
0 0.0947265625 0.072265625 0.0947265625 0.0703125
0 1.0 0.6796875 0.1083984375 0.1171875
0 0.9951171875 0.36328125 0.1630859375 0.0673828125
