0 0.8876953125 1.0 0.0908203125 0.060546875
0 0.4970703125 0.7353515625 0.111328125 0.0615234375
0 0.232421875 0.1796875 0.08984375 0.103515625
0 0.888671875 0.623046875 0.0595703125 0.0810546875
0 0.228515625 0.0673828125 0.0478515625 0.0673828125
0 0.9931640625 0.7548828125 0.109375 0.0693359375
0 0.4677734375 0.373046875 0.126953125 0.083984375
0 0.6474609375 0.6474609375 0.05859375 0.076171875
0 0.919921875 0.2763671875 0.1279296875 0.0927734375
0 0.2470703125 0.6533203125 0.15625 0.0595703125
0 0.166015625 0.5224609375 0.1162109375 0.04296875
0 1.0 0.0849609375 0.04296875 0.0439453125
0 1.0 0.947265625 0.0791015625 0.046875
0 0.8671875 0.9326171875 0.0693359375 0.0927734375
0 0.3330078125 0.23828125 0.0693359375 0.0908203125
0 0.080078125 1.0 0.080078125 0.0859375
0 0.724609375 0.6318359375 0.078125 0.0458984375
0 0.3916015625 0.2197265625 0.083984375 0.0693359375
0 0.56640625 0.9638671875 0.1513671875 0.052734375
0 0.5029296875 0.599609375 0.0341796875 0.064453125
0 0.298828125 0.8955078125 0.05859375 0.0556640625
0 0.7685546875 0.7265625 0.1435546875 0.05859375
0 0.7255859375 0.1064453125 0.0869140625 0.0732421875
0 0.52734375 0.5419921875 0.0654296875 0.0595703125
0 0.7265625 0.3427734375 0.078125 0.0400390625
0 0.59375 0.4150390625 0.0693359375 0.0458984375
0 0.4794921875 0.482421875 0.0625 0.04296875
0 0.361328125 0.345703125 0.115234375 0.091796875
0 0.9365234375 0.435546875 0.078125 0.0595703125
0 0.8125 0.9033203125 0.0771484375 0.0458984375
0 0.6787109375 0.1669921875 0.0732421875 0.0556640625
0 0.1083984375 0.646484375 0.0947265625 0.0615234375
0 0.6572265625 0.1787109375 0.1240234375 0.080078125
0 0.1328125 1.0 0.046875 0.04296875
0 0.75390625 0.1484375 0.09375 0.072265625
0 0.111328125 0.271484375 0.0966796875 0.1015625
0 0.1796875 0.8125 0.138671875 0.060546875
0 0.767578125 0.763671875 0.1044921875 0.056640625
0 0.439453125 0.205078125 0.1171875 0.078125
0 0.822265625 0.4287109375 0.0849609375 0.0556640625
0 0.1875 0.4931640625 0.0341796875 0.072265625
0 0.3359375 0.2646484375 0.1171875 0.0302734375
0 0.521484375 0.3251953125 0.169921875 0.0517578125
0 0.5869140625 0.064453125 0.095703125 0.064453125
0 0.2138671875 0.8125 0.123046875 0.060546875
0 0.9013671875 0.5595703125 0.056640625 0.064453125
0 0.537109375 0.12890625 0.0849609375 0.0390625
0 0.4287109375 0.5771484375 0.095703125 0.0537109375
0 0.8955078125 0.1689453125 0.05078125 0.0615234375
0 0.6572265625 0.06640625 0.0888671875 0.0654296875
0 0.6279296875 0.8798828125 0.1083984375 0.099609375
0 0.349609375 0.6318359375 0.09765625 0.0576171875
0 0.27734375 0.7939453125 0.08203125 0.078125
0 0.2333984375 0.89453125 0.0712890625 0.041015625
0 0.0498046875 0.69140625 0.0498046875 0.0625
0 0.2802734375 0.5048828125 0.0888671875 0.0302734375
0 0.3251953125 0.9541015625 0.0927734375 0.060546875
0 0.6044921875 0.8369140625 0.109375 0.0615234375
0 0.24609375 0.4072265625 0.0390625 0.060546875
0 0.158203125 0.162109375 0.1044921875 0.029296875
0 0.7109375 0.77734375 0.095703125 0.0546875
0 0.486328125 1.0 0.0830078125 0.0224609375
0 0.787109375 0.39453125 0.1279296875 0.05859375
0 0.068359375 0.3447265625 0.068359375 0.046875
0 0.859375 0.8330078125 0.1572265625 0.0595703125
0 0.064453125 0.185546875 0.064453125 0.0458984375
0 0.560546875 0.544921875 0.0400390625 0.0625
0 0.353515625 0.939453125 0.0302734375 0.064453125
0 0.3701171875 1.0 0.111328125 0.0234375
0 0.1865234375 0.7119140625 0.076171875 0.0498046875
0 0.4990234375 0.8388671875 0.07421875 0.1171875
0 0.2001953125 0.42578125 0.1796875 0.140625
0 0.619140625 0.5048828125 0.0654296875 0.0390625
0 0.845703125 0.1806640625 0.0595703125 0.02734375
0 1.0 0.8544921875 0.0322265625 0.0283203125
0 0.3447265625 0.86328125 0.046875 0.0458984375
0 0.8134765625 0.5732421875 0.046875 0.0283203125
0 0.3935546875 0.8046875 0.1875 0.04296875
0 0.263671875 1.0 0.04296875 0.025390625
0 0.5556640625 0.77734375 0.109375 0.0380859375
0 1.0 0.6181640625 0.0322265625 0.0400390625
0 0.0205078125 0.2353515625 0.0205078125 0.03125
0 0.0234375 0.193359375 0.0234375 0.0244140625
0 0.0224609375 0.35546875 0.0224609375 0.029296875
0 1.0 0.1572265625 0.080078125 0.0498046875
