0 0.0126953125 0.4248046875 0.0126953125 0.0537109375
0 0.052734375 0.37890625 0.052734375 0.1220703125
0 0.1337890625 0.4482421875 0.1123046875 0.0703125
0 0.1181640625 0.5126953125 0.1171875 0.0703125
0 0.0537109375 0.115234375 0.0537109375 0.115234375
0 0.0966796875 1.0 0.0693359375 0.068359375
0 0.2333984375 1.0 0.091796875 0.03125
0 0.0556640625 0.611328125 0.0556640625 0.078125
0 0.21875 0.5615234375 0.0673828125 0.083984375
0 0.2939453125 0.5498046875 0.07421875 0.1123046875
0 0.130859375 0.6904296875 0.109375 0.0751953125
0 0.1025390625 0.8388671875 0.0546875 0.0703125
0 0.140625 0.755859375 0.041015625 0.0576171875
0 0.2451171875 0.7197265625 0.0927734375 0.0546875
0 0.2197265625 0.7744140625 0.0576171875 0.0849609375
0 0.2509765625 0.8466796875 0.0517578125 0.09375
0 0.177734375 0.8173828125 0.041015625 0.048828125
0 0.3046875 0.9462890625 0.0869140625 0.083984375
0 0.75390625 1.0 0.091796875 0.03125
0 0.9052734375 1.0 0.1494140625 0.0458984375
0 0.7900390625 0.9306640625 0.07421875 0.1064453125
0 0.4931640625 0.8916015625 0.1552734375 0.0673828125
0 0.3876953125 0.9921875 0.0673828125 0.0634765625
0 0.5537109375 1.0 0.0537109375 0.041015625
0 0.640625 1.0 0.0810546875 0.0400390625
0 0.4345703125 0.9541015625 0.0615234375 0.0634765625
0 0.6435546875 0.92578125 0.05859375 0.0654296875
0 0.8525390625 0.7265625 0.0791015625 0.08984375
0 0.57421875 0.6337890625 0.0703125 0.0634765625
0 0.3818359375 0.6005859375 0.072265625 0.056640625
0 0.38671875 0.669921875 0.0693359375 0.064453125
0 0.51171875 0.70703125 0.08984375 0.0693359375
0 0.3837890625 0.787109375 0.1015625 0.07421875
0 0.51171875 0.8212890625 0.091796875 0.0859375
0 0.6455078125 0.802734375 0.076171875 0.06640625
0 0.5625 0.5625 0.064453125 0.048828125
0 0.421875 0.4921875 0.1162109375 0.05859375
0 0.513671875 0.458984375 0.076171875 0.0654296875
0 0.5712890625 0.4833984375 0.0849609375 0.0576171875
0 0.771484375 0.45703125 0.0849609375 0.052734375
0 0.8994140625 0.5166015625 0.123046875 0.09375
0 0.4580078125 0.2958984375 0.09375 0.142578125
0 0.70703125 0.3056640625 0.095703125 0.0888671875
0 0.6484375 0.1875 0.0810546875 0.06640625
0 0.6982421875 0.1103515625 0.072265625 0.0703125
0 0.7216796875 0.1611328125 0.0693359375 0.06640625
0 0.4873046875 0.0615234375 0.0791015625 0.0517578125
0 0.5908203125 0.0673828125 0.0693359375 0.0556640625
0 0.576171875 0.1728515625 0.0732421875 0.0556640625
0 1.0 0.7314453125 0.1064453125 0.0712890625
0 1.0 0.650390625 0.0771484375 0.0859375
0 1.0 0.5341796875 0.0517578125 0.064453125
0 0.873046875 0.3125 0.119140625 0.0537109375
0 1.0 0.1796875 0.10546875 0.05859375
0 1.0 0.1123046875 0.1220703125 0.0498046875
0 0.8935546875 0.1650390625 0.08203125 0.0478515625
0 0.9453125 0.35546875 0.1005859375 0.060546875
0 0.8173828125 0.388671875 0.060546875 0.0625
0 1.0 0.330078125 0.0400390625 0.0537109375
0 0.9892578125 0.43359375 0.0556640625 0.0751953125
0 1.0 0.875 0.0400390625 0.04296875
