0 0.1669921875 0.0703125 0.0771484375 0.0703125
0 0.4208984375 0.0400390625 0.10546875 0.0400390625
0 0.6318359375 0.09765625 0.09765625 0.09765625
0 0.9267578125 0.0205078125 0.0888671875 0.0205078125
0 0.7451171875 0.080078125 0.06640625 0.076171875
0 0.9248046875 0.2900390625 0.0732421875 0.0771484375
0 0.8359375 0.2607421875 0.0673828125 0.072265625
0 0.7646484375 0.22265625 0.076171875 0.0751953125
0 0.609375 0.234375 0.0751953125 0.0986328125
0 0.580078125 0.3974609375 0.119140625 0.09375
0 0.7802734375 0.349609375 0.10546875 0.0849609375
0 0.853515625 0.4130859375 0.0791015625 0.0751953125
0 0.8681640625 0.5341796875 0.0546875 0.0751953125
0 0.6630859375 0.611328125 0.099609375 0.0771484375
0 0.46484375 0.6181640625 0.0751953125 0.1015625
0 0.3173828125 0.6435546875 0.1162109375 0.134765625
0 0.341796875 0.7939453125 0.091796875 0.10546875
0 0.2939453125 0.9052734375 0.0791015625 0.087890625
0 0.1904296875 0.931640625 0.14453125 0.083984375
0 0.220703125 0.98828125 0.107421875 0.0751953125
0 0.09765625 0.3515625 0.09765625 0.130859375
0 0.3935546875 0.2958984375 0.125 0.0673828125
0 0.30859375 0.435546875 0.08203125 0.087890625
0 0.33984375 0.2470703125 0.109375 0.068359375
0 0.3671875 0.1435546875 0.1103515625 0.0556640625
0 1.0 0.376953125 0.044921875 0.1162109375
0 1.0 0.7919921875 0.05078125 0.0849609375
0 1.0 0.6884765625 0.05078125 0.0712890625
0 0.8720703125 0.7841796875 0.072265625 0.0732421875
0 0.7919921875 0.806640625 0.0732421875 0.099609375
0 0.8916015625 0.9169921875 0.09765625 0.0888671875
0 0.87890625 0.9921875 0.1201171875 0.0771484375
0 0.5185546875 0.580078125 0.0576171875 0.0869140625
0 0.052734375 0.4892578125 0.052734375 0.064453125
0 0.052734375 0.689453125 0.052734375 0.1083984375
0 0.703125 0.509765625 0.0751953125 0.0595703125
0 0.08203125 0.9912109375 0.08203125 0.083984375
