0 0.5947265625 0.259765625 0.091796875 0.08984375
0 0.4423828125 0.177734375 0.0810546875 0.0576171875
0 0.32421875 0.0947265625 0.076171875 0.0693359375
0 0.5205078125 0.0361328125 0.0576171875 0.0361328125
0 0.56640625 0.04296875 0.048828125 0.04296875
0 0.685546875 0.0400390625 0.0546875 0.0400390625
0 0.7705078125 0.033203125 0.08203125 0.033203125
0 0.91796875 0.1748046875 0.1123046875 0.087890625
0 0.78125 0.2216796875 0.0673828125 0.0625
0 0.6865234375 0.197265625 0.0654296875 0.06640625
0 0.7451171875 0.2919921875 0.0478515625 0.0615234375
0 0.8603515625 0.2509765625 0.0869140625 0.0546875
0 0.1279296875 0.1669921875 0.052734375 0.083984375
0 0.25 0.20703125 0.1259765625 0.0576171875
0 0.353515625 0.27734375 0.1201171875 0.05859375
0 0.4013671875 0.30859375 0.0732421875 0.04296875
0 0.3837890625 0.37109375 0.0595703125 0.046875
0 0.421875 0.4228515625 0.0693359375 0.0517578125
0 0.5751953125 0.3583984375 0.0947265625 0.064453125
0 0.5810546875 0.3896484375 0.08203125 0.0458984375
0 0.5810546875 0.474609375 0.0751953125 0.083984375
0 0.6416015625 0.373046875 0.068359375 0.08203125
0 0.740234375 0.4404296875 0.08984375 0.0537109375
0 0.2734375 0.396484375 0.0693359375 0.0908203125
0 0.2646484375 0.33984375 0.126953125 0.0654296875
0 0.0732421875 0.2216796875 0.0478515625 0.0830078125
0 0.0654296875 0.1494140625 0.0517578125 0.0634765625
0 0.095703125 0.0390625 0.0634765625 0.0390625
0 0.1357421875 0.4873046875 0.1298828125 0.060546875
0 0.0498046875 0.3818359375 0.0498046875 0.0537109375
0 0.0537109375 0.314453125 0.0537109375 0.0732421875
0 0.4892578125 0.591796875 0.0595703125 0.0673828125
0 0.4521484375 0.5400390625 0.0615234375 0.041015625
0 0.4638671875 0.73046875 0.109375 0.060546875
0 0.6171875 0.615234375 0.0810546875 0.0830078125
0 0.689453125 0.5615234375 0.072265625 0.0615234375
0 0.291015625 0.8310546875 0.0546875 0.0625
0 0.15625 0.75 0.068359375 0.0654296875
0 0.083984375 0.9130859375 0.05859375 0.083984375
0 0.076171875 0.9853515625 0.0595703125 0.0556640625
0 0.130859375 1.0 0.0693359375 0.0234375
0 0.2373046875 0.9814453125 0.1572265625 0.0849609375
0 0.509765625 0.970703125 0.10546875 0.07421875
0 0.4697265625 0.814453125 0.0771484375 0.0673828125
0 0.53125 0.8037109375 0.04296875 0.060546875
0 0.5771484375 0.849609375 0.0595703125 0.072265625
0 0.6416015625 0.70703125 0.0810546875 0.05859375
0 0.701171875 0.810546875 0.0546875 0.0986328125
0 0.7734375 0.8017578125 0.0830078125 0.09375
0 0.70703125 0.728515625 0.0810546875 0.0615234375
0 0.9599609375 0.818359375 0.1474609375 0.0712890625
0 0.7265625 0.6005859375 0.052734375 0.0546875
0 0.7734375 0.6484375 0.06640625 0.064453125
0 0.9423828125 0.5322265625 0.1103515625 0.099609375
0 0.7802734375 0.521484375 0.076171875 0.0625
0 0.8232421875 0.4873046875 0.0546875 0.0537109375
0 0.8251953125 0.5908203125 0.107421875 0.1201171875
0 1.0 0.6533203125 0.0224609375 0.0693359375
0 0.9990234375 0.51171875 0.0576171875 0.064453125
0 0.8095703125 0.9638671875 0.0810546875 0.0478515625
0 0.8271484375 1.0 0.0498046875 0.0517578125
0 0.740234375 0.88671875 0.0546875 0.05078125
0 0.08984375 0.56640625 0.0751953125 0.05859375
0 0.951171875 0.3984375 0.1044921875 0.0712890625
0 0.861328125 0.423828125 0.0478515625 0.083984375
0 1.0 0.259765625 0.01953125 0.06640625
0 1.0 0.0400390625 0.0693359375 0.0400390625
0 0.82421875 0.65234375 0.06640625 0.05859375
0 0.970703125 0.3134765625 0.07421875 0.0546875
0 0.97265625 0.62109375 0.052734375 0.06640625
0 0.5283203125 0.28515625 0.06640625 0.0478515625
0 0.193359375 0.3720703125 0.07421875 0.0859375
0 0.3203125 0.4033203125 0.0478515625 0.05078125
0 0.7529296875 0.93359375 0.060546875 0.044921875
0 0.740234375 0.658203125 0.0634765625 0.0634765625
0 0.806640625 0.3701171875 0.0966796875 0.1005859375
0 0.9130859375 0.16015625 0.1005859375 0.068359375
0 0.9130859375 0.19140625 0.0751953125 0.0400390625
0 1.0 0.1552734375 0.009765625 0.044921875
