0 0.0361328125 0.361328125 0.033203125 0.0810546875
0 0.1015625 0.3876953125 0.068359375 0.095703125
0 0.1826171875 0.2978515625 0.076171875 0.1240234375
0 0.302734375 0.228515625 0.0732421875 0.134765625
0 0.3818359375 0.23046875 0.064453125 0.146484375
0 0.1669921875 0.05859375 0.0654296875 0.05859375
0 0.109375 0.064453125 0.0771484375 0.064453125
0 0.056640625 1.0 0.056640625 0.08203125
0 0.1865234375 0.9345703125 0.107421875 0.0693359375
0 0.302734375 1.0 0.0703125 0.0634765625
0 0.462890625 0.861328125 0.0791015625 0.0927734375
0 0.2939453125 0.728515625 0.083984375 0.1416015625
0 0.1904296875 0.69921875 0.0712890625 0.0830078125
0 0.27734375 0.501953125 0.103515625 0.15234375
0 0.4931640625 0.5869140625 0.150390625 0.076171875
0 0.5751953125 0.576171875 0.109375 0.0615234375
0 0.7998046875 0.4892578125 0.1279296875 0.06640625
0 0.59765625 0.4365234375 0.1123046875 0.08203125
0 0.6005859375 0.3359375 0.0908203125 0.1572265625
0 0.8525390625 0.22265625 0.1259765625 0.1279296875
0 0.736328125 0.0439453125 0.076171875 0.0439453125
0 0.5244140625 0.0537109375 0.0654296875 0.0537109375
0 0.9365234375 0.21875 0.0732421875 0.1572265625
0 1.0 0.220703125 0.0634765625 0.0712890625
0 1.0 0.37109375 0.08203125 0.09765625
0 1.0 0.564453125 0.05859375 0.1259765625
0 0.833984375 0.572265625 0.1162109375 0.0869140625
0 0.8818359375 0.685546875 0.1201171875 0.0849609375
0 0.75390625 0.6806640625 0.1123046875 0.0751953125
0 0.857421875 0.744140625 0.1279296875 0.076171875
0 0.951171875 0.8544921875 0.0908203125 0.087890625
0 1.0 0.994140625 0.07421875 0.0673828125
0 0.5771484375 0.8681640625 0.1064453125 0.064453125
0 0.501953125 0.951171875 0.0927734375 0.087890625
0 0.3671875 0.970703125 0.0732421875 0.0947265625
0 0.74609375 0.5478515625 0.0693359375 0.068359375
0 0.7177734375 0.4384765625 0.0712890625 0.0556640625
0 0.5634765625 0.7138671875 0.09375 0.06640625
0 0.4716796875 0.8037109375 0.0634765625 0.076171875
0 0.345703125 0.90625 0.0703125 0.0732421875
0 0.896484375 0.5458984375 0.0849609375 0.044921875
0 0.55078125 0.6220703125 0.0439453125 0.0244140625
0 0.935546875 0.134765625 0.078125 0.11328125
