0 0.58203125 0.876953125 0.0888671875 0.13671875
0 0.7421875 0.9130859375 0.0830078125 0.111328125
0 0.3359375 0.927734375 0.080078125 0.080078125
0 0.66796875 1.0 0.138671875 0.05078125
0 0.46875 0.072265625 0.0673828125 0.060546875
0 0.55078125 0.1552734375 0.064453125 0.0478515625
0 0.587890625 0.9443359375 0.0595703125 0.060546875
0 0.3818359375 0.7001953125 0.1005859375 0.0712890625
0 0.056640625 0.546875 0.0556640625 0.0693359375
0 0.2958984375 0.24609375 0.123046875 0.1435546875
0 0.18359375 0.236328125 0.0673828125 0.0966796875
0 0.388671875 0.7509765625 0.1083984375 0.064453125
0 0.9970703125 0.8916015625 0.091796875 0.1005859375
0 0.0537109375 1.0 0.0537109375 0.00390625
0 0.5029296875 0.7568359375 0.0849609375 0.0791015625
0 0.21484375 0.556640625 0.0771484375 0.1181640625
0 0.865234375 0.8994140625 0.087890625 0.0654296875
0 0.470703125 0.9931640625 0.06640625 0.11328125
0 0.392578125 0.947265625 0.0537109375 0.0830078125
0 0.3837890625 1.0 0.09765625 0.0908203125
0 0.412109375 0.26171875 0.10546875 0.1064453125
0 0.400390625 0.2939453125 0.1181640625 0.056640625
0 0.416015625 0.1748046875 0.1123046875 0.095703125
0 0.2783203125 0.1484375 0.091796875 0.0859375
