0 0.068359375 0.3740234375 0.068359375 0.10546875
0 0.2373046875 0.0322265625 0.07421875 0.0322265625
0 0.4990234375 0.056640625 0.0712890625 0.056640625
0 0.6005859375 0.0654296875 0.0654296875 0.0654296875
0 0.6318359375 0.1806640625 0.087890625 0.08984375
0 0.369140625 0.34375 0.060546875 0.0927734375
0 0.5146484375 0.349609375 0.107421875 0.064453125
0 0.4658203125 0.4111328125 0.1044921875 0.0791015625
0 0.27734375 0.3720703125 0.044921875 0.044921875
0 0.15234375 0.375 0.0791015625 0.0693359375
0 0.11328125 0.421875 0.0693359375 0.0546875
0 0.130859375 0.458984375 0.068359375 0.0654296875
0 0.1416015625 0.505859375 0.0849609375 0.0634765625
0 0.17578125 0.564453125 0.0634765625 0.056640625
0 0.30859375 0.5908203125 0.1083984375 0.0732421875
0 0.4091796875 0.689453125 0.0693359375 0.146484375
0 0.4873046875 0.7373046875 0.0654296875 0.1025390625
0 0.4638671875 0.505859375 0.1025390625 0.052734375
0 0.73046875 0.5458984375 0.13671875 0.0986328125
0 0.5625 0.6279296875 0.103515625 0.0634765625
0 0.5986328125 0.6923828125 0.080078125 0.064453125
0 0.7333984375 0.650390625 0.1064453125 0.0595703125
0 0.875 0.59375 0.083984375 0.0546875
0 0.9912109375 0.66796875 0.1240234375 0.07421875
0 0.8359375 0.513671875 0.0654296875 0.0625
0 0.73828125 0.353515625 0.1259765625 0.1123046875
0 0.7451171875 0.3935546875 0.1318359375 0.099609375
0 0.76953125 0.421875 0.1015625 0.1181640625
0 0.9296875 0.404296875 0.056640625 0.06640625
0 0.98046875 0.4033203125 0.046875 0.07421875
0 0.9921875 0.55859375 0.064453125 0.076171875
0 1.0 0.4775390625 0.0556640625 0.052734375
0 0.982421875 0.1865234375 0.064453125 0.0478515625
0 0.9990234375 0.142578125 0.0712890625 0.0546875
0 0.78125 0.0810546875 0.0810546875 0.0634765625
0 0.115234375 1.0 0.115234375 0.0478515625
0 0.0498046875 0.9130859375 0.0498046875 0.0634765625
0 0.0537109375 0.845703125 0.0537109375 0.056640625
0 0.0810546875 0.818359375 0.0810546875 0.08203125
0 0.1650390625 0.8671875 0.06640625 0.056640625
0 0.2880859375 0.783203125 0.0556640625 0.10546875
0 0.34375 0.91796875 0.06640625 0.0615234375
0 0.44140625 0.9365234375 0.06640625 0.0732421875
0 0.498046875 1.0 0.099609375 0.0771484375
0 0.626953125 0.9892578125 0.083984375 0.0556640625
0 0.6806640625 0.9560546875 0.0751953125 0.052734375
0 0.7548828125 0.9697265625 0.07421875 0.0439453125
0 0.91796875 1.0 0.09765625 0.0595703125
0 0.6591796875 0.8681640625 0.126953125 0.05859375
0 0.728515625 0.7841796875 0.130859375 0.0498046875
0 0.478515625 0.8359375 0.0849609375 0.048828125
0 0.3935546875 0.76953125 0.080078125 0.05078125
0 0.8095703125 0.7939453125 0.0693359375 0.0546875
0 0.892578125 0.8671875 0.0908203125 0.0634765625
0 0.9677734375 0.8271484375 0.1181640625 0.0654296875
0 0.97265625 0.9267578125 0.12890625 0.0732421875
0 0.73046875 0.8544921875 0.0712890625 0.0595703125
0 0.171875 0.1201171875 0.08984375 0.0595703125
0 0.193359375 0.5244140625 0.0546875 0.0439453125
0 0.205078125 0.4912109375 0.0419921875 0.0654296875
0 0.2412109375 0.4345703125 0.0595703125 0.0498046875
0 0.2939453125 0.50390625 0.056640625 0.05078125
0 0.2998046875 0.4423828125 0.0634765625 0.0615234375
0 0.2783203125 0.9345703125 0.0732421875 0.0400390625
0 0.1455078125 0.9697265625 0.0556640625 0.03515625
0 0.8271484375 0.6591796875 0.0830078125 0.05859375
0 0.84375 0.9619140625 0.0478515625 0.0556640625
0 0.9111328125 0.07421875 0.0830078125 0.0537109375
