0 0.4580078125 0.55859375 0.0673828125 0.0859375
0 0.724609375 0.765625 0.0615234375 0.103515625
0 0.82421875 0.6396484375 0.0625 0.095703125
0 0.888671875 0.248046875 0.095703125 0.068359375
0 0.6376953125 0.880859375 0.0537109375 0.091796875
0 0.9580078125 0.8935546875 0.107421875 0.06640625
0 0.09375 0.341796875 0.09375 0.1826171875
0 0.8994140625 1.0 0.0810546875 0.0654296875
0 0.2783203125 0.88671875 0.0947265625 0.0703125
0 0.0595703125 0.91796875 0.0595703125 0.1513671875
0 0.23828125 0.3466796875 0.0625 0.06640625
0 0.3447265625 0.0693359375 0.1533203125 0.0693359375
0 0.4912109375 1.0 0.0703125 0.0634765625
0 0.5322265625 0.71875 0.0595703125 0.078125
0 0.1474609375 0.8291015625 0.1123046875 0.126953125
0 0.1337890625 0.6015625 0.1337890625 0.0634765625
0 0.1376953125 0.4814453125 0.0927734375 0.07421875
0 0.8994140625 0.615234375 0.0537109375 0.056640625
0 1.0 0.328125 0.1005859375 0.060546875
0 0.951171875 0.2626953125 0.060546875 0.14453125
0 0.6943359375 0.6103515625 0.0537109375 0.1162109375
0 0.9462890625 0.5654296875 0.078125 0.0595703125
0 0.8408203125 0.1572265625 0.0791015625 0.1083984375
0 0.6171875 0.7998046875 0.060546875 0.115234375
0 0.5458984375 0.29296875 0.0654296875 0.06640625
0 0.376953125 0.623046875 0.091796875 0.03125
0 0.576171875 0.783203125 0.0859375 0.0595703125
0 0.1416015625 0.72265625 0.076171875 0.0478515625
0 0.2998046875 0.912109375 0.05859375 0.0556640625
0 0.3046875 0.48046875 0.07421875 0.0498046875
0 0.6806640625 0.318359375 0.060546875 0.0751953125
0 0.5517578125 0.0556640625 0.052734375 0.0556640625
0 0.8310546875 0.302734375 0.091796875 0.044921875
0 0.4306640625 0.3369140625 0.076171875 0.0439453125
0 0.9599609375 0.38671875 0.064453125 0.0625
0 0.2392578125 0.779296875 0.0927734375 0.03515625
0 0.52734375 0.65625 0.0595703125 0.046875
0 0.833984375 0.3818359375 0.076171875 0.046875
0 0.6044921875 0.998046875 0.0341796875 0.0302734375
0 0.21875 0.2265625 0.0693359375 0.201171875
0 0.1171875 0.9599609375 0.0859375 0.0390625
0 0.7470703125 0.6611328125 0.095703125 0.0595703125
0 0.0234375 0.7900390625 0.0234375 0.029296875
0 0.73828125 0.0849609375 0.0498046875 0.0615234375
0 0.4267578125 0.6025390625 0.09375 0.0498046875
0 0.2451171875 1.0 0.0322265625 0.0283203125
0 0.5263671875 0.5498046875 0.0791015625 0.0576171875
0 0.2275390625 1.0 0.041015625 0.0390625
0 0.1435546875 0.640625 0.1435546875 0.048828125
0 0.9990234375 0.234375 0.0498046875 0.0458984375
0 0.306640625 0.77734375 0.0615234375 0.041015625
0 0.40234375 0.646484375 0.095703125 0.03515625
0 0.767578125 0.5341796875 0.0673828125 0.0537109375
0 0.3115234375 0.078125 0.03515625 0.05859375
0 0.10546875 0.68359375 0.1044921875 0.060546875
0 0.4130859375 0.7822265625 0.05078125 0.0224609375
0 0.1943359375 0.7578125 0.0625 0.0478515625
0 0.423828125 0.7685546875 0.0546875 0.0400390625
0 0.87109375 0.19921875 0.0634765625 0.0537109375
0 0.8955078125 0.1552734375 0.0478515625 0.05859375
0 0.6806640625 0.0869140625 0.05078125 0.05859375
0 0.6201171875 0.943359375 0.154296875 0.1845703125
0 0.2958984375 0.96484375 0.09765625 0.0478515625
0 0.2314453125 0.9580078125 0.0576171875 0.0771484375
0 0.185546875 0.9873046875 0.1240234375 0.06640625
0 0.9462890625 0.919921875 0.0703125 0.0390625
0 0.4384765625 0.998046875 0.0703125 0.0380859375
0 0.21875 0.1103515625 0.08984375 0.107421875
0 0.9052734375 0.8056640625 0.052734375 0.0498046875
0 0.0439453125 0.962890625 0.041015625 0.0419921875
