0 0.6591796875 0.181640625 0.08984375 0.125
0 0.2421875 0.4921875 0.1201171875 0.0654296875
0 0.7216796875 0.7216796875 0.099609375 0.109375
0 0.27734375 0.20703125 0.1005859375 0.080078125
0 0.546875 0.2373046875 0.099609375 0.1357421875
0 0.5224609375 0.7724609375 0.1103515625 0.1025390625
0 0.921875 0.5341796875 0.08203125 0.15234375
0 0.38671875 0.44921875 0.1025390625 0.0869140625
0 0.904296875 0.724609375 0.08203125 0.09765625
0 0.75 0.546875 0.0908203125 0.15234375
0 0.4521484375 0.5947265625 0.0947265625 0.09765625
0 0.5693359375 0.884765625 0.0947265625 0.095703125
0 0.83203125 0.7998046875 0.107421875 0.09765625
0 0.357421875 0.77734375 0.068359375 0.0830078125
0 0.4716796875 0.669921875 0.080078125 0.0732421875
0 0.3916015625 0.6796875 0.0849609375 0.10546875
0 0.2666015625 0.8017578125 0.08984375 0.08203125
0 0.2666015625 0.9267578125 0.119140625 0.099609375
0 0.859375 0.08984375 0.099609375 0.08984375
0 0.869140625 0.857421875 0.0693359375 0.0732421875
0 0.6669921875 0.509765625 0.0771484375 0.140625
0 0.8046875 0.234375 0.0576171875 0.0703125
0 0.4599609375 0.9697265625 0.078125 0.1455078125
0 0.9716796875 0.359375 0.1923828125 0.1328125
0 0.626953125 0.599609375 0.087890625 0.072265625
0 0.4091796875 0.126953125 0.1044921875 0.0947265625
0 1.0 0.2314453125 0.0390625 0.10546875
0 0.1171875 0.7294921875 0.10546875 0.0703125
0 0.162109375 0.4248046875 0.10546875 0.1123046875
0 0.607421875 0.5068359375 0.0927734375 0.0625
0 0.5546875 0.044921875 0.060546875 0.044921875
0 0.13671875 0.9169921875 0.1220703125 0.15234375
0 0.7392578125 0.369140625 0.08203125 0.1171875
0 0.724609375 1.0 0.0849609375 0.150390625
0 0.20703125 0.6748046875 0.1171875 0.10546875
0 0.6015625 0.7998046875 0.0625 0.0654296875
0 0.6474609375 0.884765625 0.0830078125 0.087890625
0 1.0 0.822265625 0.103515625 0.146484375
0 0.384765625 0.1767578125 0.060546875 0.0693359375
0 0.716796875 0.2421875 0.064453125 0.0673828125
0 0.375 0.8974609375 0.0859375 0.0703125
0 0.37890625 1.0 0.0595703125 0.1025390625
0 0.1923828125 0.169921875 0.140625 0.0732421875
0 0.1669921875 0.15234375 0.1650390625 0.0927734375
0 0.2392578125 0.564453125 0.1201171875 0.0673828125
0 0.9716796875 0.7646484375 0.07421875 0.0830078125
0 0.849609375 0.1474609375 0.0849609375 0.0927734375
0 0.26953125 0.9970703125 0.134765625 0.072265625
0 0.5966796875 0.9970703125 0.1044921875 0.044921875
0 0.9697265625 0.9873046875 0.087890625 0.1279296875
0 0.8349609375 0.3671875 0.11328125 0.080078125
0 0.876953125 0.2216796875 0.0595703125 0.0625
0 0.1640625 0.9521484375 0.07421875 0.125
0 0.0419921875 0.8017578125 0.0400390625 0.0869140625
0 0.4599609375 1.0 0.078125 0.0654296875
0 0.9970703125 1.0 0.0654296875 0.052734375
