0 0.8798828125 0.095703125 0.1357421875 0.095703125
0 0.2392578125 0.72265625 0.103515625 0.1142578125
0 0.5458984375 0.7451171875 0.134765625 0.1533203125
0 0.90625 0.5390625 0.14453125 0.080078125
0 0.76171875 0.447265625 0.220703125 0.1357421875
0 0.7978515625 0.74609375 0.0888671875 0.1044921875
0 0.7646484375 0.8671875 0.09375 0.1044921875
0 0.1708984375 0.177734375 0.1494140625 0.083984375
0 0.4755859375 0.49609375 0.1259765625 0.138671875
0 0.0634765625 0.734375 0.052734375 0.068359375
0 0.31640625 0.9453125 0.1171875 0.0888671875
0 0.359375 0.8115234375 0.1416015625 0.158203125
0 0.52734375 0.5390625 0.0908203125 0.0615234375
0 0.376953125 0.40234375 0.1015625 0.10546875
0 0.0478515625 0.0888671875 0.0478515625 0.0703125
0 0.423828125 0.095703125 0.103515625 0.095703125
0 0.7236328125 0.16796875 0.1240234375 0.1015625
0 1.0 0.076171875 0.087890625 0.05859375
0 0.9052734375 0.2666015625 0.0810546875 0.0771484375
0 0.88671875 0.35546875 0.12109375 0.0859375
0 1.0 0.3251953125 0.0791015625 0.06640625
0 1.0 0.4951171875 0.0732421875 0.1123046875
0 1.0 0.6435546875 0.048828125 0.07421875
0 0.90234375 0.578125 0.07421875 0.0517578125
0 0.7109375 0.7216796875 0.0986328125 0.0537109375
0 1.0 0.84765625 0.0830078125 0.064453125
0 0.8291015625 0.912109375 0.09375 0.0595703125
