0 0.1572265625 0.5654296875 0.0654296875 0.0634765625
0 0.220703125 0.6044921875 0.10546875 0.0810546875
0 0.130859375 0.7138671875 0.0986328125 0.0791015625
0 0.1875 0.9765625 0.0810546875 0.0810546875
0 0.13671875 1.0 0.0634765625 0.0546875
0 0.287109375 1.0 0.0625 0.06640625
0 0.3671875 0.9345703125 0.0732421875 0.0625
0 0.349609375 1.0 0.0673828125 0.04296875
0 0.3857421875 0.78125 0.0576171875 0.0654296875
0 0.3125 0.6025390625 0.080078125 0.078125
0 0.439453125 0.5986328125 0.0654296875 0.072265625
0 0.3818359375 0.5029296875 0.09765625 0.0908203125
0 0.279296875 0.498046875 0.0673828125 0.072265625
0 0.0224609375 0.337890625 0.0224609375 0.1025390625
0 0.2578125 0.3349609375 0.0830078125 0.08203125
0 0.388671875 0.2919921875 0.087890625 0.0869140625
0 0.3369140625 0.1884765625 0.0673828125 0.072265625
0 0.279296875 0.17578125 0.0712890625 0.0751953125
0 0.0810546875 0.1220703125 0.072265625 0.06640625
0 0.6298828125 0.1220703125 0.06640625 0.0712890625
0 0.708984375 0.1181640625 0.060546875 0.072265625
0 0.8447265625 0.13671875 0.080078125 0.0908203125
0 0.779296875 0.1640625 0.080078125 0.068359375
0 0.7548828125 0.296875 0.068359375 0.103515625
0 0.77734375 0.4462890625 0.0849609375 0.0888671875
0 0.5205078125 0.4853515625 0.0693359375 0.083984375
0 0.7626953125 0.5263671875 0.0986328125 0.068359375
0 0.9990234375 0.4853515625 0.0595703125 0.0673828125
0 0.5869140625 0.6865234375 0.08984375 0.080078125
0 0.73828125 0.7021484375 0.0712890625 0.0673828125
0 0.7431640625 0.6513671875 0.05859375 0.06640625
0 0.9296875 0.6220703125 0.0654296875 0.0625
0 0.91015625 0.7705078125 0.0712890625 0.1025390625
0 1.0 0.818359375 0.06640625 0.0771484375
0 0.806640625 0.8818359375 0.080078125 0.0869140625
0 0.6630859375 0.794921875 0.0537109375 0.0732421875
0 0.7861328125 1.0 0.080078125 0.0576171875
0 0.87109375 0.9833984375 0.0771484375 0.0712890625
0 0.9892578125 0.9951171875 0.0654296875 0.0830078125
0 0.978515625 0.0517578125 0.0791015625 0.0517578125
0 0.6865234375 0.04296875 0.0771484375 0.04296875
0 0.8583984375 0.6240234375 0.0634765625 0.1083984375
0 0.3994140625 0.576171875 0.0908203125 0.0751953125
0 0.2080078125 0.0537109375 0.0859375 0.0537109375
0 0.0556640625 0.0595703125 0.0478515625 0.0478515625
0 0.416015625 0.24609375 0.0595703125 0.060546875
0 0.3974609375 0.3388671875 0.0791015625 0.0634765625
0 0.689453125 0.248046875 0.05859375 0.056640625
0 0.892578125 0.02734375 0.0595703125 0.02734375
0 0.498046875 0.1015625 0.046875 0.0478515625
0 0.7177734375 0.423828125 0.0390625 0.048828125
0 0.388671875 1.0 0.0478515625 0.03515625
0 0.646484375 0.8095703125 0.0361328125 0.0341796875
0 0.6103515625 0.6572265625 0.03515625 0.0361328125
0 0.7978515625 0.603515625 0.046875 0.052734375
