0 0.5673828125 0.5390625 0.072265625 0.0986328125
0 0.42578125 0.24609375 0.05859375 0.0830078125
0 0.1943359375 0.07421875 0.0654296875 0.0732421875
0 0.6005859375 0.3916015625 0.0947265625 0.0576171875
0 0.2919921875 0.283203125 0.078125 0.0712890625
0 0.421875 0.5419921875 0.07421875 0.08203125
0 0.2001953125 0.197265625 0.1064453125 0.103515625
0 0.0859375 0.3994140625 0.0859375 0.080078125
0 0.90625 0.640625 0.0478515625 0.0849609375
0 0.595703125 0.677734375 0.046875 0.0849609375
0 0.140625 0.7431640625 0.0947265625 0.0517578125
0 0.767578125 0.06640625 0.044921875 0.06640625
0 1.0 0.0703125 0.0537109375 0.0703125
0 0.865234375 0.3837890625 0.0712890625 0.0498046875
0 0.1689453125 0.287109375 0.083984375 0.1103515625
0 0.73046875 0.2822265625 0.056640625 0.095703125
0 0.732421875 0.5703125 0.05859375 0.0908203125
0 0.734375 0.4111328125 0.0419921875 0.078125
0 0.2978515625 0.9755859375 0.0927734375 0.041015625
0 0.3583984375 0.927734375 0.064453125 0.1240234375
0 0.07509765625 0.2673828125 0.07509765625 0.076171875
0 0.2568359375 0.650390625 0.0859375 0.0546875
0 0.8994140625 0.1552734375 0.0693359375 0.041015625
0 0.4580078125 0.732421875 0.046875 0.0634765625
0 0.5126953125 0.7275390625 0.0654296875 0.0556640625
0 0.837890625 0.556640625 0.0703125 0.1357421875
0 0.1484375 0.5810546875 0.1123046875 0.0654296875
0 0.5791015625 0.2392578125 0.0712890625 0.1044921875
0 0.056640625 0.5712890625 0.056640625 0.05859375
0 0.541015625 0.419921875 0.0771484375 0.0361328125
0 1.0 0.9951171875 0.0419921875 0.0380859375
0 0.2861328125 0.5791015625 0.0615234375 0.044921875
0 0.3798828125 0.935546875 0.0390625 0.0615234375
0 0.8447265625 0.6904296875 0.05859375 0.072265625
0 0.1943359375 0.955078125 0.064453125 0.0576171875
0 0.814453125 0.697265625 0.0654296875 0.056640625
0 0.5849609375 0.2021484375 0.0732421875 0.0947265625
0 0.52734375 0.8974609375 0.087890625 0.0634765625
0 0.6982421875 0.197265625 0.05078125 0.080078125
0 0.1416015625 0.9248046875 0.0908203125 0.0498046875
0 0.271484375 0.203125 0.078125 0.1318359375
0 0.716796875 0.56640625 0.0537109375 0.0869140625
0 0.7060546875 0.0380859375 0.078125 0.0380859375
0 0.84375 0.654296875 0.0576171875 0.04296875
0 0.28125 0.4384765625 0.0458984375 0.0673828125
0 0.1962890625 1.0 0.078125 0.033203125
0 0.4658203125 0.3916015625 0.052734375 0.04296875
0 0.5205078125 0.640625 0.1142578125 0.0810546875
0 0.6513671875 1.0 0.037109375 0.025390625
0 0.2529296875 0.6904296875 0.0546875 0.0654296875
0 0.751953125 0.6982421875 0.048828125 0.037109375
0 0.5966796875 0.9541015625 0.0439453125 0.06640625
0 0.193359375 0.59765625 0.060546875 0.0419921875
0 1.0 0.5361328125 0.0244140625 0.0634765625
0 0.421875 0.7392578125 0.0634765625 0.0537109375
0 0.763671875 0.76171875 0.0654296875 0.0380859375
