0 0.9873046875 0.61328125 0.0693359375 0.08203125
0 0.4931640625 0.06640625 0.0859375 0.0576171875
0 0.1611328125 0.2802734375 0.1259765625 0.0927734375
0 0.388671875 0.5234375 0.080078125 0.0546875
0 0.5888671875 0.5478515625 0.1044921875 0.056640625
0 0.0498046875 0.5224609375 0.0498046875 0.130859375
0 0.703125 0.201171875 0.0673828125 0.0693359375
0 0.080078125 0.185546875 0.080078125 0.0625
0 0.22265625 0.41015625 0.1044921875 0.044921875
0 0.3759765625 0.5810546875 0.0927734375 0.04296875
0 0.6474609375 0.30078125 0.083984375 0.080078125
0 0.6279296875 0.3837890625 0.068359375 0.0439453125
0 0.30078125 0.06640625 0.0986328125 0.06640625
0 0.287109375 0.9423828125 0.11328125 0.0830078125
0 0.0947265625 0.3134765625 0.0947265625 0.0849609375
0 0.087890625 0.318359375 0.087890625 0.0654296875
0 0.8037109375 0.3515625 0.072265625 0.0390625
0 0.796875 0.9404296875 0.1142578125 0.0556640625
0 0.548828125 0.3505859375 0.0810546875 0.0458984375
0 0.431640625 0.34765625 0.060546875 0.04296875
0 0.044921875 0.0634765625 0.044921875 0.0615234375
0 0.994140625 0.5380859375 0.0615234375 0.0927734375
0 0.5732421875 0.6201171875 0.16796875 0.052734375
0 0.7734375 0.5712890625 0.138671875 0.06640625
0 0.796875 0.2646484375 0.099609375 0.0322265625
0 0.9443359375 0.21875 0.1015625 0.0546875
0 0.1484375 0.359375 0.0966796875 0.025390625
0 0.068359375 0.6796875 0.068359375 0.0498046875
0 0.6953125 0.34765625 0.0849609375 0.033203125
0 0.283203125 0.623046875 0.083984375 0.041015625
0 0.8583984375 0.400390625 0.0712890625 0.037109375
0 0.9677734375 0.9111328125 0.095703125 0.0634765625
0 0.068359375 0.443359375 0.037109375 0.087890625
0 0.1943359375 0.9345703125 0.08203125 0.0595703125
0 0.3857421875 0.7197265625 0.1328125 0.052734375
0 0.171875 0.5732421875 0.109375 0.0966796875
0 0.2890625 0.568359375 0.0771484375 0.037109375
0 0.4580078125 0.7255859375 0.091796875 0.03515625
0 0.966796875 0.71875 0.099609375 0.0390625
0 1.0 0.9384765625 0.0380859375 0.0771484375
0 0.1572265625 0.90625 0.123046875 0.052734375
0 0.4541015625 0.65625 0.1103515625 0.0390625
0 0.69140625 0.7421875 0.0517578125 0.029296875
0 0.255859375 0.6884765625 0.0673828125 0.0224609375
0 0.2255859375 0.7265625 0.1015625 0.04296875
0 0.787109375 0.607421875 0.0673828125 0.037109375
0 0.9228515625 0.66015625 0.1123046875 0.052734375
0 0.509765625 0.3955078125 0.0703125 0.033203125
0 0.103515625 0.9384765625 0.103515625 0.0419921875
0 0.052734375 0.697265625 0.052734375 0.025390625
0 0.1650390625 0.57421875 0.0751953125 0.068359375
0 0.44921875 0.8857421875 0.05859375 0.0634765625
0 0.5810546875 0.25390625 0.0732421875 0.0380859375
0 0.5546875 0.6611328125 0.09375 0.0380859375
0 0.475390625 0.9177734375 0.10859374999999999 0.0341796875
0 0.3779296875 1.0 0.0615234375 0.013671875
0 0.041015625 0.775390625 0.041015625 0.072265625
0 0.86328125 0.3076171875 0.0654296875 0.0537109375
0 0.2666015625 0.2568359375 0.0791015625 0.0732421875
0 0.19921875 0.6083984375 0.095703125 0.04296875
0 0.728515625 0.8330078125 0.0732421875 0.03125
0 0.9150390625 0.55859375 0.048828125 0.0341796875
0 0.7607421875 0.7197265625 0.0869140625 0.0341796875
0 0.345703125 0.6025390625 0.0634765625 0.0498046875
0 0.8984375 0.5888671875 0.0498046875 0.044921875
0 0.8056640625 0.689453125 0.107421875 0.0439453125
0 0.6982421875 0.31640625 0.0576171875 0.0244140625
0 0.4921875 0.9345703125 0.1259765625 0.0380859375
0 0.908203125 0.734375 0.0947265625 0.060546875
0 1.0 0.66015625 0.029296875 0.03515625
0 0.119140625 1.0 0.111328125 0.0341796875
0 1.0 0.9970703125 0.0537109375 0.05078125
0 0.109375 0.912109375 0.0859375 0.044921875
