0 1.0 0.6318359375 0.0625 0.07421875
0 0.083984375 0.845703125 0.0771484375 0.064453125
0 0.966796875 0.294921875 0.08984375 0.087890625
0 0.1416015625 0.4765625 0.0771484375 0.0693359375
0 0.89453125 0.466796875 0.08203125 0.09765625
0 0.234375 0.703125 0.060546875 0.060546875
0 0.796875 0.1904296875 0.0771484375 0.0810546875
0 0.185546875 0.8310546875 0.0771484375 0.0849609375
0 0.140625 0.65625 0.052734375 0.0673828125
0 0.8466796875 0.0654296875 0.0673828125 0.0654296875
0 1.0 0.1171875 0.0576171875 0.1025390625
0 0.9384765625 0.1474609375 0.072265625 0.0908203125
0 0.9462890625 0.4296875 0.0546875 0.1201171875
