0 0.2392578125 0.619140625 0.0927734375 0.05078125
0 0.861328125 0.5244140625 0.130859375 0.0625
0 0.421875 0.73828125 0.1318359375 0.0546875
0 0.6064453125 0.0439453125 0.0830078125 0.0439453125
0 1.0 0.19921875 0.076171875 0.0517578125
0 0.61328125 0.1806640625 0.0908203125 0.0556640625
0 0.9140625 0.279296875 0.1064453125 0.05859375
0 0.4892578125 0.3291015625 0.119140625 0.0439453125
0 0.9296875 0.4501953125 0.1142578125 0.044921875
0 0.228515625 0.8603515625 0.1201171875 0.048828125
0 0.560546875 0.2470703125 0.080078125 0.0625
0 0.7998046875 0.08203125 0.111328125 0.0439453125
0 0.9990234375 0.62109375 0.1044921875 0.0556640625
0 0.5 0.31640625 0.1240234375 0.0458984375
0 1.0 0.087890625 0.0478515625 0.060546875
0 0.7119140625 0.861328125 0.1171875 0.0458984375
0 0.263671875 0.5888671875 0.115234375 0.05078125
0 0.865234375 0.08984375 0.076171875 0.0419921875
0 0.37890625 0.9482421875 0.1220703125 0.0439453125
0 0.8505859375 0.2958984375 0.0908203125 0.048828125
0 0.103515625 0.236328125 0.08984375 0.0625
0 0.1865234375 0.056640625 0.115234375 0.0458984375
0 0.271484375 0.490234375 0.1650390625 0.0625
0 0.92578125 0.87890625 0.107421875 0.046875
0 0.1298828125 0.1552734375 0.125 0.0693359375
0 0.478515625 0.876953125 0.119140625 0.048828125
0 0.5732421875 0.9248046875 0.138671875 0.05078125
0 0.8369140625 0.3330078125 0.123046875 0.083984375
0 0.5185546875 0.55859375 0.1044921875 0.056640625
0 0.125 0.1865234375 0.0859375 0.0419921875
0 0.12890625 0.5810546875 0.1171875 0.04296875
0 0.7001953125 0.80859375 0.185546875 0.08203125
0 0.1669921875 0.873046875 0.1650390625 0.048828125
0 0.142578125 0.92578125 0.1396484375 0.0361328125
0 0.7646484375 1.0 0.107421875 0.0224609375
0 0.66796875 0.330078125 0.1416015625 0.0634765625
0 0.9521484375 0.9580078125 0.123046875 0.033203125
0 0.0634765625 0.3359375 0.0625 0.0322265625
0 0.4326171875 0.8251953125 0.12890625 0.03125
0 1.0 0.2421875 0.0703125 0.041015625
0 0.701171875 0.2685546875 0.142578125 0.044921875
0 0.9990234375 0.69921875 0.1181640625 0.0390625
0 0.0771484375 0.595703125 0.0771484375 0.04296875
0 0.1240234375 0.8154296875 0.1240234375 0.044921875
0 0.85546875 0.3603515625 0.142578125 0.04296875
0 0.7734375 0.91796875 0.1220703125 0.0380859375
0 0.2578125 1.0 0.162109375 0.02734375
0 0.3857421875 0.890625 0.087890625 0.04296875
0 0.306640625 0.552734375 0.0830078125 0.0263671875
0 0.7919921875 0.376953125 0.1083984375 0.0244140625
0 0.0341796875 0.4052734375 0.0341796875 0.025390625
0 0.921875 0.0283203125 0.056640625 0.02734375
0 0.240234375 0.23046875 0.1171875 0.046875
0 0.609375 0.9794921875 0.1572265625 0.0400390625
0 0.947265625 0.9326171875 0.1103515625 0.03515625
0 1.0 0.5673828125 0.0546875 0.0341796875
0 0.625 0.9638671875 0.1259765625 0.041015625
0 0.0673828125 0.9892578125 0.06640625 0.0341796875
0 0.337890625 0.4287109375 0.103515625 0.01953125
0 0.0341796875 0.728515625 0.0341796875 0.03515625
0 0.2626953125 0.26171875 0.1640625 0.072265625
0 0.0615234375 0.2568359375 0.0615234375 0.044921875
0 0.2109375 0.0263671875 0.1015625 0.0263671875
