0 0.0498046875 0.4892578125 0.0498046875 0.0849609375
0 0.119140625 0.427734375 0.09765625 0.083984375
0 0.2373046875 0.5234375 0.099609375 0.173828125
0 0.1162109375 0.6171875 0.0654296875 0.10546875
0 0.1494140625 0.6806640625 0.0693359375 0.1005859375
0 0.20703125 0.61328125 0.0712890625 0.0849609375
0 0.859375 0.228515625 0.0888671875 0.07421875
0 0.8916015625 0.4541015625 0.0888671875 0.0625
0 0.92578125 0.5537109375 0.0693359375 0.0791015625
0 0.7021484375 0.416015625 0.1181640625 0.0869140625
0 0.7216796875 0.7109375 0.0947265625 0.115234375
0 0.6796875 0.75 0.1025390625 0.0625
0 0.591796875 0.7060546875 0.0859375 0.1357421875
0 0.779296875 0.8056640625 0.0830078125 0.0615234375
0 0.7744140625 0.8876953125 0.0615234375 0.0830078125
0 0.958984375 0.8974609375 0.1064453125 0.068359375
0 0.6826171875 0.9736328125 0.11328125 0.0615234375
0 0.7158203125 0.9189453125 0.1162109375 0.1171875
0 0.6044921875 0.9150390625 0.1162109375 0.0830078125
0 0.5419921875 0.8330078125 0.12890625 0.076171875
0 0.0546875 0.99609375 0.0546875 0.072265625
0 0.1650390625 1.0 0.076171875 0.078125
0 0.1806640625 0.919921875 0.0791015625 0.056640625
0 0.2431640625 0.890625 0.0693359375 0.0634765625
0 0.08203125 0.8056640625 0.056640625 0.0537109375
0 0.427734375 0.533203125 0.080078125 0.0625
0 0.470703125 0.537109375 0.0810546875 0.1259765625
0 0.4931640625 0.416015625 0.0830078125 0.0830078125
0 0.4267578125 0.4072265625 0.0537109375 0.0732421875
0 0.330078125 0.2958984375 0.0673828125 0.099609375
0 0.412109375 0.2314453125 0.0908203125 0.0595703125
0 0.5517578125 0.2158203125 0.1171875 0.111328125
0 0.6865234375 0.08984375 0.1328125 0.08984375
