0 0.0595703125 0.0185546875 0.0595703125 0.0185546875
0 0.1669921875 0.0439453125 0.103515625 0.0439453125
0 0.2529296875 0.251953125 0.0771484375 0.0712890625
0 0.33984375 0.0849609375 0.1376953125 0.078125
0 0.4150390625 0.208984375 0.0908203125 0.1396484375
0 0.4130859375 0.314453125 0.0830078125 0.0751953125
0 0.2880859375 0.5283203125 0.1220703125 0.1865234375
0 0.34375 0.3935546875 0.046875 0.0634765625
0 0.4462890625 0.4072265625 0.068359375 0.060546875
0 0.5732421875 0.46875 0.076171875 0.0966796875
0 0.083984375 0.744140625 0.06640625 0.0771484375
0 0.265625 0.703125 0.06640625 0.08203125
0 0.2890625 0.765625 0.0693359375 0.0634765625
0 0.4443359375 0.7421875 0.0712890625 0.0888671875
0 0.5048828125 0.5791015625 0.0654296875 0.08203125
0 0.60546875 0.587890625 0.0537109375 0.0703125
0 0.1396484375 0.96484375 0.09375 0.15234375
0 0.2197265625 0.9775390625 0.0498046875 0.0595703125
0 0.390625 1.0 0.0966796875 0.0830078125
0 0.591796875 0.900390625 0.083984375 0.0830078125
0 0.677734375 0.833984375 0.06640625 0.0849609375
0 0.7177734375 0.9736328125 0.142578125 0.0947265625
0 0.783203125 0.96484375 0.06640625 0.0869140625
0 0.7880859375 0.787109375 0.083984375 0.09765625
0 0.7294921875 0.6357421875 0.0771484375 0.099609375
0 0.6357421875 0.6552734375 0.0576171875 0.078125
0 0.8544921875 0.6416015625 0.068359375 0.0966796875
0 0.802734375 0.5283203125 0.06640625 0.1279296875
0 1.0 0.8134765625 0.0439453125 0.1240234375
0 1.0 0.341796875 0.013671875 0.07421875
0 1.0 0.240234375 0.0439453125 0.064453125
0 0.8046875 0.263671875 0.044921875 0.0625
0 0.765625 0.2294921875 0.087890625 0.08984375
0 0.7880859375 0.1142578125 0.068359375 0.080078125
0 0.71484375 0.02734375 0.080078125 0.02734375
0 0.830078125 0.0390625 0.068359375 0.0390625
0 0.9462890625 0.0341796875 0.048828125 0.0341796875
