0 0.619140625 0.0576171875 0.08203125 0.0576171875
0 0.8603515625 0.091796875 0.1025390625 0.07421875
0 0.865234375 0.2138671875 0.1279296875 0.0859375
0 0.8828125 0.2998046875 0.0439453125 0.0654296875
0 0.8310546875 0.365234375 0.0693359375 0.076171875
0 0.6259765625 0.447265625 0.0927734375 0.0615234375
0 0.5107421875 0.4072265625 0.0546875 0.0791015625
0 0.197265625 0.353515625 0.1025390625 0.0625
0 0.1025390625 0.2666015625 0.1025390625 0.068359375
0 0.259765625 0.06640625 0.0859375 0.06640625
0 0.3212890625 0.6201171875 0.0849609375 0.0986328125
0 0.5810546875 0.60546875 0.09375 0.1142578125
0 0.8212890625 0.751953125 0.091796875 0.0927734375
0 0.869140625 0.734375 0.056640625 0.091796875
0 0.9404296875 0.64453125 0.0908203125 0.123046875
0 0.4921875 0.759765625 0.076171875 0.083984375
0 0.26171875 0.953125 0.0869140625 0.0732421875
0 0.169921875 0.8642578125 0.0859375 0.12109375
0 0.0947265625 0.845703125 0.0947265625 0.0673828125
0 0.1884765625 0.7412109375 0.072265625 0.078125
0 0.5732421875 0.8525390625 0.0771484375 0.068359375
0 0.5576171875 1.0 0.0849609375 0.0869140625
0 0.5029296875 1.0 0.08984375 0.04296875
0 0.3828125 1.0 0.072265625 0.06640625
0 0.7587890625 1.0 0.0908203125 0.0556640625
0 0.701171875 0.9638671875 0.06640625 0.0703125
0 0.71875 0.857421875 0.072265625 0.0634765625
0 0.751953125 0.904296875 0.0732421875 0.05078125
0 0.8779296875 1.0 0.0693359375 0.083984375
0 0.9970703125 0.98828125 0.08203125 0.1015625
0 0.9677734375 0.8056640625 0.07421875 0.0869140625
0 0.572265625 0.2734375 0.095703125 0.111328125
0 0.0751953125 1.0 0.0751953125 0.123046875
0 0.841796875 0.5302734375 0.078125 0.0849609375
