0 0.068359375 0.123046875 0.0537109375 0.0546875
0 0.0615234375 0.19921875 0.05859375 0.0810546875
0 0.1904296875 0.095703125 0.0673828125 0.07421875
0 0.501953125 0.1171875 0.068359375 0.0654296875
0 0.525390625 0.1650390625 0.0693359375 0.0595703125
0 0.37109375 0.244140625 0.0654296875 0.0625
0 0.5751953125 0.3125 0.1220703125 0.123046875
0 0.5029296875 0.390625 0.0654296875 0.1328125
0 0.423828125 0.4052734375 0.091796875 0.078125
0 0.1318359375 0.37109375 0.0751953125 0.0576171875
0 0.080078125 0.66796875 0.080078125 0.076171875
0 0.04296875 0.5615234375 0.04296875 0.0947265625
0 0.2158203125 0.5458984375 0.11328125 0.08203125
0 0.3759765625 0.6005859375 0.0966796875 0.1015625
0 0.4384765625 0.70703125 0.0927734375 0.083984375
0 0.3603515625 0.8037109375 0.087890625 0.0556640625
0 0.16015625 0.896484375 0.0595703125 0.1025390625
0 0.09765625 0.9365234375 0.0556640625 0.056640625
0 0.3935546875 0.8896484375 0.1240234375 0.0732421875
0 0.462890625 0.875 0.0595703125 0.064453125
0 0.5478515625 0.572265625 0.1328125 0.123046875
0 0.5771484375 0.5830078125 0.052734375 0.064453125
0 0.6015625 0.5166015625 0.068359375 0.078125
0 0.697265625 0.5712890625 0.0556640625 0.1259765625
0 0.7734375 0.576171875 0.0869140625 0.0771484375
0 0.9736328125 0.15234375 0.1396484375 0.1044921875
0 0.904296875 0.0361328125 0.0751953125 0.0361328125
0 0.8837890625 0.421875 0.0712890625 0.08203125
0 0.9775390625 0.3125 0.1640625 0.0947265625
0 0.9453125 0.244140625 0.12890625 0.072265625
0 0.7412109375 0.7001953125 0.13671875 0.119140625
0 0.6865234375 0.7333984375 0.0703125 0.072265625
0 0.6337890625 0.814453125 0.1171875 0.197265625
0 0.560546875 0.798828125 0.087890625 0.0615234375
0 0.7958984375 0.7265625 0.1513671875 0.1328125
0 0.890625 0.7509765625 0.076171875 0.0986328125
0 0.962890625 0.7041015625 0.0908203125 0.087890625
0 0.89453125 0.5546875 0.0859375 0.080078125
0 1.0 0.509765625 0.0517578125 0.0478515625
0 1.0 0.58984375 0.091796875 0.076171875
0 0.4658203125 0.958984375 0.04296875 0.083984375
0 0.5146484375 0.9814453125 0.048828125 0.103515625
0 0.611328125 0.982421875 0.09765625 0.091796875
0 0.927734375 0.9912109375 0.09375 0.08984375
0 0.849609375 0.865234375 0.125 0.046875
0 1.0 0.9345703125 0.0732421875 0.1533203125
0 1.0 0.86328125 0.04296875 0.1162109375
0 0.2177734375 0.998046875 0.0986328125 0.119140625
0 0.7490234375 0.1201171875 0.0654296875 0.05859375
0 0.4326171875 0.2705078125 0.04296875 0.0712890625
0 0.7353515625 0.435546875 0.037109375 0.0537109375
0 0.7294921875 0.9423828125 0.091796875 0.05078125
0 0.525390625 0.50390625 0.05078125 0.0400390625
0 0.876953125 0.8076171875 0.08984375 0.048828125
0 0.8623046875 0.775390625 0.1328125 0.072265625
0 0.595703125 0.8359375 0.0615234375 0.0556640625
0 1.0 0.208984375 0.060546875 0.1064453125
