0 0.0419921875 0.8603515625 0.0419921875 0.0771484375
0 0.1494140625 0.8125 0.07421875 0.0703125
0 0.1455078125 0.6357421875 0.064453125 0.0595703125
0 0.1015625 0.5888671875 0.08203125 0.103515625
0 0.0283203125 0.5244140625 0.0283203125 0.091796875
0 0.05859375 0.380859375 0.05859375 0.078125
0 0.318359375 0.080078125 0.087890625 0.0712890625
0 0.41796875 0.08984375 0.0654296875 0.08984375
0 0.31640625 0.2744140625 0.109375 0.125
0 0.3359375 0.2265625 0.0625 0.0673828125
0 0.4306640625 0.2255859375 0.080078125 0.09765625
0 0.19921875 0.30078125 0.0947265625 0.1025390625
0 0.4716796875 0.3125 0.0986328125 0.0849609375
0 0.2685546875 0.4658203125 0.1162109375 0.0947265625
0 0.4033203125 0.509765625 0.091796875 0.056640625
0 0.39453125 0.5673828125 0.0908203125 0.0693359375
0 0.6357421875 0.4228515625 0.091796875 0.0712890625
0 0.61328125 0.5205078125 0.0693359375 0.0634765625
0 0.36328125 0.42578125 0.0537109375 0.05078125
0 0.63671875 0.12890625 0.0693359375 0.07421875
0 0.650390625 0.259765625 0.0810546875 0.0732421875
0 0.810546875 0.2626953125 0.0625 0.08984375
0 0.71484375 0.1767578125 0.060546875 0.0947265625
0 0.740234375 0.607421875 0.07421875 0.0869140625
0 0.6474609375 0.58984375 0.068359375 0.0615234375
0 0.76953125 0.3310546875 0.0625 0.05078125
0 0.85546875 0.59765625 0.078125 0.0732421875
0 0.931640625 0.65234375 0.0703125 0.076171875
0 0.970703125 0.595703125 0.0576171875 0.0712890625
0 0.4775390625 0.7275390625 0.10546875 0.0966796875
0 0.935546875 0.3779296875 0.0693359375 0.06640625
0 0.93359375 0.4169921875 0.0888671875 0.0537109375
0 0.8408203125 0.384765625 0.060546875 0.078125
0 0.9990234375 0.3525390625 0.0712890625 0.080078125
0 0.91796875 0.2705078125 0.0625 0.103515625
0 0.9453125 0.15234375 0.080078125 0.09765625
0 0.701171875 0.0439453125 0.0859375 0.0439453125
0 0.98046875 0.076171875 0.0654296875 0.076171875
0 0.5185546875 0.8056640625 0.0595703125 0.06640625
0 0.8896484375 0.8427734375 0.107421875 0.0771484375
0 0.701171875 0.9638671875 0.0712890625 0.083984375
0 0.869140625 1.0 0.095703125 0.099609375
0 0.4130859375 0.8916015625 0.0947265625 0.0654296875
0 0.513671875 0.9736328125 0.080078125 0.0888671875
0 0.1982421875 0.90625 0.0830078125 0.0634765625
0 0.345703125 1.0 0.07421875 0.1025390625
0 0.193359375 1.0 0.1025390625 0.04296875
0 1.0 0.9462890625 0.0732421875 0.072265625
0 1.0 0.8623046875 0.044921875 0.07421875
0 0.9970703125 0.69921875 0.064453125 0.0751953125
0 0.6708984375 0.3115234375 0.0810546875 0.0654296875
0 0.244140625 0.3701171875 0.0693359375 0.0986328125
0 0.638671875 0.8388671875 0.044921875 0.048828125
0 0.25 1.0 0.0537109375 0.02734375
0 0.0361328125 1.0 0.0361328125 0.03125
0 0.412109375 0.44921875 0.0537109375 0.05078125
0 1.0 0.619140625 0.0234375 0.064453125
0 0.2001953125 0.8505859375 0.0693359375 0.0556640625
0 0.3232421875 0.5908203125 0.0654296875 0.0439453125
