0 0.7568359375 0.44921875 0.05078125 0.087890625
0 0.64453125 0.431640625 0.0693359375 0.080078125
0 0.34765625 0.669921875 0.083984375 0.0595703125
0 0.0673828125 0.7060546875 0.0673828125 0.05078125
0 0.486328125 0.9423828125 0.072265625 0.0693359375
0 0.873046875 0.37109375 0.076171875 0.0732421875
0 0.08203125 0.494140625 0.08203125 0.0595703125
0 0.53125 0.1767578125 0.0517578125 0.0810546875
0 0.0185546875 0.40234375 0.0185546875 0.0615234375
0 0.755859375 0.1484375 0.0693359375 0.0712890625
0 0.9833984375 0.12890625 0.0439453125 0.072265625
0 0.341796875 0.5 0.0634765625 0.0791015625
0 0.25 0.7138671875 0.0869140625 0.0888671875
0 0.4755859375 0.0732421875 0.0478515625 0.0732421875
0 0.5380859375 0.1181640625 0.041015625 0.072265625
0 0.1376953125 0.25390625 0.029296875 0.0849609375
0 0.9130859375 0.19140625 0.0458984375 0.06640625
0 0.958984375 0.4208984375 0.068359375 0.146484375
0 0.3232421875 0.0595703125 0.0634765625 0.0595703125
0 0.46484375 0.1396484375 0.0498046875 0.0693359375
0 0.3017578125 1.0 0.0546875 0.056640625
0 0.2373046875 0.1953125 0.0546875 0.0625
0 0.5517578125 0.716796875 0.03125 0.072265625
0 0.3916015625 0.9599609375 0.0625 0.0537109375
0 0.2412109375 0.4072265625 0.103515625 0.0703125
0 0.0517578125 0.392578125 0.0517578125 0.0703125
0 0.140625 0.5078125 0.0771484375 0.0625
0 0.810546875 0.8798828125 0.0390625 0.078125
0 0.17578125 0.341796875 0.0673828125 0.056640625
0 0.73046875 0.177734375 0.05078125 0.064453125
0 0.28515625 0.1533203125 0.05859375 0.048828125
0 0.81640625 0.7060546875 0.060546875 0.046875
0 0.453125 0.474609375 0.0654296875 0.0390625
0 0.103515625 0.13671875 0.0732421875 0.0341796875
0 0.3046875 0.818359375 0.0556640625 0.0615234375
0 0.876953125 0.998046875 0.0400390625 0.04296875
0 0.3408203125 0.1611328125 0.0517578125 0.1220703125
0 0.263671875 0.5888671875 0.056640625 0.0400390625
0 0.4326171875 0.7646484375 0.056640625 0.0419921875
0 0.7978515625 0.447265625 0.029296875 0.0595703125
0 0.953125 0.3115234375 0.04296875 0.05859375
0 0.2412109375 0.767578125 0.048828125 0.041015625
0 0.79296875 0.3525390625 0.0595703125 0.0439453125
0 0.5458984375 0.0341796875 0.033203125 0.0341796875
0 0.95703125 0.0458984375 0.03125 0.0458984375
0 0.8291015625 0.4111328125 0.0673828125 0.0517578125
0 0.0263671875 0.146484375 0.0263671875 0.03515625
0 0.322265625 0.998046875 0.0556640625 0.0556640625
0 0.0595703125 1.0 0.0361328125 0.0390625
0 0.880859375 0.564453125 0.0546875 0.03457031249999998
0 0.427734375 0.404296875 0.0517578125 0.052734375
0 0.322265625 0.8876953125 0.083984375 0.05078125
0 0.041015625 0.12890625 0.041015625 0.0654296875
0 0.8154296875 0.533203125 0.0283203125 0.0654296875
0 0.603515625 0.87109375 0.04296875 0.0556640625
0 0.8623046875 0.4873046875 0.0537109375 0.0478515625
0 0.34765625 0.7373046875 0.0458984375 0.01953125
0 0.541015625 0.1767578125 0.0439453125 0.0830078125
0 0.884765625 0.0947265625 0.05078125 0.060546875
0 0.2060546875 0.5302734375 0.0517578125 0.0263671875
0 0.0361328125 0.8046875 0.0361328125 0.041015625
0 0.888671875 0.7861328125 0.0439453125 0.048828125
0 0.599609375 1.0 0.033203125 0.0361328125
0 0.80859375 0.029296875 0.0341796875 0.029296875
0 0.8037109375 0.91015625 0.029296875 0.044921875
0 0.216796875 0.505859375 0.0849609375 0.052734375
0 0.134765625 0.806640625 0.0537109375 0.0419921875
0 0.2705078125 0.4326171875 0.0615234375 0.0400390625
0 0.2451171875 0.998046875 0.0546875 0.0234375
0 0.9404296875 0.4931640625 0.037109375 0.0390625
0 0.6220703125 0.123046875 0.0517578125 0.0263671875
0 0.26953125 0.3779296875 0.05859375 0.03515625
0 0.201171875 0.775390625 0.0771484375 0.041015625
0 0.185546875 0.2138671875 0.04296875 0.052734375
0 0.876953125 0.8671875 0.0517578125 0.0458984375
0 0.8818359375 0.8623046875 0.0947265625 0.0673828125
