0 0.900390625 0.1259765625 0.0439453125 0.103515625
0 0.982421875 0.234375 0.0400390625 0.0595703125
0 0.974609375 0.564453125 0.0810546875 0.111328125
0 0.8447265625 0.3564453125 0.0576171875 0.0625
0 0.873046875 0.28515625 0.0810546875 0.109375
0 0.8125 0.32421875 0.0390625 0.0830078125
0 0.7763671875 0.27734375 0.037109375 0.0703125
0 0.828125 0.1845703125 0.0556640625 0.072265625
0 0.8681640625 0.1865234375 0.0556640625 0.0927734375
0 0.685546875 0.3203125 0.0654296875 0.0556640625
0 0.7529296875 0.33203125 0.0634765625 0.037109375
0 0.7998046875 0.439453125 0.0478515625 0.0556640625
0 0.3671875 0.4267578125 0.0859375 0.10546875
0 0.5224609375 0.2646484375 0.0498046875 0.076171875
0 0.4736328125 0.2001953125 0.0703125 0.064453125
0 0.5810546875 0.2646484375 0.0712890625 0.0615234375
0 0.5498046875 0.3017578125 0.05078125 0.0478515625
0 0.66796875 0.4033203125 0.0869140625 0.0576171875
0 0.6044921875 0.3837890625 0.060546875 0.0478515625
0 0.537109375 0.4306640625 0.0634765625 0.0556640625
0 0.3671875 0.4619140625 0.0693359375 0.0380859375
0 0.146484375 0.3642578125 0.12890625 0.0400390625
0 0.140625 0.328125 0.140625 0.046875
0 0.072265625 0.1455078125 0.0478515625 0.046875
0 0.2119140625 0.0400390625 0.1025390625 0.0400390625
0 0.2802734375 0.572265625 0.0810546875 0.076171875
0 0.2451171875 0.6611328125 0.0810546875 0.0458984375
0 0.25 0.7041015625 0.056640625 0.0439453125
0 0.3056640625 0.72265625 0.0615234375 0.048828125
0 0.3095703125 0.6650390625 0.0703125 0.060546875
0 0.373046875 0.5478515625 0.0556640625 0.0458984375
0 0.4384765625 0.5810546875 0.0439453125 0.0546875
0 0.4736328125 0.5712890625 0.06640625 0.0712890625
0 0.5859375 0.576171875 0.048828125 0.064453125
0 0.6552734375 0.51171875 0.083984375 0.07421875
0 0.705078125 0.5263671875 0.0595703125 0.048828125
0 0.7001953125 0.5712890625 0.0556640625 0.0498046875
0 0.6953125 0.6357421875 0.0751953125 0.0654296875
0 0.89453125 0.62109375 0.0439453125 0.0498046875
0 0.583984375 0.640625 0.0869140625 0.0654296875
0 0.5166015625 0.6552734375 0.0751953125 0.0341796875
0 0.53125 0.673828125 0.05859375 0.052734375
0 0.4375 0.673828125 0.0478515625 0.0537109375
0 0.455078125 0.78125 0.091796875 0.0517578125
0 0.41796875 0.86328125 0.0654296875 0.0908203125
0 0.3505859375 0.8173828125 0.0517578125 0.05078125
0 0.3017578125 0.828125 0.0419921875 0.0478515625
0 0.265625 0.8369140625 0.0517578125 0.05078125
0 0.193359375 0.982421875 0.0615234375 0.0986328125
0 0.1005859375 0.8681640625 0.1005859375 0.0439453125
0 0.4404296875 0.9453125 0.091796875 0.0595703125
0 0.5068359375 0.916015625 0.0732421875 0.0634765625
0 0.56640625 0.8388671875 0.0693359375 0.0390625
0 0.5185546875 0.7939453125 0.0625 0.0458984375
0 0.5712890625 0.7626953125 0.05078125 0.0595703125
0 0.560546875 0.7177734375 0.076171875 0.0478515625
0 0.630859375 0.6923828125 0.0830078125 0.060546875
0 0.78515625 0.7724609375 0.0625 0.0498046875
0 0.8125 0.8583984375 0.0927734375 0.0546875
0 0.8427734375 0.9365234375 0.0634765625 0.083984375
0 0.9658203125 0.9921875 0.0400390625 0.0986328125
0 1.0 0.9423828125 0.037109375 0.09375
0 0.8681640625 0.73046875 0.06640625 0.0546875
0 0.2734375 0.0400390625 0.03515625 0.0283203125
0 0.1044921875 0.6494140625 0.0439453125 0.0302734375
0 0.8857421875 0.349609375 0.0400390625 0.029296875
0 0.8623046875 0.318359375 0.0400390625 0.0498046875
0 0.6982421875 0.3056640625 0.060546875 0.0595703125
0 0.646484375 0.841796875 0.064453125 0.0380859375
0 0.63671875 0.845703125 0.0771484375 0.03125
0 0.6298828125 0.873046875 0.0537109375 0.0751953125
0 0.6123046875 0.7724609375 0.0517578125 0.052734375
0 0.671875 0.78125 0.03125 0.0361328125
0 0.48046875 0.857421875 0.0283203125 0.0361328125
