0 0.0673828125 0.337890625 0.060546875 0.0693359375
0 0.0419921875 0.4375 0.0419921875 0.046875
0 0.1923828125 0.3017578125 0.09375 0.0771484375
0 0.1552734375 0.4443359375 0.087890625 0.0869140625
0 0.0517578125 0.49609375 0.0517578125 0.0517578125
0 0.6103515625 0.0908203125 0.07421875 0.060546875
0 0.6845703125 0.099609375 0.0712890625 0.060546875
0 0.73046875 0.1220703125 0.0615234375 0.0712890625
0 0.8564453125 0.099609375 0.087890625 0.0703125
0 0.21875 0.1162109375 0.0771484375 0.0546875
0 0.294921875 0.123046875 0.060546875 0.078125
0 0.2470703125 0.15625 0.052734375 0.08984375
0 0.416015625 0.2333984375 0.0751953125 0.0771484375
0 0.5341796875 0.3125 0.060546875 0.0859375
0 0.5947265625 0.2216796875 0.078125 0.068359375
0 0.6044921875 0.1572265625 0.0654296875 0.0546875
0 0.7294921875 0.234375 0.0810546875 0.07421875
0 0.8037109375 0.2001953125 0.0771484375 0.080078125
0 0.8076171875 0.2607421875 0.0791015625 0.0615234375
0 0.6279296875 0.3349609375 0.0576171875 0.048828125
0 0.67578125 0.3642578125 0.0478515625 0.0712890625
0 0.8681640625 0.32421875 0.0625 0.0654296875
0 0.98046875 0.3349609375 0.09765625 0.08203125
0 1.0 0.4619140625 0.12890625 0.076171875
0 0.9384765625 0.4931640625 0.05078125 0.05078125
0 0.8740234375 0.4619140625 0.08984375 0.0576171875
0 0.9560546875 0.388671875 0.08203125 0.046875
0 0.751953125 0.5166015625 0.0751953125 0.07421875
0 0.537109375 0.5244140625 0.0751953125 0.0830078125
0 0.2880859375 0.451171875 0.0693359375 0.06640625
0 0.2490234375 0.5302734375 0.095703125 0.0615234375
0 0.1318359375 0.568359375 0.0576171875 0.0703125
0 0.17578125 0.6240234375 0.1103515625 0.0634765625
0 0.271484375 0.654296875 0.087890625 0.048828125
0 0.564453125 0.7119140625 0.109375 0.0908203125
0 0.3271484375 0.7998046875 0.078125 0.1044921875
0 0.134765625 0.8251953125 0.0732421875 0.060546875
0 0.5751953125 0.8896484375 0.0517578125 0.09765625
0 0.685546875 0.7978515625 0.0771484375 0.1123046875
0 0.6953125 0.8837890625 0.0712890625 0.056640625
0 0.6123046875 0.9521484375 0.0625 0.0537109375
0 0.7001953125 1.0 0.0791015625 0.0302734375
0 0.9697265625 0.05078125 0.064453125 0.05078125
0 0.9755859375 0.1123046875 0.091796875 0.0595703125
0 1.0 0.0908203125 0.0322265625 0.0654296875
0 0.8232421875 0.7099609375 0.0810546875 0.0791015625
0 0.9296875 0.765625 0.0703125 0.064453125
0 1.0 0.9677734375 0.0576171875 0.0703125
0 0.9072265625 1.0 0.056640625 0.0478515625
0 0.828125 0.525390625 0.0595703125 0.056640625
0 0.6318359375 0.21484375 0.041015625 0.0654296875
0 0.939453125 0.5185546875 0.0517578125 0.03515625
0 0.6103515625 1.0 0.0703125 0.046875
0 0.9375 0.7314453125 0.0390625 0.0595703125
0 0.52734375 0.0537109375 0.08203125 0.0537109375
0 0.0595703125 0.35546875 0.0517578125 0.037109375
0 0.0126953125 0.376953125 0.0126953125 0.029296875
