0 0.49609375 0.7880859375 0.123046875 0.0771484375
0 0.3837890625 0.712890625 0.08984375 0.1044921875
0 0.4482421875 0.46484375 0.1103515625 0.095703125
0 0.412109375 0.4833984375 0.126953125 0.064453125
0 0.3876953125 0.5546875 0.1455078125 0.0712890625
0 0.2734375 0.4541015625 0.125 0.0703125
0 0.1875 0.486328125 0.0791015625 0.056640625
0 0.1923828125 0.3857421875 0.111328125 0.08984375
0 0.380859375 0.2109375 0.0830078125 0.060546875
0 0.1494140625 0.0947265625 0.08203125 0.0517578125
0 0.318359375 0.107421875 0.107421875 0.107421875
0 0.513671875 0.068359375 0.1455078125 0.068359375
0 0.6103515625 0.05078125 0.09765625 0.05078125
0 0.6640625 0.134765625 0.1025390625 0.0615234375
0 0.748046875 0.23046875 0.111328125 0.068359375
0 0.7978515625 0.1103515625 0.099609375 0.103515625
0 0.693359375 0.1142578125 0.0732421875 0.064453125
0 1.0 0.0791015625 0.0703125 0.0791015625
0 0.9384765625 0.2294921875 0.0810546875 0.0625
0 0.9873046875 0.4892578125 0.087890625 0.07421875
0 0.93359375 0.576171875 0.0830078125 0.0546875
0 0.78515625 0.5693359375 0.0986328125 0.0693359375
0 0.658203125 0.5390625 0.087890625 0.0771484375
0 0.580078125 0.4521484375 0.11328125 0.0791015625
0 0.3388671875 0.806640625 0.0830078125 0.0498046875
0 0.5009765625 0.8583984375 0.123046875 0.072265625
0 0.4140625 0.9072265625 0.1103515625 0.0634765625
0 0.2255859375 0.8544921875 0.1005859375 0.0517578125
0 0.2861328125 0.9169921875 0.1435546875 0.060546875
0 0.2353515625 0.8125 0.15625 0.1005859375
0 0.1669921875 0.6171875 0.1474609375 0.041015625
0 0.18359375 0.5849609375 0.1640625 0.0478515625
0 0.927734375 0.8505859375 0.115234375 0.0712890625
0 1.0 0.98828125 0.1044921875 0.0556640625
0 0.7861328125 0.8984375 0.095703125 0.0517578125
0 0.8544921875 0.9697265625 0.1142578125 0.0712890625
0 0.908203125 0.943359375 0.1103515625 0.0908203125
0 0.7529296875 1.0 0.1474609375 0.08984375
0 0.5205078125 0.9990234375 0.064453125 0.033203125
0 0.1328125 0.890625 0.0625 0.046875
0 0.529296875 0.5712890625 0.064453125 0.0498046875
0 0.4423828125 0.9716796875 0.07421875 0.0537109375
0 0.6025390625 0.9072265625 0.078125 0.0771484375
0 0.2978515625 0.1708984375 0.1201171875 0.064453125
0 0.2119140625 0.140625 0.1044921875 0.0654296875
0 0.3544921875 0.5810546875 0.1103515625 0.0546875
