0 0.423828125 0.578125 0.0576171875 0.083984375
0 0.3994140625 0.1591796875 0.083984375 0.1005859375
0 0.556640625 0.0634765625 0.08828124999999998 0.0634765625
0 0.1845703125 0.53125 0.083984375 0.06640625
0 0.8994140625 0.90625 0.0732421875 0.0888671875
0 0.5 0.5849609375 0.0537109375 0.083984375
0 0.13671875 0.796875 0.0634765625 0.06640625
0 0.8291015625 0.384765625 0.0615234375 0.068359375
0 0.208984375 0.505859375 0.0654296875 0.1005859375
0 0.6826171875 0.8857421875 0.0537109375 0.099609375
0 0.9462890625 0.37109375 0.0556640625 0.0693359375
0 0.556640625 0.220703125 0.0654296875 0.0771484375
0 0.2353515625 0.6611328125 0.048828125 0.0791015625
0 0.2822265625 0.2919921875 0.072265625 0.09765625
0 0.7666015625 0.4873046875 0.0546875 0.103515625
0 0.9970703125 0.6396484375 0.037109375 0.076171875
0 0.8193359375 0.486328125 0.037109375 0.0712890625
0 0.955078125 0.5732421875 0.044921875 0.0732421875
0 0.3916015625 0.423828125 0.0546875 0.083984375
0 0.18359375 0.310546875 0.0537109375 0.080078125
0 0.2529296875 0.1953125 0.078125 0.1064453125
0 0.6826171875 0.6318359375 0.046875 0.072265625
0 0.7236328125 0.6103515625 0.080078125 0.12109375
0 0.251953125 0.4482421875 0.0986328125 0.0458984375
0 0.1865234375 0.0703125 0.064453125 0.064453125
0 0.12890625 0.2119140625 0.025390625 0.080078125
0 0.3408203125 0.671875 0.048828125 0.0791015625
0 0.603515625 0.837890625 0.025390625 0.076171875
0 0.0439453125 0.0712890625 0.0439453125 0.0712890625
0 0.0380859375 0.15625 0.0380859375 0.1064453125
0 0.79296875 0.595703125 0.0458984375 0.072265625
0 0.8310546875 0.537109375 0.03125 0.080078125
0 0.5751953125 0.2412109375 0.025390625 0.080078125
0 0.1904296875 0.638671875 0.0693359375 0.048828125
0 1.0 0.06640625 0.025390625 0.0615234375
0 0.296875 0.568359375 0.0556640625 0.044921875
0 0.603515625 0.708984375 0.0625 0.0537109375
0 0.6298828125 0.6005859375 0.0625 0.052734375
0 0.4033203125 0.888671875 0.0576171875 0.0517578125
0 0.5 0.671875 0.04296875 0.0576171875
0 0.2255859375 0.0302734375 0.0517578125 0.0302734375
0 0.599609375 0.9423828125 0.0537109375 0.0419921875
0 0.8818359375 0.1220703125 0.0419921875 0.07421875
0 0.837890625 0.8798828125 0.052734375 0.0751953125
0 0.5078125 0.314453125 0.0537109375 0.0859375
0 0.59765625 0.916015625 0.0419921875 0.05859375
0 0.603515625 0.564453125 0.068359375 0.0849609375
0 0.1572265625 0.5986328125 0.0400390625 0.064453125
0 0.7861328125 0.52734375 0.048828125 0.044921875
0 0.4619140625 0.9794921875 0.03125 0.048828125
0 0.8115234375 0.646484375 0.04296875 0.064453125
0 0.234375 0.2685546875 0.0537109375 0.03125
0 0.978515625 0.1064453125 0.0361328125 0.0537109375
0 0.7197265625 0.9658203125 0.060546875 0.037109375
0 0.2568359375 0.8916015625 0.044921875 0.029296875
0 0.888671875 0.1337890625 0.0595703125 0.078125
0 1.0 0.314453125 0.0166015625 0.0908203125
0 0.2734375 0.9384765625 0.0478515625 0.04296875
0 0.123046875 0.681640625 0.0625 0.0380859375
0 0.5224609375 0.6435546875 0.05078125 0.044921875
