0 0.7763671875 0.2744140625 0.08984375 0.0673828125
0 0.72265625 0.357421875 0.05078125 0.0771484375
0 0.732421875 0.4521484375 0.08203125 0.076171875
0 0.66015625 0.392578125 0.0439453125 0.05078125
0 0.59765625 0.3974609375 0.05859375 0.0625
0 0.5439453125 0.3525390625 0.0595703125 0.05859375
0 0.4775390625 0.2939453125 0.0615234375 0.0615234375
0 0.083984375 0.26953125 0.0576171875 0.0693359375
0 0.185546875 0.28515625 0.0517578125 0.0419921875
0 0.234375 0.32421875 0.1181640625 0.0693359375
0 0.1923828125 0.3681640625 0.076171875 0.0537109375
0 0.265625 0.4013671875 0.0546875 0.0556640625
0 0.26171875 0.4560546875 0.072265625 0.0634765625
0 0.3359375 0.4326171875 0.0546875 0.0615234375
0 0.3671875 0.474609375 0.05078125 0.0732421875
0 0.4296875 0.4697265625 0.0361328125 0.05859375
0 0.5078125 0.47265625 0.05859375 0.04296875
0 0.5244140625 0.416015625 0.1083984375 0.0615234375
0 0.5791015625 0.517578125 0.0615234375 0.060546875
0 0.484375 0.6357421875 0.076171875 0.060546875
0 0.4091796875 0.5537109375 0.048828125 0.0751953125
0 0.322265625 0.5322265625 0.0478515625 0.060546875
0 0.16796875 0.6904296875 0.1064453125 0.0634765625
0 0.984375 0.4345703125 0.0458984375 0.0625
0 0.9970703125 0.4912109375 0.060546875 0.072265625
0 0.8564453125 0.349609375 0.0751953125 0.0732421875
0 0.9423828125 0.314453125 0.0751953125 0.0546875
0 0.974609375 0.2392578125 0.0458984375 0.0654296875
0 0.638671875 0.626953125 0.0732421875 0.0439453125
0 0.2578125 0.791015625 0.0576171875 0.0693359375
0 0.2119140625 0.8271484375 0.0888671875 0.0615234375
0 0.1630859375 0.89453125 0.0576171875 0.0478515625
0 0.3212890625 0.9013671875 0.0654296875 0.052734375
0 0.390625 0.9365234375 0.052734375 0.0458984375
0 0.451171875 0.9228515625 0.0439453125 0.076171875
0 0.509765625 0.908203125 0.0537109375 0.0771484375
0 0.5625 0.841796875 0.056640625 0.0859375
0 0.513671875 0.7685546875 0.072265625 0.0576171875
0 0.5810546875 0.7392578125 0.0673828125 0.0830078125
0 0.6884765625 0.7294921875 0.07421875 0.05859375
0 0.7998046875 0.744140625 0.0634765625 0.072265625
0 0.791015625 0.7939453125 0.0751953125 0.07421875
0 0.671875 0.833984375 0.0634765625 0.0634765625
0 0.71484375 0.828125 0.04296875 0.0615234375
0 0.7939453125 0.8779296875 0.080078125 0.056640625
0 0.76171875 0.8251953125 0.056640625 0.0419921875
0 0.8427734375 0.83203125 0.0615234375 0.0869140625
0 0.890625 0.7998046875 0.0400390625 0.0419921875
0 0.98828125 0.8173828125 0.0751953125 0.0517578125
0 0.921875 0.869140625 0.048828125 0.08984375
0 0.892578125 0.9853515625 0.0537109375 0.06640625
0 0.9111328125 0.9306640625 0.04296875 0.046875
0 0.953125 0.98046875 0.0556640625 0.0869140625
0 0.1025390625 0.5166015625 0.0732421875 0.0693359375
0 0.677734375 0.513671875 0.0302734375 0.0244140625
0 0.8642578125 0.484375 0.048828125 0.0458984375
0 0.89453125 0.548828125 0.05859375 0.0537109375
0 0.904296875 0.416015625 0.029296875 0.0341796875
0 0.9462890625 0.7783203125 0.041015625 0.044921875
0 0.673828125 0.884765625 0.0517578125 0.068359375
0 0.59765625 0.798828125 0.0615234375 0.0576171875
0 0.4609375 0.857421875 0.0556640625 0.033203125
0 0.6142578125 0.69921875 0.0537109375 0.0576171875
0 0.7763671875 0.3515625 0.048828125 0.0478515625
0 0.041015625 0.2705078125 0.041015625 0.0595703125
