0 0.2265625 1.0 0.078125 0.0380859375
0 0.666015625 1.0 0.09765625 0.0615234375
0 0.7353515625 0.9443359375 0.0869140625 0.0625
0 0.4921875 1.0 0.056640625 0.0478515625
0 0.4326171875 1.0 0.08203125 0.0458984375
0 0.95703125 1.0 0.07421875 0.087890625
0 0.9208984375 0.9384765625 0.078125 0.107421875
0 0.5419921875 0.8896484375 0.0830078125 0.15625
0 0.7294921875 0.755859375 0.0595703125 0.068359375
0 0.357421875 0.7783203125 0.07421875 0.0615234375
0 1.0 0.712890625 0.0556640625 0.0771484375
0 0.888671875 0.5986328125 0.05859375 0.060546875
0 0.755859375 0.556640625 0.099609375 0.0859375
0 0.6826171875 0.4970703125 0.0712890625 0.064453125
0 0.8759765625 0.4931640625 0.0947265625 0.07421875
0 0.3505859375 0.501953125 0.0751953125 0.0615234375
0 0.1298828125 0.6259765625 0.0634765625 0.0830078125
0 0.208984375 0.716796875 0.1015625 0.0947265625
0 0.1064453125 0.68359375 0.0654296875 0.078125
0 0.099609375 0.77734375 0.099609375 0.0791015625
0 0.4384765625 0.572265625 0.1005859375 0.0869140625
0 0.4501953125 0.611328125 0.0595703125 0.0673828125
0 0.4365234375 0.4873046875 0.087890625 0.1005859375
0 0.2939453125 0.15625 0.099609375 0.08984375
0 0.548828125 0.1201171875 0.0810546875 0.080078125
0 0.8310546875 0.21875 0.0771484375 0.056640625
0 0.9169921875 0.3974609375 0.068359375 0.0859375
0 0.275390625 0.083984375 0.09765625 0.07421875
0 1.0 0.5458984375 0.060546875 0.076171875
0 1.0 0.6123046875 0.03125 0.0634765625
0 0.1357421875 0.0498046875 0.0859375 0.0498046875
0 0.2216796875 0.0419921875 0.064453125 0.0419921875
0 0.306640625 0.0322265625 0.0517578125 0.0322265625
0 0.349609375 0.451171875 0.06640625 0.056640625
0 0.0224609375 0.5625 0.0224609375 0.0673828125
0 0.6826171875 0.033203125 0.0458984375 0.033203125
0 0.8388671875 0.0107421875 0.0263671875 0.0107421875
0 1.0 0.443359375 0.0234375 0.0302734375
0 0.763671875 0.5166015625 0.0498046875 0.044921875
0 0.8798828125 0.384765625 0.0546875 0.0703125
0 0.0986328125 1.0 0.072265625 0.017578125
0 0.1455078125 0.998046875 0.029296875 0.033203125
0 0.7607421875 0.9990234375 0.05078125 0.0224609375
0 0.6455078125 0.8671875 0.0302734375 0.041015625
0 0.716796875 0.998046875 0.0439453125 0.0537109375
0 0.5634765625 1.0 0.0634765625 0.0234375
0 0.4853515625 0.984375 0.0615234375 0.0615234375
0 0.4619140625 0.83984375 0.0498046875 0.0556640625
0 0.9833984375 0.9462890625 0.0380859375 0.0478515625
0 0.3935546875 0.609375 0.0380859375 0.0478515625
