0 0.5595703125 0.1572265625 0.099609375 0.1103515625
0 0.7587890625 0.8017578125 0.083984375 0.046875
0 0.1513671875 0.53125 0.080078125 0.0986328125
0 0.9599609375 0.5869140625 0.123046875 0.115234375
0 0.8212890625 1.0 0.1328125 0.0400390625
0 0.1591796875 0.6943359375 0.119140625 0.08203125
0 0.384765625 0.7431640625 0.0703125 0.08984375
0 0.634765625 0.6640625 0.0849609375 0.1015625
0 0.6591796875 0.3544921875 0.1123046875 0.1298828125
0 0.734375 0.4287109375 0.0693359375 0.072265625
0 0.626953125 0.7666015625 0.0625 0.0693359375
0 0.208984375 0.0908203125 0.0791015625 0.083984375
0 0.5166015625 0.6640625 0.1044921875 0.109375
0 0.71484375 0.53515625 0.07421875 0.0595703125
0 0.744140625 0.3359375 0.095703125 0.09375
0 0.1181640625 0.904296875 0.0634765625 0.08203125
0 0.572265625 0.76953125 0.087890625 0.0927734375
0 0.8447265625 0.9375 0.123046875 0.0732421875
0 0.689453125 0.08984375 0.0849609375 0.078125
0 0.544921875 0.8896484375 0.0654296875 0.0625
0 0.537109375 0.2998046875 0.1171875 0.123046875
0 0.6748046875 0.4873046875 0.0576171875 0.0791015625
0 0.4970703125 0.251953125 0.0830078125 0.080078125
0 0.4541015625 0.0625 0.0947265625 0.060546875
0 0.6669921875 0.3896484375 0.080078125 0.10546875
