0 0.09765625 0.818359375 0.0625 0.080078125
0 0.060546875 0.58984375 0.060546875 0.0732421875
0 0.09765625 0.6494140625 0.0732421875 0.08984375
0 0.171875 0.3955078125 0.080078125 0.080078125
0 0.3203125 0.4814453125 0.0927734375 0.099609375
0 0.3779296875 0.595703125 0.056640625 0.1337890625
0 0.5498046875 0.62109375 0.1005859375 0.0693359375
0 0.5810546875 0.76171875 0.0986328125 0.0693359375
0 0.6484375 0.578125 0.0859375 0.0673828125
0 0.74609375 0.58984375 0.1162109375 0.095703125
0 0.75 0.4873046875 0.056640625 0.091796875
0 0.8046875 0.5185546875 0.0625 0.0625
0 0.5625 0.302734375 0.060546875 0.0654296875
0 0.267578125 0.2734375 0.0791015625 0.0712890625
0 0.27734375 0.18359375 0.0869140625 0.0703125
0 0.28125 0.1171875 0.0908203125 0.080078125
0 0.4091796875 0.2021484375 0.068359375 0.126953125
0 0.3525390625 0.11328125 0.0625 0.0830078125
0 0.115234375 0.291015625 0.0595703125 0.0615234375
0 0.7470703125 0.166015625 0.0712890625 0.109375
0 0.9150390625 0.13671875 0.0771484375 0.1005859375
0 1.0 0.173828125 0.0341796875 0.0595703125
0 1.0 0.287109375 0.0810546875 0.06640625
0 0.9541015625 0.4609375 0.087890625 0.0908203125
0 1.0 0.44140625 0.04296875 0.103515625
0 0.8916015625 0.7861328125 0.0830078125 0.1015625
0 0.701171875 0.9248046875 0.08984375 0.12890625
0 0.6181640625 0.93359375 0.0595703125 0.1005859375
0 0.55859375 0.9658203125 0.07421875 0.1064453125
0 0.2451171875 0.9541015625 0.0712890625 0.068359375
0 0.265625 1.0 0.08984375 0.03125
0 0.3125 1.0 0.0537109375 0.0546875
0 0.146484375 0.7109375 0.0595703125 0.0625
0 0.271484375 0.8076171875 0.078125 0.0673828125
0 0.3701171875 0.4990234375 0.072265625 0.1005859375
0 0.556640625 0.0634765625 0.087890625 0.060546875
0 0.990234375 0.6318359375 0.087890625 0.0966796875
0 0.9462890625 0.8359375 0.06640625 0.1083984375
0 0.2919921875 0.044921875 0.06640625 0.044921875
0 0.7861328125 0.0224609375 0.0537109375 0.0224609375
0 0.7119140625 0.0556640625 0.0869140625 0.0556640625
0 0.81640625 0.7431640625 0.0400390625 0.041015625
0 0.73828125 0.837890625 0.0322265625 0.0361328125
0 0.736328125 0.8671875 0.046875 0.0419921875
0 0.0966796875 1.0 0.0654296875 0.06640625
0 0.51953125 0.2216796875 0.046875 0.0263671875
0 0.802734375 0.4267578125 0.0927734375 0.0537109375
0 0.458984375 0.2802734375 0.05859375 0.0537109375
0 0.7490234375 0.9931640625 0.04296875 0.05078125
0 0.890625 0.9990234375 0.0517578125 0.025390625
0 0.9990234375 0.2158203125 0.05859375 0.05859375
