0 0.82421875 0.2392578125 0.0625 0.0947265625
0 0.189453125 0.1318359375 0.1171875 0.1201171875
0 0.13671875 0.4873046875 0.08984375 0.0751953125
0 0.3447265625 0.9619140625 0.0751953125 0.1044921875
0 0.982421875 0.4140625 0.125 0.1396484375
0 1.0 0.5595703125 0.0400390625 0.134765625
0 0.4140625 0.294921875 0.0625 0.1005859375
0 0.3466796875 0.8447265625 0.0966796875 0.140625
0 0.2666015625 0.1416015625 0.072265625 0.1044921875
0 0.939453125 1.0 0.080078125 0.068359375
0 0.966796875 0.099609375 0.0673828125 0.08984375
0 1.0 0.7421875 0.0576171875 0.0849609375
0 1.0 0.9140625 0.0859375 0.0791015625
0 0.064453125 0.216796875 0.064453125 0.08203125
0 0.212890625 0.4990234375 0.0712890625 0.0810546875
0 0.8173828125 0.8408203125 0.060546875 0.1181640625
0 1.0 0.32421875 0.04296875 0.0947265625
0 0.1640625 0.1708984375 0.056640625 0.064453125
0 0.1298828125 0.2294921875 0.0576171875 0.107421875
0 0.2470703125 0.8623046875 0.0703125 0.0673828125
0 0.2744140625 0.96484375 0.0751953125 0.09765625
0 0.982421875 0.5791015625 0.0654296875 0.1220703125
