0 0.8603515625 0.4990234375 0.0751953125 0.060546875
0 0.9931640625 0.505859375 0.1142578125 0.0927734375
0 0.14453125 0.6171875 0.0849609375 0.0947265625
0 0.9345703125 0.6533203125 0.0771484375 0.0810546875
0 0.0673828125 0.4248046875 0.0673828125 0.095703125
0 0.154296875 0.359375 0.0693359375 0.1123046875
0 0.921875 0.2666015625 0.07421875 0.111328125
0 0.1416015625 0.787109375 0.0966796875 0.080078125
0 0.96484375 0.55859375 0.0654296875 0.056640625
0 0.25 0.2216796875 0.0693359375 0.056640625
0 0.0947265625 0.0849609375 0.076171875 0.08203125
0 0.037109375 0.33984375 0.037109375 0.078125
0 0.1171875 0.3271484375 0.0751953125 0.0849609375
0 0.05078125 0.8037109375 0.05078125 0.0673828125
0 1.0 0.8212890625 0.09375 0.0546875
0 1.0 0.9345703125 0.1015625 0.0537109375
0 0.6904296875 0.1708984375 0.05078125 0.1220703125
0 1.0 0.7763671875 0.080078125 0.0546875
0 1.0 0.8603515625 0.0615234375 0.046875
