0 0.3642578125 0.40234375 0.109375 0.125
0 1.0 0.1240234375 0.09375 0.1240234375
0 0.7216796875 0.89453125 0.107421875 0.142578125
0 0.8232421875 0.7353515625 0.1005859375 0.1123046875
0 0.869140625 0.22265625 0.134765625 0.1044921875
0 0.5546875 0.474609375 0.115234375 0.1025390625
0 0.509765625 0.2578125 0.078125 0.080078125
0 0.482421875 0.796875 0.177734375 0.2021484375
0 0.9521484375 0.75 0.1201171875 0.1201171875
0 0.138671875 0.2822265625 0.09765625 0.1005859375
0 0.8212890625 0.98828125 0.0908203125 0.1181640625
0 1.0 0.5068359375 0.0869140625 0.0947265625
0 0.39453125 0.9599609375 0.1220703125 0.10546875
0 0.4462890625 0.6201171875 0.08984375 0.080078125
0 0.935546875 0.57421875 0.0732421875 0.08203125
0 0.0458984375 0.716796875 0.0458984375 0.0869140625
0 0.0556640625 0.48046875 0.0556640625 0.0927734375
0 0.953125 0.9765625 0.078125 0.0751953125
0 0.77734375 0.3740234375 0.0712890625 0.0498046875
