0 0.1025390625 0.1396484375 0.0771484375 0.0654296875
0 0.0390625 0.255859375 0.0390625 0.0732421875
0 0.2451171875 0.34375 0.140625 0.111328125
0 0.2333984375 0.05859375 0.0654296875 0.05859375
0 0.4541015625 0.080078125 0.11328125 0.080078125
0 0.142578125 0.884765625 0.080078125 0.0751953125
0 0.2373046875 0.7529296875 0.0703125 0.0791015625
0 0.2529296875 0.84765625 0.07421875 0.0693359375
0 0.3076171875 0.8388671875 0.064453125 0.05859375
0 0.3447265625 0.90625 0.078125 0.080078125
0 0.435546875 0.875 0.0927734375 0.0537109375
0 0.419921875 0.935546875 0.0751953125 0.07421875
0 0.24609375 0.9892578125 0.0673828125 0.0654296875
0 0.29296875 0.9775390625 0.0576171875 0.0654296875
0 0.5205078125 0.91015625 0.0771484375 0.11328125
0 0.62109375 0.8955078125 0.078125 0.0830078125
0 0.580078125 0.08203125 0.0625 0.08203125
0 0.6845703125 0.0751953125 0.078125 0.07421875
0 0.833984375 0.3193359375 0.0712890625 0.0693359375
0 1.0 0.0791015625 0.05078125 0.0732421875
0 1.0 0.23828125 0.0537109375 0.05859375
0 1.0 0.3779296875 0.046875 0.068359375
0 0.4326171875 0.58203125 0.09375 0.095703125
0 0.50390625 0.548828125 0.068359375 0.072265625
0 0.6806640625 0.4658203125 0.1083984375 0.0849609375
0 0.5234375 0.6357421875 0.05859375 0.083984375
0 0.5986328125 0.619140625 0.0712890625 0.0595703125
0 0.6416015625 0.560546875 0.07421875 0.0703125
0 0.73046875 0.541015625 0.0771484375 0.0625
0 0.8076171875 0.4892578125 0.0810546875 0.080078125
0 0.7568359375 0.4345703125 0.056640625 0.0654296875
0 0.9208984375 0.443359375 0.0693359375 0.0654296875
0 0.9697265625 0.41015625 0.07421875 0.06640625
0 1.0 0.525390625 0.0634765625 0.087890625
0 0.8955078125 0.560546875 0.0703125 0.07421875
0 0.91796875 0.50390625 0.0947265625 0.064453125
0 0.8125 0.6142578125 0.07421875 0.0615234375
0 0.92578125 0.6416015625 0.078125 0.06640625
0 0.6513671875 0.728515625 0.07421875 0.076171875
0 0.6640625 0.7939453125 0.0693359375 0.0673828125
0 0.744140625 0.701171875 0.072265625 0.083984375
0 0.8271484375 0.6884765625 0.080078125 0.0693359375
0 0.9990234375 0.6669921875 0.06640625 0.0703125
0 0.912109375 0.818359375 0.06640625 0.072265625
0 0.9814453125 0.8564453125 0.0849609375 0.0947265625
0 0.8359375 0.9853515625 0.1279296875 0.09375
0 0.89453125 0.97265625 0.0595703125 0.0712890625
0 1.0 0.9482421875 0.0791015625 0.1044921875
0 0.2734375 0.06640625 0.056640625 0.0625
0 0.9951171875 0.61328125 0.0595703125 0.0615234375
0 0.9775390625 0.0732421875 0.0576171875 0.0732421875
0 0.7841796875 0.0439453125 0.0556640625 0.0439453125
0 0.0224609375 0.9951171875 0.0224609375 0.0966796875
