0 0.865234375 0.3125 0.0751953125 0.08203125
0 1.0 0.9423828125 0.0634765625 0.0498046875
0 0.19921875 0.845703125 0.0927734375 0.0625
0 0.6650390625 0.3076171875 0.087890625 0.076171875
0 0.08984375 0.701171875 0.0712890625 0.064453125
0 1.0 0.103515625 0.048828125 0.06640625
0 0.34375 0.8212890625 0.1103515625 0.0576171875
0 0.3310546875 0.9501953125 0.1005859375 0.0615234375
0 0.4140625 0.548828125 0.0908203125 0.044921875
0 0.8447265625 0.62890625 0.0869140625 0.0478515625
0 0.3515625 0.6142578125 0.0576171875 0.076171875
0 0.3310546875 0.4384765625 0.09375 0.046875
0 0.7275390625 0.943359375 0.07421875 0.0634765625
0 0.5537109375 0.4599609375 0.0986328125 0.0400390625
0 0.8955078125 0.3662109375 0.068359375 0.068359375
0 0.8798828125 0.7353515625 0.1328125 0.0732421875
0 0.5830078125 0.3740234375 0.1689453125 0.0576171875
0 0.939453125 0.955078125 0.1279296875 0.0712890625
0 0.701171875 0.388671875 0.08203125 0.0595703125
0 0.212890625 0.3759765625 0.11328125 0.080078125
0 0.3671875 0.16015625 0.146484375 0.0986328125
0 0.2666015625 0.5810546875 0.078125 0.064453125
0 0.40625 0.3330078125 0.109375 0.091796875
0 0.8671875 0.8857421875 0.0732421875 0.0595703125
0 0.177734375 0.9794921875 0.1142578125 0.076171875
0 0.5625 0.544921875 0.072265625 0.04296875
0 0.578125 0.6357421875 0.078125 0.0361328125
0 0.6494140625 0.994140625 0.0966796875 0.0556640625
0 0.8349609375 0.3720703125 0.1005859375 0.072265625
0 0.5322265625 0.650390625 0.1015625 0.0654296875
0 0.162109375 0.41796875 0.083984375 0.0439453125
0 0.1796875 0.6943359375 0.1044921875 0.0361328125
0 0.341796875 0.6669921875 0.1865234375 0.0498046875
0 0.4833984375 0.4111328125 0.0595703125 0.048828125
0 0.8701171875 0.0986328125 0.0625 0.04296875
0 0.4638671875 0.087890625 0.11328125 0.052734375
0 0.255859375 0.998046875 0.068359375 0.04296875
0 0.125 0.9208984375 0.09375 0.041015625
0 0.6259765625 0.775390625 0.1015625 0.0458984375
0 0.46875 0.9970703125 0.0927734375 0.0361328125
0 0.4384765625 0.3212890625 0.0693359375 0.068359375
0 0.666015625 0.568359375 0.076171875 0.02734375
0 0.2216796875 0.78125 0.1171875 0.0322265625
0 0.7646484375 0.5322265625 0.07421875 0.0458984375
0 0.912109375 0.0498046875 0.0791015625 0.0498046875
0 0.2861328125 0.4462890625 0.0810546875 0.0439453125
0 0.994140625 0.140625 0.05078125 0.05078125
0 0.0966796875 0.41015625 0.0947265625 0.0537109375
0 0.7138671875 0.111328125 0.111328125 0.0615234375
0 0.392578125 0.9931640625 0.083984375 0.0283203125
0 0.142578125 0.474609375 0.08203125 0.02734375
0 0.404296875 0.7490234375 0.0732421875 0.0283203125
0 0.16015625 0.873046875 0.1044921875 0.0380859375
0 0.69140625 0.5234375 0.0615234375 0.041015625
0 0.392578125 0.70703125 0.0888671875 0.0400390625
0 0.787109375 0.09375 0.095703125 0.060546875
0 0.4345703125 0.892578125 0.0830078125 0.0361328125
0 0.8876953125 0.6806640625 0.0498046875 0.0400390625
0 0.111328125 0.255859375 0.1064453125 0.060546875
0 0.4228515625 0.84375 0.0869140625 0.037109375
0 0.3828125 0.0546875 0.1220703125 0.0380859375
0 0.5390625 0.7451171875 0.0732421875 0.0390625
0 0.2705078125 0.6025390625 0.115234375 0.029296875
0 0.318359375 0.3701171875 0.08984375 0.041015625
0 0.525390625 0.2333984375 0.1015625 0.05078125
0 0.234375 0.529296875 0.1083984375 0.0244140625
0 0.9931640625 0.7587890625 0.0986328125 0.0380859375
0 0.9072265625 0.1630859375 0.0361328125 0.0732421875
0 0.0439453125 0.7958984375 0.0439453125 0.0390625
0 0.6806640625 0.44140625 0.0771484375 0.05078125
0 0.529296875 0.8125 0.068359375 0.0341796875
0 0.9091796875 0.171875 0.05078125 0.04296875
0 0.5791015625 0.0185546875 0.0478515625 0.017578125
0 0.58203125 1.0 0.0849609375 0.0166015625
0 0.443359375 0.1669921875 0.10546875 0.05859375
0 0.6279296875 0.0986328125 0.12890625 0.0810546875
0 0.7158203125 0.044921875 0.0625 0.044921875
0 0.173828125 0.2607421875 0.11328125 0.060546875
0 0.3037109375 0.359375 0.0869140625 0.0595703125
0 0.4873046875 0.791015625 0.0654296875 0.064453125
0 0.2861328125 0.0361328125 0.0712890625 0.0361328125
