0 0.8544921875 0.779296875 0.1328125 0.091796875
0 0.904296875 0.859375 0.0947265625 0.0673828125
0 0.626953125 0.5390625 0.087890625 0.08203125
0 1.0 0.5947265625 0.1025390625 0.10546875
0 0.7470703125 0.9697265625 0.1123046875 0.087890625
0 0.509765625 0.95703125 0.1455078125 0.125
0 0.15625 0.5205078125 0.083984375 0.0810546875
0 0.3271484375 0.2099609375 0.0830078125 0.0830078125
0 0.4072265625 0.3447265625 0.1025390625 0.0830078125
0 0.7294921875 0.5224609375 0.0751953125 0.0830078125
0 0.134765625 0.69921875 0.0927734375 0.09765625
0 0.4873046875 0.4970703125 0.1025390625 0.099609375
0 0.08984375 0.1669921875 0.078125 0.08203125
0 0.2294921875 0.4423828125 0.080078125 0.0830078125
0 1.0 0.984375 0.0859375 0.0927734375
0 0.94921875 0.1005859375 0.1171875 0.07421875
0 0.1171875 0.806640625 0.0849609375 0.0693359375
0 0.3623046875 0.90234375 0.0751953125 0.125
0 0.7685546875 0.2607421875 0.1005859375 0.072265625
