0 0.92578125 0.0947265625 0.068359375 0.0947265625
0 0.310546875 0.369140625 0.0615234375 0.087890625
0 0.7373046875 0.6533203125 0.068359375 0.10546875
0 0.869140625 0.4755859375 0.0986328125 0.064453125
0 0.6025390625 0.607421875 0.0869140625 0.0732421875
0 0.2353515625 0.544921875 0.06640625 0.1064453125
0 0.12109375 0.90625 0.119140625 0.0546875
0 0.4755859375 0.50390625 0.1064453125 0.123046875
0 0.2275390625 0.9912109375 0.1171875 0.0712890625
0 0.8115234375 0.208984375 0.0869140625 0.146484375
0 0.9248046875 0.8193359375 0.0693359375 0.0966796875
0 0.72265625 0.4697265625 0.044921875 0.1328125
0 0.4658203125 0.8994140625 0.0703125 0.083984375
0 0.73828125 0.560546875 0.060546875 0.109375
0 0.822265625 0.6474609375 0.0908203125 0.1142578125
0 0.9501953125 0.8955078125 0.0732421875 0.095703125
0 0.75 0.0947265625 0.0703125 0.076171875
0 0.4755859375 0.6064453125 0.0947265625 0.0732421875
0 0.9091796875 0.9326171875 0.0361328125 0.1025390625
0 0.80078125 0.2998046875 0.1123046875 0.1015625
0 0.330078125 0.2783203125 0.072265625 0.103515625
0 0.5439453125 0.84765625 0.083984375 0.1171875
0 0.4140625 0.6279296875 0.1064453125 0.07421875
0 0.818359375 0.578125 0.080078125 0.099609375
0 0.2978515625 0.984375 0.095703125 0.0498046875
0 0.3564453125 1.0 0.0732421875 0.0546875
0 0.2978515625 0.6025390625 0.1474609375 0.0693359375
0 0.8125 0.1513671875 0.0546875 0.1455078125
0 0.5927734375 0.57421875 0.0556640625 0.076171875
0 0.3798828125 0.3115234375 0.060546875 0.0947265625
0 0.9638671875 0.9599609375 0.048828125 0.0712890625
0 0.869140625 0.1259765625 0.1025390625 0.1259765625
0 0.4169921875 0.857421875 0.1044921875 0.0654296875
0 0.9609375 0.560546875 0.0439453125 0.0634765625
0 0.763671875 0.07421875 0.1083984375 0.07421875
0 0.6611328125 0.5341796875 0.02734375 0.123046875
0 0.435546875 0.3974609375 0.0693359375 0.177734375
0 0.078125 0.107421875 0.078125 0.099609375
0 0.29296875 0.6484375 0.080078125 0.0966796875
0 0.3095703125 0.1455078125 0.0673828125 0.1455078125
0 0.689453125 0.94921875 0.1044921875 0.072265625
0 0.1064453125 0.3935546875 0.0771484375 0.0869140625
0 0.94921875 0.783203125 0.03125 0.0947265625
0 0.7421875 0.224609375 0.0654296875 0.099609375
0 0.435546875 0.1865234375 0.12890625 0.1806640625
0 0.6611328125 0.6220703125 0.052734375 0.068359375
0 0.0517578125 0.947265625 0.0517578125 0.0732421875
0 0.2685546875 0.5 0.05078125 0.0888671875
0 0.603515625 0.1875 0.16015625 0.1201171875
0 0.091796875 0.267578125 0.091796875 0.1298828125
0 0.2080078125 0.6416015625 0.1240234375 0.0634765625
0 0.158203125 0.1376953125 0.1337890625 0.12890625
0 0.994140625 0.275390625 0.099609375 0.115234375
0 0.39453125 0.2255859375 0.0859375 0.103515625
0 0.56640625 0.7939453125 0.072265625 0.05859375
0 0.216796875 0.947265625 0.05859375 0.0703125
0 0.5595703125 0.181640625 0.06640625 0.0498046875
0 0.2578125 0.8779296875 0.1552734375 0.1103515625
0 0.322265625 0.9189453125 0.0830078125 0.072265625
0 1.0 0.16015625 0.0498046875 0.076171875
0 0.1455078125 0.654296875 0.11328125 0.1171875
0 0.498046875 0.306640625 0.0302734375 0.080078125
0 0.267578125 0.087890625 0.080078125 0.087890625
0 0.974609375 0.8251953125 0.0302734375 0.052734375
0 0.65625 0.888671875 0.1201171875 0.115234375
0 0.7158203125 0.9287109375 0.080078125 0.0751953125
0 0.1630859375 0.5693359375 0.1630859375 0.078125
0 0.2724609375 0.658203125 0.1279296875 0.0712890625
