0 0.2900390625 0.3876953125 0.052734375 0.08984375
0 0.615234375 0.876953125 0.0615234375 0.080078125
0 0.6318359375 0.3671875 0.046875 0.1171875
0 0.6943359375 0.611328125 0.0693359375 0.0673828125
0 0.23828125 0.1904296875 0.0830078125 0.080078125
0 0.998046875 0.6728515625 0.0556640625 0.05859375
0 0.126953125 0.6015625 0.09375 0.1123046875
0 0.3525390625 0.279296875 0.0625 0.076171875
0 0.455078125 0.4697265625 0.0849609375 0.0966796875
0 0.73828125 0.2451171875 0.05859375 0.0693359375
0 0.841796875 0.083984375 0.048828125 0.0673828125
0 0.845703125 0.0439453125 0.0263671875 0.0439453125
0 0.2568359375 0.6806640625 0.0888671875 0.046875
0 0.96484375 0.2890625 0.0771484375 0.072265625
0 0.5185546875 0.751953125 0.09765625 0.05078125
0 0.6533203125 0.26171875 0.0576171875 0.0595703125
0 0.5849609375 0.671875 0.0546875 0.060546875
0 0.8154296875 0.595703125 0.103515625 0.0400390625
0 0.5703125 0.3017578125 0.0703125 0.0625
0 0.8291015625 0.3525390625 0.0693359375 0.0478515625
0 0.9599609375 0.61328125 0.044921875 0.0751953125
0 0.30078125 0.7685546875 0.0537109375 0.0732421875
0 0.84375 0.3076171875 0.0625 0.05078125
0 0.5078125 0.603515625 0.0283203125 0.0908203125
0 0.529296875 0.91796875 0.0673828125 0.0546875
0 0.296875 0.5966796875 0.1103515625 0.0517578125
0 0.9638671875 0.751953125 0.0546875 0.0498046875
0 0.146484375 0.7353515625 0.08203125 0.033203125
0 0.03125 0.0625 0.03125 0.0625
0 1.0 0.9599609375 0.0419921875 0.05078125
0 0.0771484375 0.2578125 0.0654296875 0.0400390625
0 0.4384765625 0.9638671875 0.0693359375 0.0419921875
0 0.0244140625 0.443359375 0.0244140625 0.0400390625
0 0.6953125 0.7685546875 0.0693359375 0.037109375
0 1.0 0.998046875 0.0458984375 0.0234375
0 0.1328125 0.4150390625 0.06640625 0.03125
0 0.947265625 0.2314453125 0.05078125 0.068359375
0 0.947265625 0.099609375 0.025390625 0.0751953125
0 0.755859375 0.6943359375 0.0634765625 0.0263671875
0 0.3486328125 0.6376953125 0.083984375 0.0419921875
0 0.150390625 0.2197265625 0.0400390625 0.08984375
0 0.6474609375 0.146484375 0.0615234375 0.02734375
0 0.4208984375 0.46875 0.0869140625 0.029296875
0 0.248046875 0.259765625 0.0625 0.05078125
0 0.5732421875 0.0380859375 0.048828125 0.037109375
0 0.1689453125 0.5380859375 0.0556640625 0.11328125
0 0.8583984375 0.7177734375 0.06640625 0.0517578125
0 0.3271484375 0.861328125 0.056640625 0.0283203125
0 0.2353515625 0.560546875 0.0546875 0.0517578125
0 0.8232421875 0.8046875 0.048828125 0.0234375
0 0.8583984375 0.5771484375 0.056640625 0.0478515625
0 0.2919921875 0.9423828125 0.1142578125 0.0478515625
0 0.5478515625 0.9755859375 0.060546875 0.0263671875
0 0.2685546875 0.986328125 0.08203125 0.03125
0 0.119140625 0.9716796875 0.0634765625 0.0283203125
0 0.9140625 0.6396484375 0.080078125 0.0458984375
0 0.4873046875 0.216796875 0.048828125 0.0517578125
0 0.5146484375 0.677734375 0.046875 0.0380859375
0 0.369140625 0.22265625 0.05078125 0.0205078125
0 0.232421875 0.3369140625 0.056640625 0.029296875
0 0.4248046875 0.033203125 0.041015625 0.033203125
0 0.6923828125 0.556640625 0.048828125 0.025390625
0 0.34375 0.0244140625 0.0400390625 0.0244140625
0 0.5263671875 0.212890625 0.0439453125 0.0224609375
0 0.7412109375 0.998046875 0.0546875 0.017578125
0 0.5302734375 1.0 0.0439453125 0.0126953125
0 0.05859375 0.5146484375 0.05859375 0.0419921875
0 0.5009765625 0.6005859375 0.0322265625 0.0849609375
0 1.0 0.0302734375 0.0234375 0.0302734375
0 0.380859375 0.3095703125 0.072265625 0.044921875
