0 0.310546875 1.0 0.080078125 0.083984375
0 0.95703125 0.4697265625 0.08984375 0.080078125
0 1.0 0.9521484375 0.0927734375 0.087890625
0 0.466796875 0.8173828125 0.0771484375 0.0849609375
0 0.76953125 0.9072265625 0.1376953125 0.0947265625
0 0.8193359375 0.419921875 0.109375 0.080078125
0 1.0 0.064453125 0.1083984375 0.064453125
0 1.0 0.2421875 0.0400390625 0.072265625
0 0.4072265625 0.7490234375 0.0947265625 0.0830078125
0 0.8271484375 0.162109375 0.1123046875 0.087890625
0 0.9423828125 0.2919921875 0.09765625 0.080078125
0 0.9072265625 0.9169921875 0.0947265625 0.0751953125
0 0.8046875 0.3173828125 0.0751953125 0.080078125
0 0.9521484375 0.7197265625 0.1328125 0.080078125
0 0.52734375 0.876953125 0.08984375 0.0771484375
0 0.6669921875 0.4697265625 0.099609375 0.0947265625
0 0.794921875 0.59375 0.107421875 0.0849609375
0 0.6669921875 0.3017578125 0.087890625 0.072265625
0 0.7998046875 0.671875 0.087890625 0.0771484375
0 0.8798828125 0.994140625 0.0654296875 0.0849609375
0 0.8818359375 0.01953125 0.107421875 0.01953125
0 0.212890625 0.3017578125 0.060546875 0.0400390625
0 0.951171875 0.6318359375 0.08203125 0.0703125
0 0.7392578125 0.197265625 0.08203125 0.09765625
0 0.494140625 0.7216796875 0.0869140625 0.08984375
0 0.7666015625 0.8623046875 0.1171875 0.1025390625
0 0.8564453125 0.60546875 0.06640625 0.064453125
