0 0.1630859375 0.6396484375 0.04296875 0.0576171875
0 0.1142578125 0.521484375 0.0517578125 0.0791015625
0 0.1279296875 0.5478515625 0.0546875 0.0615234375
0 0.134765625 0.1884765625 0.0341796875 0.072265625
0 0.2880859375 0.228515625 0.05078125 0.05859375
0 0.2021484375 0.025390625 0.0517578125 0.025390625
0 0.298828125 0.6650390625 0.0556640625 0.048828125
0 0.462890625 0.685546875 0.046875 0.0478515625
0 0.517578125 0.1611328125 0.048828125 0.0712890625
0 0.646484375 0.078125 0.033203125 0.0546875
0 1.0 0.107421875 0.076171875 0.0703125
0 0.7998046875 0.240234375 0.0517578125 0.037109375
0 0.650390625 0.470703125 0.0380859375 0.15234375
0 0.6201171875 0.4814453125 0.0693359375 0.0947265625
0 0.7314453125 0.4658203125 0.03515625 0.07421875
0 0.7353515625 0.4501953125 0.0205078125 0.0478515625
0 0.6982421875 0.58984375 0.056640625 0.056640625
0 0.80078125 0.55078125 0.0458984375 0.06640625
0 0.6591796875 0.73046875 0.0517578125 0.048828125
0 0.822265625 0.61328125 0.0283203125 0.0400390625
0 0.86328125 0.6298828125 0.044921875 0.06640625
0 0.89453125 0.529296875 0.0595703125 0.10546875
0 0.896484375 0.466796875 0.037109375 0.0654296875
0 0.9267578125 0.6982421875 0.0439453125 0.064453125
0 0.978515625 1.0 0.0400390625 0.0576171875
0 0.6904296875 0.9990234375 0.0537109375 0.0546875
0 0.78125 0.787109375 0.0400390625 0.0361328125
0 0.7216796875 0.7578125 0.052734375 0.0302734375
0 0.4873046875 1.0 0.0400390625 0.08203125
0 0.2919921875 0.98828125 0.0615234375 0.05078125
0 0.3291015625 0.986328125 0.041015625 0.0625
0 0.2041015625 0.9921875 0.037109375 0.03125
