0 0.126953125 0.072265625 0.06640625 0.072265625
0 0.056640625 0.1650390625 0.0546875 0.0654296875
0 0.173828125 0.19140625 0.1044921875 0.0703125
0 0.06640625 0.251953125 0.05078125 0.0517578125
0 0.06640625 0.3369140625 0.0615234375 0.0595703125
0 0.0634765625 0.3916015625 0.0625 0.0537109375
0 0.1337890625 0.4169921875 0.0908203125 0.0556640625
0 0.2412109375 0.34375 0.0791015625 0.0869140625
0 0.3369140625 0.306640625 0.119140625 0.052734375
0 0.2783203125 0.26171875 0.0625 0.060546875
0 0.478515625 0.212890625 0.0673828125 0.060546875
0 0.3935546875 0.4541015625 0.078125 0.0712890625
0 0.513671875 0.3876953125 0.068359375 0.0654296875
0 0.62890625 0.4013671875 0.0634765625 0.06640625
0 0.6396484375 0.33203125 0.0869140625 0.083984375
0 0.1240234375 0.6640625 0.078125 0.0537109375
0 0.1513671875 0.7177734375 0.07421875 0.060546875
0 0.07421875 0.7490234375 0.064453125 0.0703125
0 0.267578125 0.7275390625 0.0634765625 0.0654296875
0 0.1591796875 0.8154296875 0.0791015625 0.05859375
0 0.220703125 0.8671875 0.076171875 0.0771484375
0 0.111328125 0.9150390625 0.0712890625 0.0751953125
0 0.1787109375 0.98046875 0.0791015625 0.0869140625
0 0.3232421875 0.90625 0.060546875 0.0712890625
0 0.4833984375 0.841796875 0.09375 0.0615234375
0 0.4267578125 0.7861328125 0.08203125 0.0546875
0 0.5908203125 0.9365234375 0.09375 0.1640625
0 0.640625 0.9638671875 0.103515625 0.06640625
0 0.9775390625 0.9521484375 0.0478515625 0.0478515625
0 0.9296875 0.916015625 0.0517578125 0.0712890625
0 0.92578125 0.84765625 0.072265625 0.0556640625
0 0.8076171875 0.8544921875 0.0595703125 0.0625
0 1.0 0.880859375 0.04296875 0.0634765625
0 1.0 0.7705078125 0.056640625 0.0771484375
0 0.865234375 0.78125 0.0654296875 0.091796875
0 0.7373046875 0.72265625 0.05859375 0.052734375
0 0.8681640625 0.6904296875 0.080078125 0.0771484375
0 0.896484375 0.626953125 0.064453125 0.0478515625
0 0.921875 0.6796875 0.0537109375 0.056640625
0 0.83984375 0.6318359375 0.0537109375 0.04296875
0 0.56640625 0.609375 0.0703125 0.0693359375
0 0.908203125 0.431640625 0.095703125 0.0595703125
0 0.78125 0.2822265625 0.0576171875 0.07421875
0 0.8408203125 0.291015625 0.0654296875 0.0693359375
0 0.9853515625 0.3076171875 0.0888671875 0.0771484375
0 1.0 0.05078125 0.0458984375 0.05078125
0 0.0517578125 0.79296875 0.048828125 0.0869140625
