0 0.109375 0.2412109375 0.05859375 0.0859375
0 0.2802734375 0.263671875 0.1416015625 0.0888671875
0 0.2080078125 0.3232421875 0.1015625 0.05859375
0 0.080078125 0.5537109375 0.080078125 0.08203125
0 0.05859375 0.3896484375 0.05859375 0.0625
0 0.228515625 0.4052734375 0.107421875 0.0595703125
0 0.1708984375 0.478515625 0.0625 0.0751953125
0 0.3759765625 0.6083984375 0.0634765625 0.083984375
0 0.1103515625 0.625 0.0439453125 0.0439453125
0 0.1669921875 0.7734375 0.0888671875 0.154296875
0 0.046875 0.7509765625 0.046875 0.0986328125
0 0.2431640625 0.9208984375 0.1044921875 0.11328125
0 0.1123046875 1.0 0.0517578125 0.0869140625
0 0.3447265625 0.8916015625 0.078125 0.0625
0 0.3798828125 0.99609375 0.0966796875 0.083984375
0 0.06640625 0.87890625 0.06640625 0.07421875
0 0.0546875 1.0 0.0546875 0.064453125
0 0.1923828125 0.1025390625 0.1396484375 0.1025390625
0 0.8662109375 0.1259765625 0.0986328125 0.1259765625
0 0.6064453125 0.12109375 0.080078125 0.0732421875
0 0.7177734375 0.12109375 0.1337890625 0.0869140625
0 0.78125 0.18359375 0.109375 0.0703125
0 0.7333984375 0.2578125 0.068359375 0.0625
0 0.75 0.3212890625 0.0751953125 0.0810546875
0 0.66015625 0.2568359375 0.044921875 0.0537109375
0 0.5078125 0.2490234375 0.1181640625 0.09375
0 0.4150390625 0.33984375 0.05859375 0.095703125
0 0.4375 0.4658203125 0.150390625 0.0732421875
0 0.5693359375 0.3330078125 0.0986328125 0.07421875
0 0.666015625 0.3466796875 0.0576171875 0.0615234375
0 0.7138671875 0.3896484375 0.0615234375 0.0595703125
0 0.65625 0.44921875 0.1064453125 0.0703125
0 0.708984375 0.5048828125 0.06640625 0.08984375
0 0.53515625 0.537109375 0.08203125 0.076171875
0 0.783203125 0.552734375 0.048828125 0.052734375
0 0.890625 0.5185546875 0.0703125 0.0810546875
0 0.513671875 0.7373046875 0.087890625 0.0625
0 0.5458984375 0.806640625 0.0703125 0.060546875
0 0.4765625 0.8427734375 0.076171875 0.080078125
0 0.7255859375 0.806640625 0.0673828125 0.0693359375
0 0.6982421875 0.859375 0.05859375 0.0625
0 0.7978515625 0.8828125 0.1083984375 0.09375
0 0.82421875 0.974609375 0.05078125 0.0751953125
0 0.771484375 1.0 0.048828125 0.0537109375
0 0.6376953125 0.9619140625 0.060546875 0.076171875
0 0.927734375 0.9951171875 0.0673828125 0.0966796875
0 1.0 0.69140625 0.0810546875 0.1650390625
0 0.951171875 0.4560546875 0.0517578125 0.076171875
0 1.0 0.41015625 0.05078125 0.0771484375
0 0.8525390625 0.3466796875 0.056640625 0.056640625
0 1.0 0.8125 0.0439453125 0.083984375
0 0.1875 0.7353515625 0.08203125 0.109375
