0 0.1875 0.1630859375 0.18359375 0.119140625
0 0.4033203125 0.201171875 0.0869140625 0.0673828125
0 0.3427734375 0.2958984375 0.078125 0.083984375
0 0.5068359375 0.31640625 0.091796875 0.078125
0 0.5537109375 0.166015625 0.0927734375 0.166015625
0 0.6259765625 0.17578125 0.0849609375 0.1279296875
0 0.796875 0.1875 0.1005859375 0.12890625
0 0.970703125 0.119140625 0.123046875 0.0615234375
0 0.990234375 0.1708984375 0.1005859375 0.05859375
0 0.744140625 0.3779296875 0.0986328125 0.109375
0 0.4453125 0.44921875 0.1064453125 0.0703125
0 0.310546875 0.50390625 0.087890625 0.1103515625
0 0.19921875 0.3603515625 0.103515625 0.0625
0 0.1025390625 0.353515625 0.056640625 0.056640625
0 0.03515625 0.552734375 0.03515625 0.0849609375
0 0.119140625 0.58984375 0.0849609375 0.0751953125
0 0.28515625 0.6337890625 0.1142578125 0.0927734375
0 0.3984375 0.6982421875 0.09765625 0.08984375
0 0.6708984375 0.7578125 0.142578125 0.1474609375
0 0.5078125 0.560546875 0.1240234375 0.08984375
0 0.6298828125 0.5576171875 0.123046875 0.1318359375
0 0.787109375 0.517578125 0.099609375 0.080078125
0 0.8359375 0.4853515625 0.0810546875 0.10546875
0 1.0 0.3935546875 0.0478515625 0.0595703125
0 1.0 0.3125 0.0625 0.072265625
0 0.1328125 0.744140625 0.08984375 0.078125
0 0.2060546875 0.865234375 0.115234375 0.0908203125
0 0.1513671875 0.99609375 0.0556640625 0.0625
0 0.28515625 0.9775390625 0.06640625 0.0908203125
0 0.455078125 0.8662109375 0.115234375 0.0849609375
0 0.578125 0.955078125 0.1328125 0.0859375
0 0.3935546875 0.99609375 0.0966796875 0.0732421875
0 0.744140625 0.955078125 0.08203125 0.0888671875
0 0.8427734375 0.8837890625 0.1005859375 0.1259765625
0 1.0 0.814453125 0.09375 0.07421875
0 0.953125 0.9951171875 0.0859375 0.05078125
0 0.87109375 0.556640625 0.103515625 0.0966796875
0 0.919921875 0.650390625 0.130859375 0.087890625
0 0.16015625 0.4765625 0.083984375 0.1044921875
0 0.0771484375 0.2841796875 0.0771484375 0.0576171875
0 0.2666015625 0.2763671875 0.0654296875 0.0576171875
