0 0.453125 0.0478515625 0.10546875 0.0478515625
0 0.37890625 0.1376953125 0.0869140625 0.087890625
0 0.208984375 0.4306640625 0.1533203125 0.125
0 0.5283203125 0.2763671875 0.13671875 0.1611328125
0 0.6767578125 0.2822265625 0.12890625 0.0986328125
0 0.5 0.353515625 0.0712890625 0.0791015625
0 0.5673828125 0.4052734375 0.0986328125 0.0869140625
0 0.455078125 0.453125 0.0732421875 0.072265625
0 0.5224609375 0.578125 0.0576171875 0.0849609375
0 0.486328125 0.736328125 0.1005859375 0.109375
0 0.68359375 0.5322265625 0.1435546875 0.11328125
0 0.8896484375 0.5244140625 0.1611328125 0.119140625
0 0.7705078125 0.609375 0.08203125 0.103515625
0 0.1494140625 0.732421875 0.13671875 0.10546875
0 0.2880859375 0.9072265625 0.0927734375 0.0869140625
0 0.7587890625 0.9267578125 0.0732421875 0.0986328125
0 0.9609375 0.9033203125 0.125 0.107421875
0 0.853515625 1.0 0.0966796875 0.0830078125
0 0.6943359375 1.0 0.1162109375 0.0546875
0 0.970703125 0.693359375 0.0791015625 0.115234375
0 1.0 0.2978515625 0.052734375 0.142578125
0 0.2373046875 0.3046875 0.0888671875 0.0673828125
