0 0.244140625 0.7099609375 0.1904296875 0.21875
0 0.4365234375 0.419921875 0.1474609375 0.109375
0 0.4443359375 1.0 0.1943359375 0.220703125
0 0.9091796875 0.716796875 0.171875 0.2724609375
0 0.1494140625 0.2998046875 0.126953125 0.1279296875
0 1.0 0.53515625 0.0927734375 0.0869140625
0 0.9345703125 0.251953125 0.1650390625 0.1123046875
0 0.7724609375 0.1572265625 0.150390625 0.140625
0 0.1962890625 1.0 0.1455078125 0.1103515625
0 0.8544921875 0.876953125 0.1328125 0.146484375
0 0.70703125 0.8916015625 0.2275390625 0.3291015625
0 0.716796875 0.619140625 0.0947265625 0.064453125
0 1.0 0.77734375 0.0615234375 0.142578125
0 0.71875 0.689453125 0.154296875 0.076171875
0 0.798828125 0.9814453125 0.3359375 0.2353515625
0 0.2529296875 0.255859375 0.0771484375 0.099609375
