0 0.802734375 0.45703125 0.125 0.1171875
0 0.919921875 0.578125 0.115234375 0.1005859375
0 0.0849609375 0.7119140625 0.0849609375 0.1298828125
0 0.4931640625 0.2392578125 0.123046875 0.125
0 0.822265625 0.794921875 0.1337890625 0.0859375
0 0.576171875 0.30078125 0.08984375 0.115234375
0 0.56640625 0.8662109375 0.1337890625 0.1259765625
0 0.1015625 0.4921875 0.0947265625 0.099609375
0 0.345703125 0.197265625 0.09765625 0.0771484375
0 0.95703125 0.2998046875 0.2197265625 0.21484375
0 0.974609375 0.9501953125 0.150390625 0.1552734375
0 0.5703125 0.7294921875 0.16015625 0.1123046875
0 0.4453125 0.0859375 0.1875 0.0849609375
0 0.9970703125 0.7470703125 0.0849609375 0.1171875
0 0.99609375 0.5849609375 0.095703125 0.072265625
0 0.8095703125 0.080078125 0.162109375 0.078125
0 0.599609375 0.072265625 0.162109375 0.0703125
0 0.9970703125 0.0673828125 0.1220703125 0.0654296875
0 0.0966796875 0.818359375 0.091796875 0.0751953125
