0 0.9365234375 0.28125 0.0546875 0.0791015625
0 0.482421875 0.5146484375 0.0673828125 0.08203125
0 0.90234375 0.9384765625 0.08984375 0.1318359375
0 0.998046875 0.9208984375 0.0361328125 0.109375
0 0.6279296875 0.6875 0.09375 0.05859375
0 0.4052734375 0.4287109375 0.0693359375 0.0693359375
0 0.9404296875 0.4423828125 0.0810546875 0.064453125
0 0.8701171875 0.388671875 0.0400390625 0.0927734375
0 0.6591796875 0.4599609375 0.1396484375 0.109375
0 1.0 0.2451171875 0.0458984375 0.068359375
0 0.048828125 0.2431640625 0.0439453125 0.0986328125
0 0.283203125 0.4091796875 0.0810546875 0.064453125
0 0.056640625 0.5859375 0.056640625 0.0478515625
0 0.7919921875 0.78125 0.0322265625 0.0791015625
0 0.115234375 0.55859375 0.05859375 0.072265625
0 0.60546875 0.181640625 0.123046875 0.1025390625
0 0.8671875 0.826171875 0.0703125 0.046875
0 0.9541015625 0.91796875 0.076171875 0.044921875
0 0.9052734375 1.0 0.0546875 0.05078125
0 0.8017578125 0.478515625 0.0478515625 0.05078125
0 0.4052734375 0.8330078125 0.0712890625 0.03515625
0 0.642578125 0.91015625 0.0810546875 0.0830078125
0 0.2666015625 0.330078125 0.076171875 0.0810546875
0 0.46484375 0.0458984375 0.109375 0.0361328125
0 0.19921875 0.345703125 0.078125 0.0439453125
0 0.060546875 0.24609375 0.044921875 0.0986328125
0 0.5625 0.0478515625 0.0615234375 0.0478515625
0 0.6923828125 0.763671875 0.03125 0.08984375
0 0.8671875 0.455078125 0.0478515625 0.0517578125
0 0.197265625 0.091796875 0.0634765625 0.056640625
0 0.6845703125 0.859375 0.033203125 0.0927734375
0 0.111328125 0.0712890625 0.0478515625 0.0703125
0 0.169921875 0.810546875 0.0771484375 0.0380859375
0 0.3271484375 0.37890625 0.107421875 0.0517578125
0 0.2431640625 0.6318359375 0.060546875 0.0419921875
0 0.5478515625 0.9072265625 0.1298828125 0.05078125
0 0.986328125 0.677734375 0.05859375 0.052734375
0 0.2705078125 0.6923828125 0.0712890625 0.041015625
0 0.232421875 0.869140625 0.0732421875 0.0400390625
0 0.4873046875 0.7216796875 0.0634765625 0.041015625
0 0.4658203125 0.7861328125 0.0478515625 0.0537109375
0 0.3115234375 0.599609375 0.05078125 0.0263671875
0 0.7861328125 0.9248046875 0.044921875 0.029296875
0 0.984375 0.041015625 0.0986328125 0.0244140625
0 0.3876953125 0.9033203125 0.0615234375 0.0517578125
0 0.650390625 0.7490234375 0.076171875 0.0283203125
0 0.6484375 0.80078125 0.0546875 0.04296875
0 0.921875 0.0712890625 0.048828125 0.0634765625
0 0.6572265625 0.8076171875 0.046875 0.05078125
0 0.8896484375 0.611328125 0.0517578125 0.0498046875
0 0.2900390625 0.0458984375 0.078125 0.0390625
0 0.6494140625 0.2099609375 0.05078125 0.0849609375
0 0.625 0.9609375 0.0771484375 0.060546875
0 0.537109375 0.4521484375 0.0439453125 0.111328125
