0 0.072265625 0.337890625 0.072265625 0.10546875
0 0.0712890625 0.0322265625 0.0712890625 0.0322265625
0 0.1484375 0.171875 0.125 0.0625
0 1.0 0.13671875 0.0576171875 0.099609375
0 0.9248046875 0.15234375 0.0712890625 0.0830078125
0 0.8837890625 0.0537109375 0.06640625 0.0537109375
0 1.0 0.2412109375 0.072265625 0.0537109375
0 0.6396484375 0.0400390625 0.1162109375 0.0400390625
0 0.525390625 0.0703125 0.083984375 0.0654296875
0 0.4345703125 0.1650390625 0.0654296875 0.08203125
0 0.6298828125 0.1982421875 0.07421875 0.083984375
0 0.763671875 0.25 0.08203125 0.0693359375
0 0.6845703125 0.2822265625 0.064453125 0.0595703125
0 0.83984375 0.3046875 0.09765625 0.07421875
0 0.9033203125 0.2626953125 0.07421875 0.064453125
0 0.7451171875 0.345703125 0.103515625 0.0595703125
0 1.0 0.4072265625 0.0546875 0.0712890625
0 0.884765625 0.5576171875 0.07421875 0.0830078125
0 0.775390625 0.443359375 0.0791015625 0.068359375
0 0.6328125 0.4619140625 0.103515625 0.0771484375
0 0.6552734375 0.5546875 0.0517578125 0.0771484375
0 0.603515625 0.5634765625 0.052734375 0.0791015625
0 0.8056640625 0.5927734375 0.0595703125 0.072265625
0 0.759765625 0.6484375 0.0654296875 0.0478515625
0 0.4755859375 0.494140625 0.091796875 0.0703125
0 0.36328125 0.287109375 0.0908203125 0.0654296875
0 0.2177734375 0.50390625 0.078125 0.0625
0 0.3671875 0.5947265625 0.0712890625 0.1064453125
0 0.4560546875 0.6357421875 0.0771484375 0.103515625
0 0.2060546875 0.2861328125 0.080078125 0.0625
0 0.166015625 0.373046875 0.078125 0.0673828125
0 0.2685546875 0.234375 0.08203125 0.068359375
0 0.3056640625 0.1884765625 0.0537109375 0.056640625
0 0.5634765625 0.76171875 0.0869140625 0.0732421875
0 0.310546875 0.8388671875 0.201171875 0.1103515625
0 0.3642578125 0.8955078125 0.099609375 0.126953125
0 0.662109375 0.83203125 0.15625 0.072265625
0 0.7763671875 0.794921875 0.115234375 0.0771484375
0 0.6171875 0.9765625 0.1103515625 0.1435546875
0 0.5185546875 0.9150390625 0.080078125 0.0849609375
0 0.3994140625 0.98046875 0.0859375 0.0771484375
0 0.3427734375 0.9609375 0.115234375 0.1015625
0 0.2431640625 0.900390625 0.0625 0.076171875
0 0.1728515625 0.9765625 0.0771484375 0.0830078125
0 0.078125 1.0 0.078125 0.07421875
0 0.2978515625 1.0 0.072265625 0.03125
0 0.7373046875 0.9462890625 0.072265625 0.0771484375
0 0.86328125 1.0 0.111328125 0.0673828125
0 0.9091796875 0.9384765625 0.099609375 0.068359375
0 0.962890625 0.998046875 0.1025390625 0.0478515625
0 1.0 0.9560546875 0.0205078125 0.0625
0 1.0 0.87890625 0.103515625 0.111328125
0 0.96875 0.7646484375 0.109375 0.087890625
0 0.056640625 0.791015625 0.056640625 0.0712890625
0 0.0478515625 0.4775390625 0.0478515625 0.0625
0 0.7197265625 0.1171875 0.0771484375 0.091796875
0 0.9716796875 0.517578125 0.0703125 0.0888671875
0 0.2421875 0.171875 0.0439453125 0.068359375
0 0.474609375 0.9736328125 0.08984375 0.0361328125
0 0.470703125 0.947265625 0.0986328125 0.037109375
0 0.8193359375 0.7421875 0.0810546875 0.064453125
0 0.6083984375 0.42578125 0.076171875 0.0546875
0 0.8466796875 0.4443359375 0.041015625 0.0400390625
