0 0.125 0.1826171875 0.08984375 0.1220703125
0 0.3017578125 0.5146484375 0.083984375 0.0888671875
0 0.986328125 0.7607421875 0.0625 0.0927734375
0 0.46484375 0.6025390625 0.05859375 0.0927734375
0 0.27734375 0.07421875 0.0849609375 0.07421875
0 0.12890625 0.5673828125 0.0703125 0.0771484375
0 0.35546875 0.4794921875 0.0556640625 0.083984375
0 0.47265625 0.5458984375 0.0771484375 0.056640625
0 0.4345703125 0.9091796875 0.0791015625 0.080078125
0 1.0 0.6318359375 0.02734375 0.087890625
0 0.4287109375 0.1669921875 0.1025390625 0.1005859375
0 0.3232421875 0.2451171875 0.037109375 0.0732421875
0 0.2802734375 0.3681640625 0.09375 0.0703125
0 0.1376953125 0.599609375 0.107421875 0.046875
0 0.603515625 0.236328125 0.0576171875 0.0888671875
0 0.9716796875 0.8076171875 0.0830078125 0.07421875
0 0.568359375 0.6728515625 0.056640625 0.072265625
0 0.6689453125 0.6005859375 0.0908203125 0.05078125
0 0.9169921875 0.064453125 0.076171875 0.0634765625
0 0.974609375 0.9619140625 0.0712890625 0.0693359375
0 0.4296875 0.0537109375 0.09375 0.0458984375
0 0.90625 0.1650390625 0.0791015625 0.0478515625
0 0.6435546875 0.625 0.09765625 0.0615234375
0 0.7275390625 0.53125 0.0263671875 0.078125
0 0.54296875 0.75 0.09375 0.060546875
0 0.091796875 0.267578125 0.0693359375 0.0478515625
0 0.462890625 0.126953125 0.0888671875 0.06640625
0 0.396484375 0.556640625 0.052734375 0.0703125
0 0.765625 0.810546875 0.072265625 0.1044921875
0 0.6455078125 0.830078125 0.1005859375 0.0712890625
0 0.2734375 0.8115234375 0.15625 0.115234375
0 0.76953125 0.7412109375 0.08984375 0.1005859375
0 1.0 0.8662109375 0.052734375 0.0625
0 0.4697265625 0.31640625 0.0693359375 0.0478515625
0 0.7099609375 0.9873046875 0.1396484375 0.0400390625
0 0.22265625 0.9453125 0.080078125 0.0380859375
0 0.2744140625 0.6435546875 0.1025390625 0.0634765625
0 0.142578125 0.3330078125 0.0986328125 0.0615234375
0 0.5791015625 0.74609375 0.033203125 0.0654296875
0 0.3544921875 0.630859375 0.111328125 0.0556640625
0 0.9111328125 0.5986328125 0.0703125 0.041015625
0 0.990234375 0.6396484375 0.064453125 0.0615234375
0 0.5537109375 0.955078125 0.0537109375 0.0458984375
0 0.974609375 0.673828125 0.052734375 0.05859375
0 0.64453125 0.0517578125 0.0556640625 0.0517578125
0 0.8212890625 0.6064453125 0.0908203125 0.0625
0 0.3212890625 0.7470703125 0.080078125 0.03515625
0 0.3671875 0.662109375 0.103515625 0.0390625
0 0.5673828125 0.5458984375 0.0625 0.0546875
0 1.0 0.6884765625 0.0341796875 0.0654296875
0 0.2412109375 1.0 0.05859375 0.01953125
0 0.724609375 0.5908203125 0.072265625 0.0732421875
0 0.43388671875 0.3591796875 0.08261718750000002 0.06513671874999999
0 0.0478515625 0.888671875 0.0478515625 0.0556640625
0 0.8681640625 0.9208984375 0.0546875 0.041015625
0 0.6435546875 0.5537109375 0.0869140625 0.0419921875
0 0.81640625 0.025390625 0.078125 0.025390625
0 0.427734375 0.32421875 0.1328125 0.0712890625
0 0.4248046875 0.421875 0.0966796875 0.041015625
0 0.0439453125 0.279296875 0.0439453125 0.0595703125
0 0.708984375 0.5185546875 0.05078125 0.0576171875
0 0.6767578125 0.6611328125 0.07421875 0.0283203125
0 0.740234375 0.65625 0.1005859375 0.0556640625
0 0.693359375 0.59375 0.068359375 0.0634765625
