0 0.015625 0.306640625 0.015625 0.0634765625
0 0.048828125 0.5771484375 0.048828125 0.09375
0 0.19140625 1.0 0.0732421875 0.0283203125
0 0.7001953125 1.0 0.107421875 0.0205078125
0 0.884765625 1.0 0.1376953125 0.0234375
0 0.2724609375 1.0 0.064453125 0.0224609375
0 0.3525390625 1.0 0.0703125 0.1611328125
0 0.5244140625 1.0 0.15625 0.1875
0 0.1630859375 0.9619140625 0.044921875 0.05859375
0 0.2802734375 0.7880859375 0.0498046875 0.109375
0 0.2275390625 0.8408203125 0.0439453125 0.099609375
0 0.197265625 0.8828125 0.044921875 0.15234375
0 0.1494140625 0.892578125 0.05859375 0.1943359375
0 0.056640625 0.732421875 0.041015625 0.0517578125
0 0.34375 0.63671875 0.1552734375 0.1474609375
0 0.484375 0.75390625 0.0947265625 0.1845703125
0 0.580078125 0.7841796875 0.0791015625 0.2275390625
0 0.6904296875 0.8525390625 0.1259765625 0.234375
0 0.77734375 0.810546875 0.091796875 0.203125
0 0.849609375 0.841796875 0.0703125 0.142578125
0 0.8916015625 0.7041015625 0.0634765625 0.2021484375
0 0.9794921875 0.8330078125 0.0693359375 0.205078125
0 0.7646484375 0.5771484375 0.0654296875 0.1767578125
0 0.689453125 0.482421875 0.0869140625 0.130859375
0 0.611328125 0.5185546875 0.0673828125 0.103515625
0 0.5693359375 0.4033203125 0.28515625 0.1396484375
0 0.4130859375 0.263671875 0.1044921875 0.076171875
0 0.5029296875 0.158203125 0.052734375 0.0966796875
0 0.6962890625 0.2509765625 0.1630859375 0.1455078125
0 0.896484375 0.431640625 0.18359375 0.18359375
0 0.66015625 0.1845703125 0.1630859375 0.1005859375
0 0.1396484375 0.0927734375 0.1328125 0.05078125
0 0.1904296875 0.056640625 0.1728515625 0.056640625
0 0.82421875 0.064453125 0.076171875 0.0634765625
0 0.875 0.078125 0.05859375 0.078125
0 1.0 0.0869140625 0.05859375 0.0869140625
0 1.0 0.435546875 0.0546875 0.15234375
0 0.9794921875 0.994140625 0.05859375 0.0537109375
0 0.345703125 0.046875 0.0703125 0.046875
