0 1.0 0.1416015625 0.0625 0.1171875
0 0.83203125 0.384765625 0.07421875 0.05859375
0 0.8896484375 0.2060546875 0.0927734375 0.0703125
0 0.119140625 0.431640625 0.080078125 0.1005859375
0 0.162109375 0.6875 0.1103515625 0.0927734375
0 0.923828125 0.8125 0.0869140625 0.0625
0 0.7470703125 0.6669921875 0.1171875 0.107421875
0 0.142578125 0.1806640625 0.0947265625 0.1318359375
0 0.056640625 0.28515625 0.056640625 0.0634765625
0 0.697265625 0.4296875 0.0625 0.111328125
0 0.7314453125 0.9951171875 0.09765625 0.0517578125
0 0.9541015625 0.9140625 0.099609375 0.0947265625
0 0.2109375 0.23046875 0.052734375 0.0810546875
0 0.8544921875 0.607421875 0.0625 0.068359375
0 0.814453125 0.9443359375 0.0625 0.0771484375
0 1.0 0.4755859375 0.0673828125 0.0712890625
0 0.7568359375 0.1845703125 0.109375 0.1103515625
0 0.708984375 0.25390625 0.0703125 0.048828125
0 0.626953125 0.359375 0.080078125 0.1201171875
