0 0.365234375 0.8759765625 0.072265625 0.07421875
0 0.6025390625 0.0703125 0.068359375 0.06640625
0 0.845703125 0.9365234375 0.0693359375 0.0888671875
0 0.9208984375 0.9423828125 0.0537109375 0.09375
0 0.578125 0.421875 0.1083984375 0.0439453125
0 0.423828125 0.287109375 0.1044921875 0.0546875
0 1.0 0.08984375 0.046875 0.0859375
0 0.7177734375 0.388671875 0.08203125 0.0595703125
0 0.9970703125 0.6884765625 0.0751953125 0.052734375
0 0.658203125 0.73046875 0.0400390625 0.1201171875
0 0.1943359375 0.9970703125 0.080078125 0.0576171875
0 0.4501953125 0.7021484375 0.0537109375 0.06640625
0 0.544921875 0.1826171875 0.091796875 0.08203125
0 0.380859375 0.3369140625 0.1171875 0.0986328125
0 0.453125 0.439453125 0.025390625 0.1025390625
0 0.52734375 0.6337890625 0.06640625 0.044921875
0 0.154296875 0.0556640625 0.0732421875 0.0546875
0 0.5390625 0.4931640625 0.103515625 0.0390625
0 0.4140625 0.5302734375 0.06640625 0.1044921875
0 0.318359375 0.978515625 0.0625 0.072265625
0 0.3564453125 0.751953125 0.0966796875 0.029296875
0 0.6337890625 0.4873046875 0.11328125 0.0673828125
0 0.3544921875 0.400390625 0.115234375 0.0458984375
0 0.4677734375 0.9453125 0.0537109375 0.0654296875
0 0.8310546875 0.7568359375 0.0751953125 0.0390625
0 0.6220703125 0.1630859375 0.076171875 0.041015625
0 1.0 0.134765625 0.1455078125 0.044921875
0 0.4453125 0.0810546875 0.0751953125 0.0400390625
0 0.578125 0.4111328125 0.0693359375 0.087890625
0 0.89453125 0.47265625 0.060546875 0.0439453125
0 0.3291015625 0.3671875 0.064453125 0.087890625
0 0.3984375 0.251953125 0.04296875 0.078125
0 0.1923828125 0.78125 0.1044921875 0.0498046875
0 0.6435546875 0.0234375 0.0498046875 0.0234375
0 0.0712890625 0.83984375 0.0712890625 0.0322265625
0 0.0966796875 0.1142578125 0.0498046875 0.0517578125
0 0.17578125 0.751953125 0.087890625 0.109375
0 0.689453125 0.8251953125 0.1103515625 0.05859375
0 0.09375 0.53125 0.09375 0.046875
0 0.884765625 0.39453125 0.12109375 0.1181640625
0 0.53125 0.1298828125 0.0615234375 0.0546875
0 0.7177734375 0.97265625 0.119140625 0.1103515625
0 0.099609375 0.8740234375 0.09375 0.0263671875
0 0.806640625 0.03125 0.0419921875 0.0302734375
0 0.919921875 0.34375 0.123046875 0.15234375
0 0.8173828125 0.6982421875 0.056640625 0.0419921875
0 0.7509765625 0.1826171875 0.1279296875 0.0634765625
0 0.8125 0.14453125 0.0595703125 0.041015625
0 0.796875 0.78515625 0.0615234375 0.02734375
0 0.91015625 0.5361328125 0.099609375 0.0751953125
0 0.123046875 0.6875 0.09375 0.0693359375
0 0.1875 0.892578125 0.076171875 0.0302734375
0 0.17578125 0.6044921875 0.0634765625 0.029296875
0 0.998046875 0.314453125 0.025390625 0.0712890625
0 0.623046875 0.6875 0.0478515625 0.0478515625
0 0.0986328125 0.0458984375 0.0927734375 0.0419921875
0 0.947265625 1.0 0.033203125 0.021484375
0 0.0498046875 0.1318359375 0.0341796875 0.0576171875
0 0.1884765625 0.5009765625 0.0439453125 0.064453125
0 0.75390625 0.5849609375 0.142578125 0.08984375
0 0.1806640625 0.896484375 0.0810546875 0.0166015625
0 0.3349609375 0.7939453125 0.1103515625 0.041015625
0 0.375 0.515625 0.1025390625 0.0859375
0 0.29296875 0.822265625 0.1220703125 0.0439453125
