0 1.0 0.14453125 0.0400390625 0.044921875
0 0.7353515625 0.123046875 0.072265625 0.064453125
0 0.439453125 0.0712890625 0.056640625 0.0439453125
0 0.3310546875 0.140625 0.0654296875 0.0595703125
0 0.12890625 0.1279296875 0.0419921875 0.05078125
0 0.5380859375 0.17578125 0.0625 0.0458984375
0 0.109375 0.3154296875 0.0654296875 0.0419921875
0 0.1826171875 0.23046875 0.0791015625 0.0654296875
0 0.2216796875 0.34375 0.0498046875 0.0498046875
0 0.1611328125 0.3505859375 0.0595703125 0.02734375
0 0.3310546875 0.2666015625 0.1015625 0.0615234375
0 0.46484375 0.2724609375 0.0771484375 0.0517578125
0 0.490234375 0.265625 0.064453125 0.0419921875
0 0.5009765625 0.31640625 0.0361328125 0.0439453125
0 0.4580078125 0.3388671875 0.0615234375 0.03515625
0 0.46875 0.3642578125 0.0732421875 0.0478515625
0 0.537109375 0.3984375 0.0888671875 0.0673828125
0 0.416015625 0.4609375 0.0859375 0.0625
0 0.63671875 0.291015625 0.0791015625 0.0537109375
0 0.7041015625 0.298828125 0.0712890625 0.0986328125
0 0.833984375 0.3291015625 0.0986328125 0.064453125
0 0.80078125 0.326171875 0.0390625 0.0576171875
0 0.837890625 0.4091796875 0.064453125 0.05078125
0 0.7724609375 0.3935546875 0.0498046875 0.05859375
0 0.7314453125 0.3974609375 0.046875 0.0947265625
0 0.7939453125 0.525390625 0.0546875 0.1279296875
0 0.974609375 0.5634765625 0.041015625 0.0859375
0 0.984375 0.4462890625 0.0458984375 0.09375
0 0.99609375 0.3720703125 0.0634765625 0.087890625
0 1.0 0.623046875 0.0517578125 0.0771484375
0 0.8935546875 0.8486328125 0.0576171875 0.0595703125
0 0.900390625 0.8896484375 0.064453125 0.056640625
0 0.681640625 0.8876953125 0.05859375 0.060546875
0 0.6298828125 0.8955078125 0.0595703125 0.0517578125
0 0.6025390625 0.80859375 0.0703125 0.0703125
0 0.44140625 0.7783203125 0.060546875 0.0595703125
0 0.2841796875 0.705078125 0.06640625 0.0615234375
0 0.1826171875 0.7646484375 0.0732421875 0.0791015625
0 0.2138671875 1.0 0.0546875 0.0791015625
0 0.19140625 0.97265625 0.0849609375 0.0625
