0 0.8671875 0.0849609375 0.078125 0.0849609375
0 0.8095703125 0.3359375 0.0849609375 0.125
0 0.69921875 0.6318359375 0.0869140625 0.0771484375
0 0.640625 0.4833984375 0.1201171875 0.1474609375
0 0.7919921875 0.501953125 0.087890625 0.0771484375
0 0.9072265625 0.607421875 0.0927734375 0.09765625
0 1.0 0.7919921875 0.0576171875 0.0927734375
0 0.94921875 0.744140625 0.0771484375 0.0869140625
0 0.8271484375 0.6142578125 0.0830078125 0.091796875
0 0.873046875 0.3017578125 0.0625 0.0908203125
0 0.8193359375 0.7216796875 0.08984375 0.099609375
0 0.0390625 0.5615234375 0.0390625 0.119140625
