0 0.1162109375 0.4677734375 0.0908203125 0.0927734375
0 0.453125 0.453125 0.080078125 0.068359375
0 0.5439453125 0.3359375 0.111328125 0.0673828125
0 0.7919921875 0.5224609375 0.0634765625 0.0732421875
0 0.1591796875 0.162109375 0.080078125 0.0771484375
0 0.1259765625 0.2197265625 0.1142578125 0.0546875
0 0.8017578125 0.9384765625 0.048828125 0.08203125
0 0.712890625 0.607421875 0.08984375 0.0556640625
0 0.892578125 0.80859375 0.1328125 0.052734375
0 0.4755859375 0.6171875 0.0947265625 0.0634765625
0 1.0 0.806640625 0.017578125 0.0654296875
0 0.580078125 0.54296875 0.0927734375 0.0751953125
0 0.931640625 0.82421875 0.03515625 0.060546875
0 1.0 0.5078125 0.044921875 0.0771484375
0 0.55859375 0.2744140625 0.029296875 0.0771484375
0 0.720703125 0.4970703125 0.0673828125 0.0576171875
0 0.1416015625 0.6005859375 0.1162109375 0.068359375
0 0.5048828125 0.0654296875 0.0625 0.0537109375
0 0.86328125 0.775390625 0.06640625 0.0693359375
0 0.3916015625 0.263671875 0.123046875 0.0517578125
0 0.2685546875 0.82421875 0.0966796875 0.0634765625
0 0.3955078125 0.2587890625 0.0888671875 0.068359375
0 0.92578125 0.533203125 0.0693359375 0.0615234375
0 0.138671875 0.29296875 0.138671875 0.0400390625
0 0.37109375 0.931640625 0.0869140625 0.044921875
0 1.0 0.912109375 0.046875 0.0595703125
0 0.6572265625 1.0 0.0546875 0.0390625
0 0.6953125 0.5380859375 0.05859375 0.048828125
0 0.3544921875 0.87109375 0.095703125 0.044921875
0 0.57421875 0.216796875 0.08984375 0.0849609375
0 0.625 0.6513671875 0.060546875 0.0322265625
0 0.33203125 0.9892578125 0.056640625 0.041015625
0 0.2783203125 0.548828125 0.0517578125 0.0576171875
0 0.12109375 0.9638671875 0.0712890625 0.0478515625
0 0.9248046875 0.6044921875 0.0703125 0.0498046875
0 0.107421875 0.1884765625 0.1064453125 0.08203125
0 0.1044921875 0.765625 0.0517578125 0.0263671875
0 0.7919921875 0.96484375 0.087890625 0.03515625
0 0.6005859375 0.6279296875 0.0693359375 0.0693359375
0 0.365234375 0.595703125 0.1298828125 0.0439453125
0 0.6474609375 0.9111328125 0.064453125 0.0498046875
0 0.5810546875 0.9345703125 0.0732421875 0.046875
0 0.1123046875 0.875 0.1123046875 0.056640625
0 0.40234375 0.75 0.0703125 0.04296875
0 0.1181640625 0.2724609375 0.0615234375 0.0546875
0 0.333984375 0.4951171875 0.1181640625 0.0830078125
0 0.193359375 0.5517578125 0.08203125 0.0458984375
0 0.431640625 0.5625 0.0830078125 0.041015625
0 0.0595703125 0.98046875 0.0576171875 0.0439453125
0 0.2314453125 0.06640625 0.0791015625 0.0556640625
0 0.953125 0.9990234375 0.0400390625 0.0322265625
0 0.3291015625 0.279296875 0.0849609375 0.03515625
0 0.51171875 0.4287109375 0.056640625 0.0576171875
0 0.5087890625 0.41796875 0.044921875 0.0869140625
0 0.171875 0.8984375 0.0927734375 0.033203125
0 0.455078125 0.826171875 0.083984375 0.037109375
0 0.5322265625 0.9365234375 0.0810546875 0.048828125
0 0.0849609375 0.80078125 0.0849609375 0.048828125
0 0.9755859375 0.146484375 0.064453125 0.0478515625
0 0.3681640625 0.4892578125 0.0966796875 0.03515625
0 0.087890625 0.751953125 0.0615234375 0.0244140625
0 0.271484375 0.1396484375 0.04296875 0.037109375
0 0.6181640625 0.888671875 0.1064453125 0.046875
0 0.9599609375 0.638671875 0.0537109375 0.037109375
0 0.033203125 0.4296875 0.033203125 0.0517578125
0 0.21484375 0.6201171875 0.0830078125 0.091796875
0 1.0 0.2216796875 0.0380859375 0.029296875
0 0.4755859375 0.9716796875 0.0390625 0.03515625
0 0.173828125 0.9755859375 0.0615234375 0.0322265625
0 0.0712890625 0.9326171875 0.0595703125 0.041015625
0 0.1728515625 0.9208984375 0.041015625 0.0283203125
0 0.111328125 0.75 0.068359375 0.052734375
0 0.791015625 0.787109375 0.0439453125 0.0625
0 0.376953125 0.6337890625 0.0458984375 0.05859375
0 0.5126953125 0.6416015625 0.0966796875 0.0439453125
0 0.5830078125 0.5849609375 0.103515625 0.04296875
0 0.111328125 0.486328125 0.0732421875 0.0771484375
0 0.986328125 0.5009765625 0.046875 0.078125
0 0.9853515625 0.197265625 0.0458984375 0.02734375
