0 0.5263671875 1.0 0.119140625 0.03515625
0 0.466796875 1.0 0.109375 0.0849609375
0 0.240234375 1.0 0.1005859375 0.0712890625
0 0.208984375 0.845703125 0.107421875 0.1005859375
0 0.068359375 0.7666015625 0.068359375 0.1484375
0 0.23828125 0.71875 0.111328125 0.134765625
0 0.1923828125 0.5419921875 0.0830078125 0.1103515625
0 0.0361328125 0.4453125 0.0361328125 0.10546875
0 0.255859375 0.37890625 0.15234375 0.0908203125
0 0.3857421875 0.330078125 0.119140625 0.0595703125
0 0.6220703125 0.380859375 0.107421875 0.0830078125
0 0.6201171875 0.5166015625 0.095703125 0.0732421875
0 0.61328125 0.62890625 0.107421875 0.1142578125
0 0.595703125 0.6953125 0.0810546875 0.08984375
0 0.87890625 0.8134765625 0.14453125 0.1982421875
0 0.98828125 0.6396484375 0.12890625 0.0830078125
0 0.7705078125 1.0 0.0771484375 0.029296875
0 0.6953125 0.2626953125 0.1171875 0.0771484375
0 0.806640625 0.21875 0.1015625 0.0556640625
0 0.681640625 0.1513671875 0.078125 0.0693359375
0 0.447265625 0.22265625 0.1591796875 0.091796875
0 0.3017578125 0.099609375 0.095703125 0.099609375
0 0.08203125 0.1318359375 0.080078125 0.08203125
0 0.9951171875 0.1318359375 0.08984375 0.125
0 0.7685546875 0.0419921875 0.09375 0.0419921875
0 0.458984375 0.1162109375 0.1103515625 0.107421875
