0 0.7646484375 0.099609375 0.083984375 0.0703125
0 0.5703125 0.6865234375 0.0966796875 0.095703125
0 0.611328125 0.0810546875 0.056640625 0.0810546875
0 1.0 0.67578125 0.0234375 0.0947265625
0 0.205078125 0.1806640625 0.0732421875 0.1015625
0 1.0 0.2265625 0.0302734375 0.162109375
0 0.1796875 0.287109375 0.119140625 0.05859375
0 0.919921875 0.5751953125 0.0908203125 0.07421875
0 0.5888671875 0.3525390625 0.1279296875 0.1201171875
0 0.494140625 0.373046875 0.06640625 0.0869140625
0 0.1064453125 0.3671875 0.0986328125 0.1142578125
0 0.619140625 0.1767578125 0.0849609375 0.0908203125
0 0.830078125 0.5634765625 0.048828125 0.080078125
0 0.8486328125 0.359375 0.080078125 0.0810546875
0 0.2685546875 0.7763671875 0.1064453125 0.0810546875
0 0.3583984375 0.5234375 0.1015625 0.0302734375
0 0.7421875 0.5419921875 0.05078125 0.076171875
0 0.6435546875 0.28515625 0.068359375 0.1376953125
0 0.9833984375 0.861328125 0.0634765625 0.0849609375
0 0.4501953125 0.712890625 0.16015625 0.080078125
0 0.3779296875 0.826171875 0.078125 0.041015625
0 0.6650390625 0.673828125 0.0966796875 0.0419921875
0 0.400390625 0.5009765625 0.0625 0.0693359375
0 0.783203125 0.3369140625 0.111328125 0.1103515625
0 0.23828125 0.12109375 0.0615234375 0.0771484375
0 0.9814453125 0.3525390625 0.046875 0.1259765625
0 0.1669921875 0.2666015625 0.078125 0.1552734375
0 0.8154296875 0.39453125 0.126953125 0.1044921875
0 0.833984375 0.12109375 0.0625 0.0625
0 0.3408203125 1.0 0.048828125 0.060546875
0 0.900390625 0.8759765625 0.0986328125 0.0673828125
0 0.419921875 0.8701171875 0.076171875 0.037109375
0 0.97265625 0.4716796875 0.06640625 0.0546875
0 0.259765625 0.3037109375 0.080078125 0.09765625
0 0.771484375 0.615234375 0.0361328125 0.109375
0 0.431640625 1.0 0.0771484375 0.021484375
0 1.0 0.9033203125 0.0419921875 0.0546875
0 0.4775390625 0.279296875 0.103515625 0.142578125
0 0.51171875 0.4169921875 0.140625 0.083984375
0 0.83203125 0.8212890625 0.09375 0.0302734375
0 0.1142578125 0.599609375 0.068359375 0.0556640625
0 0.634765625 0.9931640625 0.1103515625 0.041015625
0 0.6806640625 0.759765625 0.1123046875 0.07421875
0 0.837890625 0.06640625 0.0693359375 0.06640625
0 0.216796875 0.7119140625 0.0810546875 0.0576171875
0 0.8359375 1.0 0.1376953125 0.0302734375
0 0.80078125 0.9462890625 0.0771484375 0.0224609375
0 0.451171875 0.9580078125 0.0693359375 0.044921875
0 0.1767578125 0.0517578125 0.0595703125 0.05078125
0 0.2177734375 0.41015625 0.138671875 0.150390625
0 0.34765625 0.755859375 0.09375 0.052734375
0 0.9609375 0.953125 0.0322265625 0.0537109375
0 0.994140625 0.4052734375 0.0546875 0.0537109375
0 0.4146484375 0.7802734375 0.09384765625000002 0.11103515625000004
0 0.701171875 0.9423828125 0.0693359375 0.087890625
0 0.4462890625 0.9892578125 0.0478515625 0.0400390625
0 0.2490234375 0.6650390625 0.11328125 0.0439453125
0 0.6728515625 0.037109375 0.044921875 0.037109375
0 0.751953125 0.97265625 0.0546875 0.0478515625
0 0.0771484375 0.98046875 0.0771484375 0.0400390625
0 0.8994140625 0.0302734375 0.0341796875 0.0302734375
0 0.505859375 0.505859375 0.07421875 0.04296875
0 0.7958984375 0.58984375 0.0576171875 0.0849609375
0 0.1669921875 0.720703125 0.0771484375 0.0341796875
0 0.4052734375 0.66796875 0.0947265625 0.0537109375
0 0.2392578125 0.1591796875 0.0693359375 0.06640625
0 0.275390625 0.7919921875 0.0693359375 0.0234375
0 0.041015625 0.4716796875 0.041015625 0.08203125
0 0.7158203125 0.9912109375 0.0390625 0.0478515625
0 0.4560546875 0.400390625 0.0947265625 0.0712890625
0 0.9111328125 0.419921875 0.0859375 0.0546875
0 0.9638671875 0.490234375 0.0810546875 0.0703125
0 0.44140625 0.78125 0.125 0.0869140625
