0 0.0458984375 0.0166015625 0.0458984375 0.0166015625
0 0.2919921875 0.216796875 0.0634765625 0.125
0 0.365234375 0.234375 0.0771484375 0.0654296875
0 0.216796875 0.2470703125 0.087890625 0.06640625
0 0.125 0.365234375 0.1025390625 0.1962890625
0 0.21484375 0.3720703125 0.08984375 0.07421875
0 0.2978515625 0.4189453125 0.0849609375 0.1171875
0 0.2587890625 0.447265625 0.080078125 0.0791015625
0 0.34375 0.4013671875 0.0458984375 0.0810546875
0 0.3876953125 0.359375 0.08203125 0.0654296875
0 0.376953125 0.310546875 0.0634765625 0.068359375
0 0.5 0.4169921875 0.1142578125 0.169921875
0 0.6669921875 0.1533203125 0.0732421875 0.0966796875
0 0.7998046875 0.1416015625 0.150390625 0.076171875
0 0.8994140625 0.08984375 0.1494140625 0.0732421875
0 0.86328125 0.2841796875 0.0830078125 0.115234375
0 0.82421875 0.33203125 0.1669921875 0.095703125
0 0.697265625 0.4423828125 0.080078125 0.169921875
0 0.7705078125 0.478515625 0.103515625 0.13671875
0 0.845703125 0.462890625 0.0478515625 0.0771484375
0 0.8974609375 0.4033203125 0.0791015625 0.087890625
0 0.73046875 0.576171875 0.0927734375 0.099609375
0 0.83203125 0.736328125 0.1806640625 0.0732421875
0 0.6572265625 0.833984375 0.0986328125 0.1416015625
0 0.453125 0.7802734375 0.099609375 0.091796875
0 0.578125 0.7265625 0.072265625 0.0634765625
0 0.505859375 0.6435546875 0.0791015625 0.0673828125
0 0.3154296875 0.6904296875 0.0654296875 0.123046875
0 0.2451171875 0.71484375 0.0615234375 0.12890625
0 0.1474609375 0.837890625 0.0556640625 0.0908203125
0 0.0419921875 0.984375 0.0419921875 0.0810546875
0 0.072265625 0.865234375 0.068359375 0.1943359375
0 0.3916015625 1.0 0.076171875 0.1318359375
0 0.5673828125 0.8955078125 0.1123046875 0.0771484375
0 0.552734375 1.0 0.078125 0.0771484375
0 0.6513671875 0.9052734375 0.0693359375 0.0732421875
0 0.6904296875 0.958984375 0.0595703125 0.080078125
0 0.7666015625 0.8681640625 0.09375 0.091796875
0 0.87890625 0.80859375 0.1025390625 0.0634765625
0 0.951171875 0.8818359375 0.1708984375 0.0712890625
0 0.875 1.0 0.0908203125 0.15625
0 1.0 0.8515625 0.0546875 0.0869140625
0 1.0 0.4765625 0.021484375 0.126953125
0 1.0 0.236328125 0.0234375 0.0478515625
0 0.0185546875 0.8974609375 0.0185546875 0.0947265625
0 0.4609375 0.63671875 0.1083984375 0.0419921875
0 0.306640625 0.291015625 0.0478515625 0.0751953125
