0 0.388671875 0.017578125 0.103515625 0.017578125
0 0.4365234375 0.1767578125 0.080078125 0.1767578125
0 0.4375 0.171875 0.0625 0.06640625
0 0.376953125 0.318359375 0.05859375 0.091796875
0 0.53515625 0.3525390625 0.111328125 0.1494140625
0 0.7919921875 0.296875 0.2255859375 0.119140625
0 1.0 0.314453125 0.0458984375 0.0771484375
0 0.783203125 0.392578125 0.15625 0.1181640625
0 0.2890625 0.36328125 0.076171875 0.1435546875
0 0.1337890625 0.2978515625 0.07421875 0.0576171875
0 0.0830078125 0.2607421875 0.0830078125 0.0517578125
0 0.1845703125 0.4560546875 0.078125 0.078125
0 0.2333984375 0.529296875 0.1044921875 0.087890625
0 0.1123046875 0.65234375 0.0791015625 0.1513671875
0 0.21484375 0.669921875 0.080078125 0.095703125
0 0.35546875 0.662109375 0.0888671875 0.0537109375
0 0.4423828125 0.638671875 0.0693359375 0.0849609375
0 0.65625 0.5361328125 0.22265625 0.1318359375
0 0.646484375 0.6279296875 0.068359375 0.078125
0 0.8154296875 0.62109375 0.0751953125 0.10546875
0 0.5771484375 0.716796875 0.0595703125 0.0458984375
0 0.455078125 0.8408203125 0.072265625 0.19921875
0 0.333984375 0.8916015625 0.0869140625 0.1728515625
0 0.58984375 0.982421875 0.087890625 0.064453125
0 0.30078125 0.986328125 0.0458984375 0.0791015625
0 0.3486328125 1.0 0.0615234375 0.0654296875
0 0.1513671875 0.970703125 0.0693359375 0.1259765625
0 0.1181640625 0.8125 0.09375 0.052734375
0 0.837890625 0.884765625 0.158203125 0.0849609375
0 0.857421875 0.7900390625 0.0927734375 0.1904296875
0 0.9365234375 0.8662109375 0.0712890625 0.2197265625
0 0.99609375 0.6884765625 0.091796875 0.111328125
0 0.9306640625 0.97265625 0.0556640625 0.11328125
0 1.0 0.158203125 0.0224609375 0.087890625
0 0.3994140625 0.42578125 0.078125 0.1044921875
0 0.2314453125 0.158203125 0.125 0.158203125
0 0.392578125 0.11328125 0.138671875 0.11328125
0 0.6005859375 0.4892578125 0.1513671875 0.1123046875
