0 0.9921875 0.7021484375 0.0849609375 0.115234375
0 0.3974609375 0.841796875 0.080078125 0.0947265625
0 0.6298828125 0.7021484375 0.0908203125 0.0927734375
0 0.912109375 0.7548828125 0.1298828125 0.123046875
0 0.4541015625 0.5771484375 0.0966796875 0.072265625
0 0.4765625 0.1875 0.0517578125 0.1357421875
0 0.8896484375 0.3642578125 0.0830078125 0.1142578125
0 0.7119140625 0.9521484375 0.0927734375 0.10546875
0 1.0 0.5322265625 0.078125 0.09765625
0 0.607421875 0.2216796875 0.123046875 0.091796875
0 0.9267578125 0.1474609375 0.0869140625 0.0751953125
0 1.0 0.3623046875 0.052734375 0.1357421875
0 0.849609375 0.099609375 0.087890625 0.0830078125
0 0.759765625 0.1923828125 0.080078125 0.1005859375
0 0.1943359375 0.95703125 0.080078125 0.087890625
0 0.5849609375 0.9140625 0.080078125 0.08984375
0 0.76171875 0.8671875 0.0947265625 0.107421875
0 0.3173828125 0.2265625 0.1025390625 0.13671875
0 0.2119140625 0.8095703125 0.072265625 0.0947265625
0 0.724609375 0.294921875 0.0771484375 0.0830078125
0 0.65234375 0.5068359375 0.0654296875 0.0576171875
0 0.716796875 0.619140625 0.0771484375 0.0595703125
0 0.375 0.6943359375 0.11328125 0.1318359375
0 0.759765625 1.0 0.078125 0.0654296875
0 0.8046875 0.3447265625 0.087890625 0.08984375
0 1.0 0.9423828125 0.04296875 0.0625
0 0.21484375 0.1640625 0.1181640625 0.1494140625
0 0.5166015625 0.3046875 0.064453125 0.0625
0 0.2998046875 0.6416015625 0.0849609375 0.1025390625
0 0.32421875 0.8017578125 0.1025390625 0.0849609375
0 0.4716796875 0.654296875 0.0673828125 0.0595703125
0 0.8720703125 0.4248046875 0.0771484375 0.0732421875
0 0.83203125 0.9443359375 0.068359375 0.05859375
0 0.5849609375 0.0673828125 0.0478515625 0.0654296875
0 0.77734375 0.4267578125 0.0625 0.0673828125
0 0.21484375 0.4794921875 0.0927734375 0.072265625
0 0.224609375 0.556640625 0.0673828125 0.08203125
0 0.1015625 0.39453125 0.099609375 0.115234375
0 0.08984375 1.0 0.0732421875 0.060546875
0 0.1669921875 0.0869140625 0.107421875 0.0849609375
0 0.2255859375 0.375 0.0751953125 0.1220703125
0 0.19921875 0.5966796875 0.08203125 0.0771484375
0 0.8369140625 0.244140625 0.08203125 0.064453125
0 0.2529296875 0.396484375 0.115234375 0.0947265625
0 0.89453125 0.88671875 0.08984375 0.064453125
0 0.125 0.7421875 0.068359375 0.0625
0 0.064453125 0.6875 0.0625 0.095703125
0 0.056640625 0.796875 0.0546875 0.0771484375
0 0.341796875 0.51953125 0.052734375 0.052734375
0 0.2744140625 0.05859375 0.080078125 0.05859375
0 0.5498046875 0.0595703125 0.0478515625 0.0576171875
0 0.439453125 0.1923828125 0.037109375 0.1357421875
0 0.1669921875 0.8271484375 0.052734375 0.0478515625
