0 0.95703125 0.1396484375 0.095703125 0.0556640625
0 0.869140625 0.5244140625 0.08203125 0.1103515625
0 0.3388671875 0.8447265625 0.138671875 0.1357421875
0 0.501953125 0.1396484375 0.125 0.0751953125
0 0.046875 0.509765625 0.046875 0.1015625
0 0.1171875 0.3291015625 0.1171875 0.08203125
0 0.287109375 0.119140625 0.1796875 0.0771484375
0 0.287109375 0.38671875 0.1171875 0.064453125
0 0.1220703125 0.19921875 0.0771484375 0.0673828125
0 0.2841796875 0.2822265625 0.134765625 0.0576171875
0 0.51953125 0.5595703125 0.1171875 0.1455078125
0 0.8232421875 0.2470703125 0.0703125 0.0400390625
0 0.1728515625 0.3115234375 0.0869140625 0.1005859375
0 0.296875 0.8701171875 0.08984375 0.1171875
0 0.359375 0.6474609375 0.099609375 0.10546875
0 0.1923828125 0.626953125 0.0703125 0.1220703125
0 0.994140625 0.474609375 0.1044921875 0.0830078125
0 0.9140625 0.357421875 0.08203125 0.078125
0 1.0 0.2744140625 0.0576171875 0.09765625
