0 0.787109375 0.6875 0.0712890625 0.0888671875
0 0.3330078125 0.25390625 0.0654296875 0.0966796875
0 0.4677734375 0.2724609375 0.076171875 0.0771484375
0 0.2900390625 0.1298828125 0.0634765625 0.083984375
0 0.85546875 0.41796875 0.0615234375 0.0869140625
0 0.22265625 0.166015625 0.0615234375 0.078125
0 0.01953125 0.29296875 0.01953125 0.0546875
0 0.5078125 0.9755859375 0.060546875 0.087890625
0 0.8818359375 0.7939453125 0.05078125 0.0869140625
0 1.0 0.9873046875 0.0634765625 0.0869140625
0 0.923828125 0.7353515625 0.0537109375 0.0771484375
0 0.67578125 0.767578125 0.064453125 0.072265625
0 0.658203125 0.3818359375 0.0830078125 0.0634765625
0 0.837890625 0.0986328125 0.0546875 0.0986328125
0 0.9716796875 0.515625 0.09375 0.0654296875
0 0.9765625 0.712890625 0.0517578125 0.0732421875
0 0.2197265625 0.98046875 0.0791015625 0.1142578125
0 0.6181640625 0.14453125 0.0654296875 0.0986328125
0 0.6982421875 0.203125 0.064453125 0.0751953125
0 0.84765625 0.578125 0.0546875 0.087890625
0 0.4638671875 0.5341796875 0.072265625 0.0830078125
0 0.505859375 0.1103515625 0.06640625 0.0654296875
0 0.822265625 0.828125 0.1201171875 0.05078125
0 0.9140625 0.392578125 0.041015625 0.0625
0 0.673828125 0.52734375 0.05859375 0.0546875
0 0.92578125 0.9619140625 0.07421875 0.091796875
0 0.8916015625 0.2822265625 0.041015625 0.068359375
0 0.4111328125 0.537109375 0.0546875 0.0654296875
0 0.361328125 0.70703125 0.0888671875 0.08203125
0 0.90234375 0.8486328125 0.064453125 0.046875
0 0.0478515625 0.45703125 0.0478515625 0.064453125
0 0.6552734375 0.998046875 0.0595703125 0.0234375
0 0.9130859375 0.9736328125 0.0673828125 0.0458984375
0 0.8388671875 0.5986328125 0.1044921875 0.0478515625
0 0.1083984375 0.423828125 0.1083984375 0.0615234375
0 0.8818359375 0.5966796875 0.0400390625 0.0810546875
0 0.2763671875 0.1865234375 0.03515625 0.0654296875
0 0.8798828125 0.123046875 0.0400390625 0.1005859375
0 0.4765625 0.78515625 0.0341796875 0.078125
0 0.240234375 0.51953125 0.087890625 0.0537109375
0 0.8759765625 0.990234375 0.0498046875 0.0654296875
0 0.66015625 0.849609375 0.095703125 0.0419921875
0 0.4462890625 0.98046875 0.05078125 0.0546875
0 0.48046875 0.453125 0.07421875 0.0458984375
0 0.1796875 0.6025390625 0.072265625 0.048828125
0 0.78125 0.4814453125 0.046875 0.083984375
0 0.6943359375 0.8125 0.095703125 0.04296875
0 0.7412109375 0.990234375 0.041015625 0.0693359375
0 0.8671875 0.13671875 0.0458984375 0.048828125
0 0.060546875 0.2197265625 0.052734375 0.037109375
0 0.7705078125 0.3974609375 0.0517578125 0.087890625
0 0.4208984375 0.3916015625 0.0869140625 0.064453125
0 0.6171875 0.216796875 0.0556640625 0.076171875
0 0.505859375 0.515625 0.0615234375 0.0439453125
0 0.5927734375 0.6220703125 0.048828125 0.046875
0 0.2998046875 1.0 0.0380859375 0.0322265625
0 0.6904296875 0.1474609375 0.04296875 0.0625
0 0.33984375 0.3916015625 0.033203125 0.04296875
0 0.3505859375 0.8369140625 0.0498046875 0.03515625
0 0.92578125 0.4658203125 0.0478515625 0.0634765625
0 0.828125 0.4951171875 0.076171875 0.0537109375
0 0.658203125 0.8955078125 0.0791015625 0.0458984375
0 0.41796875 0.4453125 0.044921875 0.048828125
0 0.837890625 0.9794921875 0.03125 0.0830078125
0 0.79296875 0.970703125 0.0634765625 0.041015625
0 1.0 0.453125 0.0283203125 0.0439453125
0 0.490234375 0.427734375 0.0595703125 0.0390625
0 0.1884765625 1.0 0.0458984375 0.01953125
0 0.60546875 0.5771484375 0.0849609375 0.0537109375
0 0.1591796875 0.4970703125 0.0576171875 0.0576171875
