0 0.4072265625 0.498046875 0.0654296875 0.095703125
0 0.8662109375 0.107421875 0.0595703125 0.099609375
0 0.0322265625 0.1376953125 0.0322265625 0.13671875
0 0.5751953125 0.84375 0.1103515625 0.0771484375
0 0.1025390625 0.376953125 0.1025390625 0.06640625
0 1.0 0.470703125 0.076171875 0.0859375
0 0.0244140625 0.7529296875 0.0244140625 0.0439453125
0 0.4951171875 0.130859375 0.1572265625 0.0693359375
0 0.2763671875 0.13671875 0.1142578125 0.0703125
0 0.5185546875 0.7021484375 0.162109375 0.0615234375
0 0.50390625 0.07421875 0.103515625 0.0537109375
0 0.224609375 0.455078125 0.1279296875 0.1298828125
0 0.251953125 0.0810546875 0.0908203125 0.0810546875
0 0.9931640625 0.279296875 0.0673828125 0.0888671875
0 0.9970703125 0.3193359375 0.0791015625 0.0625
0 0.5712890625 0.72265625 0.0693359375 0.1337890625
0 0.18359375 0.580078125 0.1474609375 0.0556640625
0 0.84765625 0.4951171875 0.11328125 0.1416015625
0 0.0927734375 0.953125 0.0927734375 0.087890625
0 0.1728515625 0.48046875 0.154296875 0.0380859375
0 0.376953125 0.39453125 0.1611328125 0.10546875
0 0.474609375 0.8125 0.189453125 0.0810546875
0 0.994140625 0.388671875 0.05078125 0.0625
0 0.08984375 0.3212890625 0.0849609375 0.12890625
0 0.5244140625 0.5 0.0703125 0.046875
0 0.80078125 0.052734375 0.1181640625 0.052734375
0 0.970703125 0.8271484375 0.05078125 0.1025390625
0 0.1865234375 0.6484375 0.0673828125 0.044921875
0 0.01171875 0.453125 0.01171875 0.0283203125
0 0.515625 0.68359375 0.134765625 0.1025390625
0 0.203125 0.0732421875 0.1220703125 0.0732421875
0 0.20703125 0.482421875 0.1103515625 0.1298828125
0 0.068359375 0.3125 0.060546875 0.103515625
0 0.275390625 0.61875 0.091796875 0.0302734375
0 0.9072265625 0.419921875 0.0703125 0.0390625
0 0.9130859375 0.4384765625 0.0712890625 0.046875
0 0.09375 0.337890625 0.083984375 0.05078125
0 0.81640625 0.41015625 0.1875 0.146484375
0 0.7900390625 0.595703125 0.06640625 0.04296875
0 0.970703125 0.716796875 0.0615234375 0.0458984375
0 0.796875 0.2236328125 0.05859375 0.0400390625
0 1.0 0.583984375 0.03515625 0.0654296875
0 0.623046875 0.1728515625 0.0849609375 0.0498046875
0 0.72265625 0.3681640625 0.1328125 0.1455078125
