0 0.08203125 0.4091796875 0.08203125 0.2373046875
0 0.2099609375 0.787109375 0.162109375 0.2421875
0 0.384765625 0.3349609375 0.150390625 0.23046875
0 0.357421875 1.0 0.1279296875 0.2275390625
0 0.279296875 0.453125 0.126953125 0.171875
0 0.9599609375 0.4521484375 0.1630859375 0.205078125
0 0.9619140625 0.615234375 0.1025390625 0.1376953125
0 0.814453125 0.841796875 0.0927734375 0.134765625
0 0.5048828125 0.994140625 0.10546875 0.1494140625
0 0.794921875 1.0 0.177734375 0.150390625
0 0.90234375 0.921875 0.1025390625 0.14453125
0 0.904296875 0.4619140625 0.177734375 0.142578125
0 0.439453125 1.0 0.0625 0.09765625
0 0.4599609375 0.8369140625 0.091796875 0.0849609375
0 0.244140625 0.732421875 0.0498046875 0.17578125
