0 0.0849609375 0.734375 0.0576171875 0.09765625
0 0.3505859375 0.9970703125 0.064453125 0.087890625
0 0.0380859375 0.3447265625 0.0380859375 0.0654296875
0 0.1630859375 0.6953125 0.0556640625 0.078125
0 0.5244140625 0.2978515625 0.0693359375 0.0712890625
0 0.048828125 0.0634765625 0.048828125 0.0634765625
0 0.5751953125 0.6044921875 0.107421875 0.05859375
0 0.056640625 0.8076171875 0.056640625 0.0732421875
0 0.3037109375 0.55859375 0.0859375 0.0537109375
0 0.783203125 0.5205078125 0.0673828125 0.0625
0 0.45703125 0.53515625 0.03125 0.1064453125
0 0.533203125 0.4248046875 0.0751953125 0.0869140625
0 0.08984375 0.146484375 0.08984375 0.0625
0 0.4306640625 0.365234375 0.0634765625 0.080078125
0 0.0966796875 0.431640625 0.0625 0.068359375
0 0.72265625 0.7431640625 0.048828125 0.0732421875
0 0.7392578125 0.390625 0.0908203125 0.046875
0 0.1396484375 0.4169921875 0.0498046875 0.0576171875
0 0.8505859375 0.775390625 0.04296875 0.0654296875
0 0.42578125 0.509765625 0.0703125 0.0517578125
0 0.4130859375 0.30859375 0.0517578125 0.1015625
0 0.4892578125 0.1357421875 0.0458984375 0.064453125
0 0.0263671875 0.4638671875 0.0263671875 0.0283203125
0 0.447265625 0.681640625 0.05859375 0.0546875
0 0.7275390625 0.9365234375 0.1240234375 0.0546875
0 0.0888671875 0.861328125 0.0625 0.0390625
0 0.1767578125 0.0517578125 0.0712890625 0.0517578125
0 0.4248046875 0.447265625 0.0634765625 0.05859375
0 0.4248046875 0.7978515625 0.0244140625 0.056640625
0 0.396484375 0.7255859375 0.0537109375 0.05859375
0 0.658203125 0.47265625 0.0625 0.0302734375
0 0.927734375 0.146484375 0.02734375 0.056640625
0 1.0 0.404296875 0.052734375 0.03515625
0 0.3251953125 0.8515625 0.09423828125 0.04091796874999998
0 0.08203125 0.0283203125 0.06640625 0.0283203125
0 0.4384765625 0.66015625 0.0439453125 0.0595703125
0 0.447265625 0.5478515625 0.083984375 0.041015625
0 0.642578125 0.5087890625 0.0546875 0.0625
0 0.0126953125 0.1435546875 0.0126953125 0.0400390625
0 0.5634765625 0.18359375 0.078125 0.0419921875
0 0.4541015625 0.716796875 0.0712890625 0.0556640625
0 0.4453125 0.361328125 0.060546875 0.072265625
0 0.1044921875 0.892578125 0.0927734375 0.037109375
0 0.263671875 0.8623046875 0.0712890625 0.0341796875
0 0.7265625 0.4130859375 0.05859375 0.0595703125
0 0.6767578125 0.91015625 0.0673828125 0.0625
0 0.16796875 0.9150390625 0.072265625 0.0498046875
0 0.9814453125 0.08203125 0.05859375 0.052734375
0 0.41796875 0.095703125 0.0419921875 0.060546875
0 0.3974609375 0.0634765625 0.0751953125 0.0625
0 0.9765625 0.4345703125 0.0537109375 0.056640625
