0 0.0830078125 0.0380859375 0.0810546875 0.0380859375
0 0.1337890625 0.134765625 0.0849609375 0.080078125
0 0.2646484375 0.158203125 0.109375 0.1494140625
0 0.2939453125 0.015625 0.095703125 0.015625
0 0.078125 0.462890625 0.078125 0.1279296875
0 0.0537109375 0.8232421875 0.0537109375 0.10546875
0 0.1201171875 0.7626953125 0.0458984375 0.064453125
0 0.1201171875 0.6337890625 0.076171875 0.1181640625
0 0.0849609375 0.5400390625 0.0849609375 0.0849609375
0 0.4775390625 0.5166015625 0.201171875 0.0830078125
0 0.2822265625 0.7333984375 0.140625 0.1005859375
0 0.21875 0.85546875 0.0986328125 0.07421875
0 0.203125 0.99609375 0.0693359375 0.103515625
0 0.1279296875 0.970703125 0.0654296875 0.0849609375
0 0.4794921875 0.958984375 0.1416015625 0.0791015625
0 0.484375 1.0 0.0556640625 0.0556640625
0 0.771484375 0.98046875 0.1787109375 0.1279296875
0 0.5205078125 0.7509765625 0.09765625 0.0751953125
0 0.39453125 0.69140625 0.07421875 0.1103515625
0 0.44140625 0.60546875 0.1025390625 0.0693359375
0 0.3486328125 0.3505859375 0.064453125 0.068359375
0 0.4033203125 0.42578125 0.0947265625 0.060546875
0 0.53125 0.4228515625 0.0908203125 0.12890625
0 0.5830078125 0.3798828125 0.0556640625 0.064453125
0 0.65234375 0.41796875 0.0458984375 0.0517578125
0 0.6689453125 0.369140625 0.0634765625 0.05859375
0 0.7958984375 0.369140625 0.078125 0.056640625
0 0.7763671875 0.4912109375 0.0947265625 0.1201171875
0 0.720703125 0.53515625 0.0947265625 0.0888671875
0 0.7060546875 0.62890625 0.09375 0.0947265625
0 0.662109375 0.302734375 0.083984375 0.0751953125
0 0.6396484375 0.2236328125 0.1015625 0.087890625
0 0.53125 0.23046875 0.1005859375 0.146484375
0 0.873046875 0.6171875 0.091796875 0.1220703125
0 0.9833984375 0.65625 0.0703125 0.10546875
0 0.939453125 0.8447265625 0.111328125 0.08984375
0 1.0 0.703125 0.0322265625 0.140625
0 1.0 0.5341796875 0.048828125 0.0595703125
0 0.97265625 0.0810546875 0.0908203125 0.0810546875
0 0.7734375 0.0458984375 0.0810546875 0.0458984375
0 0.5927734375 0.4443359375 0.052734375 0.04296875
0 0.1396484375 0.689453125 0.0693359375 0.12109375
