0 0.806640625 0.111328125 0.0693359375 0.111328125
0 0.69921875 0.0791015625 0.107421875 0.0732421875
0 0.75390625 0.3056640625 0.0693359375 0.1064453125
0 0.8779296875 0.3271484375 0.0869140625 0.0830078125
0 1.0 0.48828125 0.078125 0.09765625
0 0.6708984375 0.3388671875 0.0810546875 0.0849609375
0 0.62109375 0.232421875 0.0810546875 0.11328125
0 0.5400390625 0.294921875 0.076171875 0.119140625
0 0.4306640625 0.189453125 0.0625 0.1083984375
0 0.47265625 0.0517578125 0.060546875 0.0517578125
0 0.1591796875 0.1376953125 0.1005859375 0.1357421875
0 0.2841796875 0.1640625 0.0947265625 0.126953125
0 0.375 0.1640625 0.091796875 0.1435546875
0 0.3681640625 0.306640625 0.0654296875 0.0947265625
0 0.3828125 0.404296875 0.068359375 0.06640625
0 0.3466796875 0.43359375 0.087890625 0.0703125
0 0.080078125 0.3720703125 0.080078125 0.0517578125
0 0.6865234375 0.583984375 0.06640625 0.1015625
0 0.669921875 0.646484375 0.0712890625 0.052734375
0 0.4677734375 0.630859375 0.1650390625 0.1044921875
0 0.427734375 0.6669921875 0.1025390625 0.06640625
0 0.6416015625 0.7412109375 0.0703125 0.05859375
0 0.787109375 0.810546875 0.0869140625 0.0595703125
0 0.7255859375 0.87109375 0.095703125 0.0966796875
0 0.6318359375 0.865234375 0.1025390625 0.1025390625
0 0.591796875 0.9033203125 0.1005859375 0.0595703125
0 0.2373046875 0.78125 0.078125 0.06640625
0 0.15234375 0.69921875 0.083984375 0.076171875
0 0.0771484375 0.83984375 0.0546875 0.078125
0 0.109375 0.8681640625 0.0615234375 0.0771484375
0 0.1650390625 0.9482421875 0.0810546875 0.087890625
0 0.1142578125 1.0 0.0810546875 0.044921875
0 0.25 1.0 0.08984375 0.109375
0 0.408203125 1.0 0.0771484375 0.08203125
0 0.3759765625 0.904296875 0.0654296875 0.0751953125
0 0.9130859375 0.947265625 0.1025390625 0.0537109375
0 1.0 0.734375 0.1142578125 0.087890625
0 1.0 0.75 0.078125 0.0986328125
