0 0.34765625 0.03125 0.1015625 0.03125
0 0.970703125 0.5693359375 0.119140625 0.078125
0 0.41015625 0.6962890625 0.1455078125 0.1396484375
0 0.4853515625 0.8359375 0.1103515625 0.1083984375
0 0.80859375 0.7734375 0.0830078125 0.111328125
0 0.0517578125 0.7060546875 0.0517578125 0.1220703125
0 1.0 0.177734375 0.1142578125 0.091796875
0 0.5166015625 0.45703125 0.0810546875 0.0986328125
0 0.1171875 0.97265625 0.1171875 0.1103515625
0 0.8330078125 0.9384765625 0.1064453125 0.1298828125
0 0.412109375 0.431640625 0.0576171875 0.1396484375
0 0.1435546875 0.498046875 0.095703125 0.1015625
0 0.037109375 0.4423828125 0.037109375 0.1005859375
0 0.1416015625 0.283203125 0.0791015625 0.0888671875
0 0.1904296875 0.6279296875 0.064453125 0.07421875
0 0.119140625 0.63671875 0.06640625 0.0625
0 0.1767578125 0.759765625 0.0751953125 0.0693359375
0 0.5517578125 0.6630859375 0.0703125 0.0703125
0 0.7578125 0.4384765625 0.0654296875 0.0615234375
0 0.37890625 1.0 0.0634765625 0.08203125
0 0.4833984375 0.99609375 0.0849609375 0.0908203125
0 0.51953125 0.912109375 0.0673828125 0.08984375
0 0.958984375 0.6669921875 0.0888671875 0.0751953125
0 1.0 0.740234375 0.0615234375 0.0634765625
0 0.560546875 0.125 0.072265625 0.06640625
0 0.662109375 0.1201171875 0.068359375 0.1171875
0 0.5751953125 0.0537109375 0.0634765625 0.0537109375
0 0.7509765625 0.1123046875 0.0732421875 0.1123046875
0 0.8828125 0.1064453125 0.1103515625 0.07421875
0 0.8447265625 0.2841796875 0.08203125 0.072265625
0 1.0 0.2783203125 0.1572265625 0.142578125
0 1.0 1.0 0.01171875 0.0537109375
0 1.0 0.0947265625 0.0732421875 0.0419921875
0 0.8408203125 0.8056640625 0.0859375 0.130859375
