0 0.05078125 0.7255859375 0.05078125 0.0859375
0 0.125 0.958984375 0.1181640625 0.087890625
0 0.0810546875 1.0 0.0810546875 0.015625
0 0.078125 0.2685546875 0.078125 0.0732421875
0 0.0673828125 0.1298828125 0.0634765625 0.0693359375
0 0.1513671875 0.080078125 0.130859375 0.080078125
0 0.2880859375 0.0537109375 0.0634765625 0.0537109375
0 0.265625 0.1728515625 0.08984375 0.08203125
0 0.4189453125 0.1982421875 0.1328125 0.08984375
0 0.4912109375 0.166015625 0.08984375 0.103515625
0 0.4775390625 0.05859375 0.08984375 0.05859375
0 0.55078125 0.0888671875 0.080078125 0.0888671875
0 0.5859375 0.1494140625 0.0517578125 0.0732421875
0 0.677734375 0.1591796875 0.109375 0.109375
0 0.7783203125 0.1005859375 0.134765625 0.0595703125
0 0.33203125 0.326171875 0.1484375 0.0849609375
0 0.5068359375 0.3369140625 0.2119140625 0.1025390625
0 0.5712890625 0.2880859375 0.080078125 0.06640625
0 0.521484375 0.388671875 0.0830078125 0.087890625
0 0.388671875 0.4765625 0.10546875 0.12109375
0 0.7080078125 0.3203125 0.091796875 0.0673828125
0 0.7802734375 0.35546875 0.072265625 0.0810546875
0 0.802734375 0.2587890625 0.083984375 0.0673828125
0 0.853515625 0.2255859375 0.0595703125 0.1162109375
0 0.8857421875 0.23046875 0.0556640625 0.068359375
0 0.796875 0.5673828125 0.123046875 0.1640625
0 0.73046875 0.6767578125 0.060546875 0.06640625
0 0.3876953125 0.681640625 0.0791015625 0.09375
0 0.27734375 0.7587890625 0.095703125 0.0966796875
0 0.2841796875 0.9150390625 0.09375 0.087890625
0 0.537109375 0.9384765625 0.1142578125 0.0693359375
0 0.556640625 0.85546875 0.16796875 0.0966796875
0 0.4384765625 0.783203125 0.1533203125 0.0712890625
0 0.625 0.8251953125 0.064453125 0.0546875
0 0.65234375 0.921875 0.0751953125 0.0595703125
0 0.76171875 0.970703125 0.095703125 0.1064453125
0 0.798828125 0.8212890625 0.1318359375 0.08984375
0 0.9326171875 0.794921875 0.1103515625 0.095703125
0 0.9189453125 0.8271484375 0.095703125 0.0556640625
0 0.947265625 0.9453125 0.1201171875 0.0986328125
0 0.603515625 1.0 0.091796875 0.064453125
0 1.0 0.6796875 0.080078125 0.15625
0 1.0 0.7294921875 0.0556640625 0.0517578125
0 1.0 0.283203125 0.0712890625 0.068359375
0 1.0 0.1416015625 0.07421875 0.0654296875
0 0.98828125 0.1884765625 0.0830078125 0.0693359375
0 0.09765625 0.43359375 0.05078125 0.0498046875
0 0.2060546875 0.25 0.0732421875 0.09375
0 0.3896484375 0.927734375 0.0751953125 0.05859375
