0 0.09375 0.2666015625 0.09375 0.0947265625
0 0.12109375 0.1435546875 0.0888671875 0.0810546875
0 0.275390625 0.2822265625 0.0859375 0.177734375
0 0.4208984375 0.111328125 0.1865234375 0.080078125
0 0.0712890625 0.8212890625 0.0712890625 0.1044921875
0 0.2509765625 0.857421875 0.0810546875 0.0693359375
0 0.14453125 1.0 0.0458984375 0.0498046875
0 0.369140625 0.994140625 0.1162109375 0.08203125
0 0.4482421875 0.8818359375 0.14453125 0.15234375
0 0.1123046875 0.6337890625 0.1123046875 0.09375
0 0.2109375 0.392578125 0.0673828125 0.048828125
0 0.306640625 0.6552734375 0.0654296875 0.212890625
0 0.51171875 0.634765625 0.09765625 0.115234375
0 0.5703125 0.5009765625 0.0888671875 0.0439453125
0 0.689453125 0.3798828125 0.1162109375 0.076171875
0 0.775390625 0.7646484375 0.1025390625 0.162109375
0 0.7861328125 0.8818359375 0.1220703125 0.158203125
0 0.7587890625 1.0 0.0703125 0.125
0 0.96484375 0.6484375 0.10546875 0.10546875
0 0.9306640625 0.8212890625 0.095703125 0.099609375
0 0.875 0.9814453125 0.1220703125 0.099609375
0 1.0 0.55078125 0.12890625 0.1591796875
0 1.0 0.439453125 0.013671875 0.06640625
0 0.8125 0.341796875 0.080078125 0.0595703125
0 0.6328125 1.0 0.0908203125 0.0625
0 0.5087890625 1.0 0.0625 0.0498046875
