0 0.583984375 0.6005859375 0.0712890625 0.107421875
0 0.5341796875 0.7216796875 0.0673828125 0.064453125
0 0.1533203125 0.408203125 0.1201171875 0.0634765625
0 0.5341796875 0.853515625 0.0869140625 0.103515625
0 0.7802734375 0.4345703125 0.080078125 0.083984375
0 0.314453125 0.8203125 0.150390625 0.1591796875
0 0.2451171875 0.6787109375 0.1103515625 0.083984375
0 0.70703125 0.673828125 0.0703125 0.119140625
0 0.001953125 0.314453125 0.001953125 0.1171875
0 0.3662109375 0.9677734375 0.166015625 0.123046875
0 0.1787109375 0.4853515625 0.1240234375 0.0908203125
0 0.3486328125 0.34765625 0.1181640625 0.078125
0 0.3994140625 0.0771484375 0.0869140625 0.0771484375
0 0.4912109375 0.3408203125 0.1201171875 0.1005859375
0 0.78125 0.142578125 0.087890625 0.142578125
0 0.9794921875 1.0 0.0986328125 0.0302734375
0 0.7421875 0.9853515625 0.0859375 0.0615234375
0 0.5595703125 0.939453125 0.080078125 0.0634765625
0 1.0 0.8447265625 0.0546875 0.0927734375
0 0.7724609375 0.4912109375 0.0888671875 0.0771484375
0 0.423828125 0.1728515625 0.0595703125 0.068359375
0 0.4677734375 0.3857421875 0.0859375 0.1044921875
0 0.4189453125 0.9248046875 0.115234375 0.05859375
0 0.1220703125 0.6416015625 0.064453125 0.0595703125
0 0.064453125 0.6142578125 0.0537109375 0.072265625
