0 0.47265625 0.212890625 0.146484375 0.205078125
0 0.5498046875 0.3486328125 0.1484375 0.2236328125
0 0.8828125 0.3271484375 0.09375 0.083984375
0 0.6005859375 0.9521484375 0.1044921875 0.1103515625
0 0.6171875 0.72265625 0.1640625 0.0703125
0 0.7255859375 0.5771484375 0.1533203125 0.087890625
0 0.263671875 0.19921875 0.193359375 0.095703125
0 0.3564453125 0.4326171875 0.1435546875 0.107421875
0 0.3037109375 0.1396484375 0.1953125 0.13671875
0 0.251953125 0.896484375 0.095703125 0.08203125
0 0.19140625 0.3193359375 0.0927734375 0.15234375
0 0.4130859375 0.9814453125 0.171875 0.0810546875
0 0.177734375 0.86328125 0.177734375 0.072265625
0 0.4951171875 0.3994140625 0.1728515625 0.15625
0 0.77734375 0.7353515625 0.1142578125 0.1025390625
0 0.787109375 0.9658203125 0.140625 0.17578125
0 1.0 0.955078125 0.1435546875 0.0869140625
0 0.4189453125 0.94140625 0.1611328125 0.0498046875
0 0.0859375 0.91796875 0.0859375 0.0927734375
0 0.474609375 0.78515625 0.1640625 0.068359375
0 0.4423828125 0.875 0.150390625 0.0771484375
0 0.0859375 0.1005859375 0.0859375 0.1005859375
0 0.8740234375 0.455078125 0.1962890625 0.1279296875
0 0.4765625 0.9169921875 0.08984375 0.0732421875
0 0.55859375 0.6875 0.1611328125 0.111328125
0 0.6064453125 0.6669921875 0.1376953125 0.0986328125
0 0.513671875 0.576171875 0.115234375 0.0693359375
0 0.5927734375 0.568359375 0.13671875 0.0791015625
0 0.572265625 0.490234375 0.1142578125 0.076171875
0 0.50390625 0.505859375 0.1220703125 0.103515625
0 0.439453125 0.5703125 0.099609375 0.08203125
0 0.15234375 0.5009765625 0.15234375 0.1005859375
0 0.115234375 0.662109375 0.1142578125 0.111328125
0 0.57421875 0.4404296875 0.0712890625 0.1123046875
