0 0.0810546875 0.7216796875 0.06640625 0.1064453125
0 0.1103515625 0.2685546875 0.0634765625 0.0732421875
0 0.083984375 0.103515625 0.0732421875 0.08984375
0 0.2587890625 0.10546875 0.0732421875 0.0966796875
0 0.3271484375 0.12890625 0.076171875 0.0830078125
0 0.3173828125 0.2548828125 0.072265625 0.060546875
0 0.3193359375 0.3662109375 0.078125 0.0810546875
0 0.2646484375 0.3955078125 0.0791015625 0.0625
0 0.494140625 0.390625 0.103515625 0.0927734375
0 0.44921875 0.5654296875 0.08203125 0.08984375
0 0.916015625 0.31640625 0.1259765625 0.0888671875
0 0.998046875 0.3623046875 0.0751953125 0.1044921875
0 0.81640625 0.5634765625 0.0888671875 0.0859375
0 0.68359375 0.8076171875 0.0703125 0.0888671875
0 0.3408203125 0.6279296875 0.083984375 0.080078125
0 0.0732421875 0.5087890625 0.052734375 0.0634765625
0 0.2734375 0.7568359375 0.0771484375 0.0966796875
0 0.2607421875 0.82421875 0.0888671875 0.06640625
0 0.3212890625 0.72265625 0.1005859375 0.09765625
0 0.421875 0.7529296875 0.06640625 0.0712890625
0 0.5869140625 0.8671875 0.083984375 0.064453125
0 0.53515625 0.9296875 0.0908203125 0.0771484375
0 0.4130859375 0.896484375 0.0703125 0.0654296875
0 0.421875 1.0 0.10546875 0.0673828125
0 0.2578125 0.958984375 0.0751953125 0.068359375
0 0.046875 0.9443359375 0.046875 0.0654296875
0 0.064453125 1.0 0.05078125 0.0341796875
0 0.2373046875 1.0 0.0595703125 0.0419921875
0 0.703125 0.41015625 0.06640625 0.064453125
0 0.94921875 0.7607421875 0.1015625 0.0810546875
0 0.4619140625 0.6796875 0.09375 0.1044921875
0 0.3828125 0.435546875 0.0810546875 0.0703125
