0 0.2822265625 0.8876953125 0.0908203125 0.2021484375
0 0.0859375 0.6142578125 0.0859375 0.1142578125
0 0.109375 0.5419921875 0.0693359375 0.0625
0 0.275390625 0.66796875 0.1005859375 0.1201171875
0 0.3369140625 0.7666015625 0.0966796875 0.146484375
0 0.54296875 0.806640625 0.2255859375 0.1298828125
0 0.4033203125 0.65625 0.0517578125 0.1005859375
0 0.5029296875 0.6748046875 0.0830078125 0.1171875
0 0.53515625 0.501953125 0.0732421875 0.134765625
0 0.6123046875 0.6123046875 0.0830078125 0.115234375
0 0.3779296875 0.4375 0.111328125 0.1005859375
0 0.2919921875 0.4736328125 0.091796875 0.263671875
0 0.4892578125 0.9580078125 0.1416015625 0.087890625
0 0.6171875 0.9521484375 0.099609375 0.072265625
0 0.7373046875 0.9873046875 0.130859375 0.111328125
0 0.8037109375 0.9921875 0.0830078125 0.1611328125
0 0.6923828125 0.8017578125 0.095703125 0.0859375
0 0.85546875 0.81640625 0.1787109375 0.1591796875
0 0.6943359375 0.7431640625 0.0537109375 0.111328125
0 0.828125 0.6806640625 0.109375 0.1103515625
0 0.892578125 0.5595703125 0.138671875 0.1376953125
0 0.7353515625 0.33203125 0.0947265625 0.134765625
0 0.2197265625 0.193359375 0.1328125 0.0634765625
0 0.4873046875 0.3056640625 0.1640625 0.3056640625
0 0.498046875 0.2451171875 0.037109375 0.0830078125
0 0.5810546875 0.296875 0.0751953125 0.2919921875
0 0.0263671875 0.595703125 0.0263671875 0.158203125
0 0.6875 0.197265625 0.083984375 0.197265625
0 0.7236328125 0.0830078125 0.0537109375 0.0830078125
0 0.9267578125 0.26171875 0.0830078125 0.119140625
0 0.9365234375 0.298828125 0.0712890625 0.099609375
0 0.224609375 0.115234375 0.068359375 0.115234375
0 1.0 0.5595703125 0.05078125 0.1533203125
0 0.9970703125 0.669921875 0.060546875 0.123046875
0 0.970703125 0.771484375 0.099609375 0.1298828125
0 0.9443359375 0.8564453125 0.078125 0.0791015625
0 0.3193359375 0.8720703125 0.080078125 0.0771484375
0 0.458984375 0.7021484375 0.0732421875 0.1064453125
0 0.6162109375 0.08203125 0.0673828125 0.08203125
0 0.5078125 0.353515625 0.06640625 0.126953125
0 0.4541015625 0.353515625 0.0693359375 0.083984375
0 0.587890625 0.5390625 0.0712890625 0.072265625
0 0.6962890625 0.4228515625 0.125 0.0986328125
0 0.537109375 0.3095703125 0.0537109375 0.052734375
0 0.5546875 0.4345703125 0.1240234375 0.1591796875
0 0.6806640625 0.4052734375 0.1796875 0.25390625
0 0.1669921875 0.4755859375 0.0498046875 0.09375
0 0.2109375 0.556640625 0.1220703125 0.1806640625
0 0.77734375 1.0 0.080078125 0.158203125
0 0.7451171875 0.8994140625 0.0498046875 0.0712890625
