0 0.015625 0.9853515625 0.015625 0.06640625
0 0.162109375 0.7255859375 0.078125 0.0703125
0 0.1982421875 0.5947265625 0.1103515625 0.08203125
0 0.3173828125 1.0 0.2353515625 0.0595703125
0 0.39453125 0.9248046875 0.07421875 0.0634765625
0 0.4541015625 0.7978515625 0.072265625 0.0576171875
0 0.6025390625 0.8779296875 0.0888671875 0.078125
0 0.48046875 0.92578125 0.0751953125 0.05078125
0 0.5361328125 1.0 0.0849609375 0.0654296875
0 0.7421875 0.94921875 0.107421875 0.0908203125
0 0.82421875 0.677734375 0.0986328125 0.1279296875
0 0.9482421875 0.671875 0.1044921875 0.1064453125
0 1.0 0.71875 0.0771484375 0.09375
0 0.908203125 0.5654296875 0.0615234375 0.08984375
0 0.5068359375 0.59765625 0.0849609375 0.1015625
0 0.5419921875 0.693359375 0.1376953125 0.099609375
0 0.5654296875 0.48046875 0.0654296875 0.091796875
0 0.1982421875 0.47265625 0.126953125 0.078125
0 0.158203125 0.482421875 0.099609375 0.0625
0 0.279296875 0.427734375 0.1689453125 0.0703125
0 0.30078125 0.306640625 0.083984375 0.0693359375
0 0.4072265625 0.2978515625 0.1064453125 0.0810546875
0 0.068359375 0.0888671875 0.068359375 0.0693359375
0 0.296875 0.037109375 0.2177734375 0.037109375
0 0.14453125 0.306640625 0.130859375 0.0927734375
0 0.2041015625 0.30078125 0.0595703125 0.0888671875
0 0.3505859375 0.1953125 0.1103515625 0.1044921875
0 0.64453125 0.19921875 0.1201171875 0.0703125
0 0.765625 0.201171875 0.078125 0.08984375
0 0.759765625 0.3115234375 0.1318359375 0.0810546875
0 0.998046875 0.3349609375 0.11328125 0.0791015625
0 0.8935546875 0.068359375 0.0703125 0.068359375
0 0.9873046875 0.09765625 0.080078125 0.0810546875
0 0.5595703125 0.0849609375 0.076171875 0.0849609375
0 0.681640625 0.0654296875 0.134765625 0.0654296875
0 0.3212890625 0.09375 0.05859375 0.0751953125
