0 0.9765625 0.875 0.0576171875 0.06640625
0 1.0 0.611328125 0.0732421875 0.103515625
0 0.8759765625 0.66796875 0.1181640625 0.087890625
0 0.9560546875 0.8173828125 0.1396484375 0.0673828125
0 0.8486328125 0.8857421875 0.0654296875 0.0654296875
0 0.7119140625 0.8564453125 0.0771484375 0.0751953125
0 0.818359375 0.927734375 0.060546875 0.052734375
0 0.8291015625 0.9951171875 0.083984375 0.0478515625
0 0.8095703125 0.5908203125 0.0751953125 0.0986328125
0 0.81640625 0.4970703125 0.1083984375 0.0634765625
0 0.697265625 0.4599609375 0.0546875 0.0595703125
0 0.65625 0.4130859375 0.064453125 0.0751953125
0 0.50390625 0.4853515625 0.0634765625 0.08203125
0 0.5419921875 0.5498046875 0.0693359375 0.0625
0 0.4814453125 0.673828125 0.0732421875 0.064453125
0 0.572265625 0.818359375 0.0693359375 0.0849609375
0 0.3564453125 0.8056640625 0.0732421875 0.0478515625
0 0.5224609375 0.857421875 0.0673828125 0.0654296875
0 0.564453125 0.904296875 0.072265625 0.0546875
0 0.6484375 0.89453125 0.068359375 0.0634765625
0 0.755859375 1.0 0.0634765625 0.052734375
0 0.3837890625 0.958984375 0.109375 0.076171875
0 0.265625 0.8564453125 0.1416015625 0.0615234375
0 0.2939453125 0.7705078125 0.11328125 0.08984375
0 0.845703125 0.1845703125 0.0654296875 0.0693359375
0 0.12109375 0.6533203125 0.0888671875 0.0654296875
0 0.064453125 0.7373046875 0.05859375 0.083984375
0 0.1572265625 0.7744140625 0.0859375 0.0498046875
0 0.1484375 0.5361328125 0.087890625 0.0556640625
0 0.3583984375 0.4765625 0.048828125 0.060546875
0 0.2265625 0.4619140625 0.0615234375 0.08203125
0 0.3291015625 0.5107421875 0.0966796875 0.0654296875
0 0.2451171875 0.357421875 0.08203125 0.0634765625
0 0.14453125 0.3486328125 0.0859375 0.0546875
0 0.171875 0.28515625 0.076171875 0.05859375
0 0.390625 0.28125 0.095703125 0.0703125
0 0.3564453125 0.30859375 0.0732421875 0.0546875
0 0.4345703125 0.20703125 0.0947265625 0.06640625
0 0.4521484375 0.14453125 0.072265625 0.08203125
0 0.595703125 0.25390625 0.125 0.13671875
0 0.6591796875 0.2626953125 0.0712890625 0.08203125
0 0.7109375 0.291015625 0.0625 0.091796875
0 0.7841796875 0.3056640625 0.07421875 0.080078125
0 0.7705078125 0.36328125 0.0693359375 0.0791015625
0 0.7685546875 0.177734375 0.0712890625 0.072265625
0 1.0 0.291015625 0.0341796875 0.060546875
0 0.16796875 0.076171875 0.134765625 0.076171875
0 0.1064453125 0.1533203125 0.1064453125 0.12109375
0 0.1630859375 0.2177734375 0.068359375 0.060546875
0 0.279296875 0.3505859375 0.0625 0.083984375
0 0.2783203125 0.513671875 0.060546875 0.0419921875
0 0.3720703125 0.8642578125 0.068359375 0.0556640625
0 0.564453125 0.986328125 0.044921875 0.0517578125
0 0.7119140625 0.919921875 0.0751953125 0.046875
0 0.548828125 0.0771484375 0.0615234375 0.0712890625
0 0.583984375 0.087890625 0.0478515625 0.0517578125
0 0.12109375 1.0 0.080078125 0.0380859375
