0 0.134765625 0.90234375 0.078125 0.0859375
0 0.896484375 0.4609375 0.103515625 0.0517578125
0 0.845703125 0.7919921875 0.0595703125 0.0693359375
0 0.3037109375 0.0732421875 0.0654296875 0.072265625
0 0.9609375 0.3818359375 0.146484375 0.0546875
0 0.9150390625 0.775390625 0.0673828125 0.091796875
0 0.876953125 0.248046875 0.0947265625 0.060546875
0 0.5693359375 0.0625 0.048828125 0.0625
0 0.435546875 0.72265625 0.0732421875 0.0673828125
0 1.0 0.5888671875 0.05078125 0.0615234375
0 0.4619140625 0.1689453125 0.0478515625 0.083984375
0 0.21875 0.7138671875 0.0927734375 0.0810546875
0 0.5126953125 0.345703125 0.1572265625 0.08203125
0 0.2666015625 0.5419921875 0.0947265625 0.0439453125
0 0.2119140625 0.1083984375 0.15234375 0.068359375
0 0.123046875 0.75390625 0.123046875 0.0634765625
0 0.447265625 0.9931640625 0.1279296875 0.1328125
0 0.8125 0.0927734375 0.0419921875 0.0732421875
0 0.6796875 0.1025390625 0.1044921875 0.0380859375
0 0.5126953125 0.5771484375 0.0947265625 0.08203125
0 0.4970703125 0.060546875 0.046875 0.060546875
0 0.3740234375 1.0 0.0693359375 0.044921875
0 0.3486328125 0.8359375 0.1103515625 0.0517578125
0 0.5673828125 0.9912109375 0.0693359375 0.099609375
0 0.2822265625 0.8662109375 0.11328125 0.04296875
0 0.958984375 0.4365234375 0.083984375 0.154296875
0 0.6240234375 0.4345703125 0.1015625 0.0732421875
0 0.7578125 0.13671875 0.107421875 0.0419921875
0 0.998046875 0.888671875 0.0634765625 0.0419921875
0 0.6298828125 0.4521484375 0.095703125 0.0732421875
0 0.6123046875 0.3525390625 0.0546875 0.0615234375
0 0.3681640625 0.666015625 0.12109375 0.060546875
0 0.81640625 0.0263671875 0.041015625 0.0263671875
0 0.4765625 0.6103515625 0.0947265625 0.0341796875
0 0.5205078125 0.197265625 0.06640625 0.0556640625
0 0.697265625 0.38671875 0.0986328125 0.0478515625
0 0.3818359375 0.244140625 0.0966796875 0.0546875
0 0.060546875 0.42578125 0.060546875 0.0771484375
0 0.6162109375 0.9560546875 0.056640625 0.0498046875
0 0.998046875 0.7177734375 0.056640625 0.0537109375
0 0.158203125 0.4931640625 0.158203125 0.0595703125
0 0.970703125 0.8798828125 0.1103515625 0.04296875
0 1.0 0.4296875 0.048828125 0.0458984375
0 0.5009765625 0.826171875 0.16015625 0.0498046875
0 0.484375 1.0 0.0712890625 0.0302734375
0 0.5166015625 0.8642578125 0.0693359375 0.0400390625
0 0.0322265625 0.501953125 0.0322265625 0.0341796875
0 0.861328125 0.46484375 0.0595703125 0.0849609375
0 0.0771484375 0.4462890625 0.0771484375 0.041015625
0 0.05078125 0.94921875 0.05078125 0.048828125
0 0.6806640625 0.828125 0.0595703125 0.0341796875
0 0.724609375 0.794921875 0.044921875 0.041015625
