0 0.5341796875 0.0810546875 0.1103515625 0.0751953125
0 0.4638671875 0.1748046875 0.0908203125 0.1181640625
0 0.5625 0.33984375 0.1279296875 0.140625
0 0.4521484375 0.3818359375 0.126953125 0.0654296875
0 0.43359375 0.455078125 0.0625 0.10546875
0 0.4931640625 0.546875 0.0673828125 0.173828125
0 0.5390625 0.4423828125 0.08984375 0.1474609375
0 0.6025390625 0.4775390625 0.0771484375 0.1201171875
0 0.69921875 0.365234375 0.0634765625 0.095703125
0 0.7412109375 0.2578125 0.0810546875 0.0908203125
0 0.873046875 0.28515625 0.0751953125 0.07421875
0 0.916015625 0.169921875 0.0615234375 0.103515625
0 0.9873046875 0.05859375 0.0791015625 0.05859375
0 1.0 0.25390625 0.0595703125 0.1875
0 1.0 0.2998046875 0.0634765625 0.05078125
0 0.97265625 0.3466796875 0.076171875 0.0517578125
0 0.9853515625 0.462890625 0.0634765625 0.12109375
0 0.1162109375 0.2138671875 0.1103515625 0.076171875
0 0.279296875 0.1162109375 0.0615234375 0.0849609375
0 0.318359375 0.3359375 0.087890625 0.0712890625
0 0.2373046875 0.458984375 0.05859375 0.109375
0 0.0791015625 0.2919921875 0.076171875 0.087890625
0 0.1611328125 0.5732421875 0.1552734375 0.0556640625
0 0.28515625 0.65234375 0.1005859375 0.076171875
0 0.181640625 0.6748046875 0.1455078125 0.083984375
0 0.17578125 0.78125 0.0927734375 0.109375
0 0.365234375 0.740234375 0.0615234375 0.0830078125
0 0.224609375 0.9814453125 0.0859375 0.181640625
0 0.369140625 0.890625 0.107421875 0.0703125
0 0.37109375 0.818359375 0.0693359375 0.0595703125
0 0.4814453125 0.900390625 0.0732421875 0.1318359375
0 0.080078125 0.8388671875 0.0791015625 0.0654296875
0 0.076171875 0.9296875 0.076171875 0.07421875
0 0.580078125 0.9931640625 0.0810546875 0.1533203125
0 0.7001953125 1.0 0.09375 0.04296875
0 0.7509765625 0.9638671875 0.0869140625 0.1259765625
0 0.7392578125 0.8056640625 0.0634765625 0.05859375
0 0.84375 0.8857421875 0.07421875 0.0751953125
0 1.0 0.6279296875 0.048828125 0.08203125
0 1.0 0.7041015625 0.0478515625 0.0703125
0 1.0 0.7841796875 0.0546875 0.080078125
0 0.8779296875 0.6572265625 0.07421875 0.1279296875
0 0.845703125 0.5107421875 0.0615234375 0.0615234375
0 0.927734375 0.5400390625 0.06640625 0.154296875
0 0.8349609375 0.4296875 0.1357421875 0.140625
0 0.7705078125 0.505859375 0.08203125 0.1552734375
0 0.6201171875 0.64453125 0.1748046875 0.05078125
0 0.6064453125 0.77734375 0.1181640625 0.130859375
0 0.8095703125 0.96875 0.05859375 0.046875
0 0.6201171875 0.9775390625 0.0703125 0.09375
