0 0.53515625 0.833984375 0.0791015625 0.119140625
0 0.5927734375 1.0 0.09765625 0.064453125
0 0.728515625 0.48046875 0.0908203125 0.0966796875
0 0.146484375 0.34765625 0.0859375 0.1171875
0 0.93359375 0.7763671875 0.091796875 0.13671875
0 0.625 0.330078125 0.0703125 0.0576171875
0 0.115234375 0.12890625 0.0830078125 0.095703125
0 0.7861328125 0.0654296875 0.041015625 0.0654296875
0 0.578125 0.22265625 0.0947265625 0.1484375
0 0.9921875 0.80859375 0.04296875 0.0380859375
0 0.8583984375 0.1943359375 0.0751953125 0.111328125
0 0.53515625 0.6298828125 0.138671875 0.107421875
0 0.7158203125 0.267578125 0.046875 0.1357421875
0 0.986328125 0.7236328125 0.1015625 0.0595703125
0 0.3447265625 0.1875 0.0927734375 0.0634765625
0 0.3359375 0.77734375 0.109375 0.0771484375
0 0.939453125 0.5849609375 0.1015625 0.1064453125
0 0.9541015625 0.51171875 0.0849609375 0.087890625
0 0.56640625 0.2314453125 0.1162109375 0.0537109375
0 0.65234375 0.8486328125 0.1103515625 0.080078125
0 0.2607421875 0.236328125 0.0986328125 0.0625
0 0.7509765625 0.6591796875 0.078125 0.0615234375
0 0.884765625 0.8994140625 0.06640625 0.05078125
0 0.8427734375 0.2626953125 0.1259765625 0.09765625
0 0.31640625 0.5966796875 0.1279296875 0.09765625
0 0.8505859375 0.3427734375 0.0751953125 0.0751953125
0 0.900390625 0.0537109375 0.078125 0.052734375
0 0.2060546875 0.71484375 0.0693359375 0.0478515625
0 0.47265625 0.7822265625 0.1279296875 0.0869140625
0 0.80078125 0.5078125 0.076171875 0.087890625
0 0.6796875 0.6435546875 0.11328125 0.0849609375
0 0.3291015625 0.8115234375 0.078125 0.0732421875
0 0.4765625 0.9326171875 0.0869140625 0.03515625
0 0.689453125 0.833984375 0.1005859375 0.08203125
0 0.2451171875 0.69140625 0.060546875 0.0908203125
0 0.1142578125 0.3544921875 0.0908203125 0.0615234375
0 0.5732421875 0.537109375 0.0986328125 0.146484375
0 0.927734375 0.7802734375 0.0712890625 0.0361328125
0 0.8779296875 0.8583984375 0.080078125 0.05078125
0 0.28515625 0.3642578125 0.1025390625 0.044921875
0 0.2060546875 0.9892578125 0.103515625 0.0615234375
0 0.3271484375 0.9189453125 0.185546875 0.04296875
0 0.7890625 0.8974609375 0.0546875 0.0703125
0 0.873046875 0.9453125 0.0615234375 0.0234375
0 0.1669921875 0.169921875 0.1669921875 0.044921875
0 0.2626953125 0.3076171875 0.072265625 0.0908203125
0 0.2587890625 0.6279296875 0.17578125 0.0693359375
0 0.556640625 0.865234375 0.080078125 0.0419921875
0 0.4072265625 0.6484375 0.115234375 0.07421875
0 0.78515625 0.5166015625 0.07421875 0.0361328125
0 0.8916015625 0.64453125 0.1748046875 0.041015625
0 0.1103515625 0.9365234375 0.0830078125 0.0322265625
0 0.0556640625 0.296875 0.0546875 0.0390625
0 0.41796875 0.9814453125 0.1181640625 0.0556640625
0 0.1552734375 0.9189453125 0.1357421875 0.056640625
0 0.849609375 0.2197265625 0.16015625 0.12109375
0 0.8876953125 0.9296875 0.1015625 0.0419921875
0 0.5849609375 0.908203125 0.1220703125 0.064453125
0 0.2939453125 0.7216796875 0.05859375 0.07421875
0 1.0 0.986328125 0.0693359375 0.0478515625
0 1.0 0.939453125 0.09765625 0.052734375
0 0.9970703125 0.7890625 0.046875 0.0673828125
0 0.716796875 0.609375 0.064453125 0.041015625
