0 0.369140625 0.4521484375 0.1298828125 0.1279296875
0 0.9423828125 0.923828125 0.125 0.12890625
0 0.51953125 0.9931640625 0.125 0.1171875
0 0.58203125 0.44921875 0.1103515625 0.1298828125
0 0.744140625 0.7216796875 0.16015625 0.2744140625
0 0.375 0.798828125 0.15234375 0.1396484375
0 0.6533203125 0.2060546875 0.1494140625 0.1630859375
0 0.9873046875 0.8095703125 0.087890625 0.0703125
0 0.880859375 0.421875 0.1552734375 0.1875
0 0.7666015625 0.158203125 0.08984375 0.0927734375
0 0.123046875 1.0 0.123046875 0.16015625
0 0.875 0.2041015625 0.0908203125 0.099609375
0 0.10546875 0.0546875 0.0791015625 0.0546875
0 0.5771484375 0.08984375 0.1005859375 0.087890625
