0 0.837890625 0.123046875 0.0673828125 0.0966796875
0 0.8125 0.3251953125 0.0556640625 0.0927734375
0 0.53515625 0.2919921875 0.0654296875 0.0830078125
0 1.0 0.2861328125 0.048828125 0.0888671875
0 0.041015625 0.1728515625 0.041015625 0.095703125
0 0.9111328125 0.505859375 0.0712890625 0.083984375
0 0.1552734375 0.50390625 0.0849609375 0.046875
0 0.2861328125 0.998046875 0.0625 0.05078125
0 0.6630859375 0.4599609375 0.0673828125 0.0615234375
0 0.125 0.177734375 0.05859375 0.0732421875
0 0.0888671875 0.5302734375 0.0888671875 0.068359375
0 0.767578125 0.84765625 0.068359375 0.0498046875
0 0.3447265625 0.7685546875 0.0546875 0.06640625
0 0.8544921875 0.4130859375 0.076171875 0.0439453125
0 0.37109375 0.4248046875 0.0634765625 0.0478515625
0 0.859375 0.861328125 0.0693359375 0.0615234375
0 0.607421875 0.81640625 0.0693359375 0.056640625
0 0.470703125 0.9697265625 0.078125 0.05859375
0 0.3447265625 0.283203125 0.076171875 0.037109375
0 0.150390625 0.400390625 0.150390625 0.0771484375
0 0.6572265625 0.810546875 0.056640625 0.0546875
0 0.37109375 0.552734375 0.0712890625 0.0400390625
0 0.732421875 0.537109375 0.0810546875 0.0390625
0 0.833984375 0.6923828125 0.052734375 0.03515625
0 0.279296875 0.5966796875 0.052734375 0.0546875
0 0.9580078125 0.9638671875 0.052734375 0.0576171875
0 0.6982421875 1.0 0.0439453125 0.0791015625
0 0.2021484375 0.4169921875 0.0556640625 0.0478515625
0 0.1923828125 0.2412109375 0.0546875 0.046875
0 0.8994140625 0.8544921875 0.05078125 0.068359375
0 0.453125 0.7060546875 0.0615234375 0.0322265625
0 0.2646484375 0.3251953125 0.0615234375 0.0380859375
0 0.578125 0.6328125 0.091796875 0.0517578125
0 0.419921875 0.3154296875 0.060546875 0.04296875
0 0.548828125 0.3857421875 0.05078125 0.044921875
0 0.2216796875 0.5556640625 0.0810546875 0.0439453125
0 0.0791015625 0.255859375 0.0751953125 0.0361328125
0 0.541015625 0.2392578125 0.0458984375 0.05859375
0 0.2060546875 0.02734375 0.0400390625 0.02734375
0 0.1474609375 0.255859375 0.1474609375 0.0927734375
0 0.73701171875 0.44853515625 0.059277343750000044 0.03837890625000001
0 0.02734375 1.0 0.02734375 0.0302734375
0 0.4521484375 0.5703125 0.0859375 0.0361328125
0 0.4130859375 0.8212890625 0.0654296875 0.0400390625
0 0.8447265625 0.6162109375 0.0810546875 0.0546875
0 0.2353515625 0.6796875 0.0537109375 0.04296875
0 0.6591796875 0.7890625 0.052734375 0.0400390625
0 0.1865234375 0.0458984375 0.046875 0.0439453125
0 0.36328125 0.623046875 0.0341796875 0.056640625
0 0.1689453125 0.16796875 0.0478515625 0.0400390625
0 0.0322265625 0.9072265625 0.0322265625 0.037109375
0 0.22265625 0.8125 0.046875 0.037109375
0 0.8017578125 0.826171875 0.056640625 0.0322265625
0 0.4248046875 0.5087890625 0.044921875 0.0224609375
0 0.6005859375 0.5234375 0.0419921875 0.0341796875
0 0.6474609375 1.0 0.0302734375 0.0205078125
0 0.5986328125 0.599609375 0.05078125 0.0439453125
0 0.970703125 0.7783203125 0.03515625 0.044921875
0 0.5478515625 0.90625 0.060546875 0.0361328125
0 0.548828125 0.712890625 0.0439453125 0.05078125
0 0.6953125 0.41015625 0.0546875 0.01953125
0 0.921875 0.982421875 0.03125 0.0361328125
0 1.0 0.634765625 0.0341796875 0.0595703125
