0 0.6875 0.94921875 0.1328125 0.1142578125
0 0.4697265625 0.9619140625 0.16015625 0.1376953125
0 0.1796875 0.40234375 0.1123046875 0.10546875
0 0.83203125 0.162109375 0.15234375 0.123046875
0 1.0 0.607421875 0.1533203125 0.1181640625
0 0.0966796875 0.9794921875 0.0966796875 0.14453125
0 0.8271484375 0.65234375 0.16796875 0.1201171875
0 0.359375 0.5791015625 0.1552734375 0.107421875
0 0.0849609375 0.38671875 0.0849609375 0.13671875
0 0.9619140625 0.1396484375 0.16015625 0.08984375
0 0.322265625 0.259765625 0.1455078125 0.0849609375
0 0.3720703125 0.07421875 0.2001953125 0.07421875
0 0.134765625 0.0732421875 0.134765625 0.072265625
0 0.7568359375 0.8017578125 0.134765625 0.109375
0 0.421875 0.2373046875 0.14453125 0.1650390625
0 0.294921875 0.2294921875 0.123046875 0.1279296875
0 0.484375 0.1259765625 0.115234375 0.0947265625
0 0.296875 0.6875 0.142578125 0.1015625
