0 1.0 0.8857421875 0.0419921875 0.0810546875
0 0.1220703125 0.58203125 0.080078125 0.0888671875
0 0.9765625 0.1357421875 0.0595703125 0.0791015625
0 0.8955078125 0.3095703125 0.0576171875 0.0712890625
0 0.19921875 0.91796875 0.0693359375 0.0908203125
0 0.8017578125 0.9404296875 0.07421875 0.0693359375
0 0.6484375 0.7236328125 0.0703125 0.0703125
0 0.4794921875 0.3779296875 0.0693359375 0.0693359375
0 0.2265625 0.255859375 0.1005859375 0.0927734375
0 0.419921875 0.3623046875 0.0712890625 0.0830078125
0 0.19140625 0.9873046875 0.0947265625 0.072265625
0 0.91796875 0.564453125 0.06640625 0.083984375
0 0.111328125 0.3623046875 0.0986328125 0.0810546875
0 0.84765625 0.40234375 0.068359375 0.09765625
0 0.8369140625 0.1044921875 0.072265625 0.0595703125
0 0.361328125 0.712890625 0.0791015625 0.0830078125
0 0.4765625 0.2919921875 0.0888671875 0.1015625
0 0.5859375 0.587890625 0.0654296875 0.0634765625
0 0.4140625 0.61328125 0.0947265625 0.076171875
0 0.5 0.2568359375 0.0537109375 0.123046875
0 0.0986328125 0.875 0.0986328125 0.09375
0 0.4951171875 0.5048828125 0.0947265625 0.09375
0 0.9091796875 0.615234375 0.060546875 0.06640625
0 0.8310546875 0.4453125 0.0419921875 0.0888671875
0 0.51953125 0.837890625 0.099609375 0.08203125
0 0.6103515625 0.0634765625 0.0576171875 0.0634765625
0 0.28515625 0.953125 0.064453125 0.068359375
0 0.1611328125 0.3486328125 0.0625 0.0625
0 0.439453125 0.9990234375 0.0732421875 0.056640625
0 0.521484375 0.6494140625 0.107421875 0.0927734375
0 0.76171875 0.5224609375 0.078125 0.111328125
0 0.2412109375 0.314453125 0.1044921875 0.11328125
0 0.6591796875 0.341796875 0.087890625 0.0771484375
0 0.8232421875 0.0537109375 0.0634765625 0.052734375
0 0.337890625 0.1728515625 0.0927734375 0.1142578125
0 1.0 0.7177734375 0.0654296875 0.0498046875
0 0.2177734375 0.666015625 0.0732421875 0.0673828125
0 0.5634765625 0.9052734375 0.10546875 0.068359375
0 0.29296875 0.6357421875 0.060546875 0.0673828125
0 0.63671875 0.962890625 0.0830078125 0.068359375
0 0.3134765625 0.4013671875 0.048828125 0.1044921875
0 0.1474609375 0.236328125 0.1083984375 0.0703125
0 0.578125 0.4208984375 0.0595703125 0.046875
0 0.544921875 0.0625 0.064453125 0.0625
0 0.4541015625 0.1337890625 0.1015625 0.1171875
0 0.263671875 0.6689453125 0.09765625 0.09375
0 0.4951171875 0.8994140625 0.0712890625 0.0556640625
0 0.388671875 0.4951171875 0.06640625 0.0498046875
0 0.7060546875 0.9970703125 0.0732421875 0.068359375
0 0.095703125 0.056640625 0.0693359375 0.0556640625
0 0.0791015625 0.310546875 0.0791015625 0.123046875
0 0.35546875 0.8310546875 0.095703125 0.037109375
0 0.333984375 0.2099609375 0.0615234375 0.0693359375
0 0.26171875 0.0458984375 0.0634765625 0.044921875
0 0.1318359375 0.4365234375 0.0791015625 0.0517578125
0 1.0 0.5791015625 0.0703125 0.0751953125
0 0.734375 0.439453125 0.0859375 0.0703125
0 0.947265625 0.46875 0.0556640625 0.048828125
0 0.287109375 1.0 0.0693359375 0.02734375
0 0.076171875 0.970703125 0.07421875 0.0419921875
0 0.1298828125 0.0244140625 0.052734375 0.0244140625
0 0.89453125 0.3349609375 0.05859375 0.0654296875
0 0.96484375 0.9638671875 0.080078125 0.056640625
0 0.1982421875 0.0458984375 0.0400390625 0.0458984375
0 0.2314453125 0.5927734375 0.083984375 0.0615234375
0 0.9501953125 0.029296875 0.037109375 0.029296875
0 0.3505859375 0.486328125 0.078125 0.076171875
0 0.060546875 0.92578125 0.060546875 0.0478515625
0 0.654296875 0.369140625 0.060546875 0.0546875
0 0.80859375 0.7705078125 0.0537109375 0.0546875
0 0.5625 0.935546875 0.05859375 0.04296875
0 0.9677734375 0.97265625 0.0419921875 0.0595703125
0 0.181640625 0.59375 0.0400390625 0.037109375
0 0.052734375 0.537109375 0.052734375 0.0546875
