0 0.056640625 0.62109375 0.056640625 0.06640625
0 0.0634765625 0.7109375 0.0634765625 0.0712890625
0 0.146484375 0.6728515625 0.0546875 0.0947265625
0 0.09375 0.6962890625 0.0625 0.0712890625
0 0.1943359375 0.7392578125 0.080078125 0.0537109375
0 0.2236328125 0.8017578125 0.06640625 0.078125
0 0.3388671875 0.7109375 0.0791015625 0.0693359375
0 0.2568359375 0.84765625 0.068359375 0.07421875
0 0.138671875 0.875 0.0751953125 0.0830078125
0 0.291015625 0.8349609375 0.0595703125 0.0615234375
0 0.3671875 0.8046875 0.1083984375 0.0771484375
0 0.44140625 0.7763671875 0.072265625 0.0556640625
0 0.3642578125 0.8427734375 0.072265625 0.0595703125
0 0.37890625 0.8896484375 0.068359375 0.05859375
0 0.4326171875 0.9345703125 0.0869140625 0.0830078125
0 0.560546875 0.884765625 0.0771484375 0.0634765625
0 0.5966796875 0.859375 0.0595703125 0.05078125
0 0.080078125 0.12109375 0.0771484375 0.0947265625
0 0.0302734375 0.2734375 0.0302734375 0.0888671875
0 0.20703125 0.130859375 0.109375 0.0830078125
0 0.1904296875 0.2041015625 0.07421875 0.0732421875
0 0.1572265625 0.263671875 0.0615234375 0.0634765625
0 0.2666015625 0.255859375 0.07421875 0.095703125
0 0.203125 0.2734375 0.0478515625 0.0712890625
0 0.189453125 0.3388671875 0.0703125 0.0791015625
0 0.2314453125 0.333984375 0.0537109375 0.068359375
0 0.17578125 0.41015625 0.07421875 0.0654296875
0 0.3916015625 0.1220703125 0.078125 0.0732421875
0 0.6337890625 0.150390625 0.0712890625 0.0791015625
0 0.607421875 0.2177734375 0.0712890625 0.05859375
0 0.7412109375 0.1318359375 0.080078125 0.1064453125
0 0.7998046875 0.16796875 0.078125 0.0771484375
0 0.8134765625 0.21875 0.0517578125 0.0810546875
0 0.7998046875 0.26953125 0.064453125 0.0791015625
0 0.8525390625 0.302734375 0.0703125 0.076171875
0 0.740234375 0.3251953125 0.0625 0.0615234375
0 0.8916015625 0.44140625 0.0673828125 0.0947265625
0 0.982421875 0.431640625 0.0595703125 0.0712890625
0 0.7861328125 0.5341796875 0.078125 0.0703125
0 0.7109375 0.6142578125 0.0654296875 0.068359375
0 0.64453125 0.7705078125 0.0634765625 0.05859375
0 0.7060546875 0.7470703125 0.0703125 0.07421875
0 0.791015625 0.69921875 0.0712890625 0.07421875
0 0.7353515625 0.869140625 0.0634765625 0.060546875
0 0.763671875 0.8994140625 0.05078125 0.0537109375
0 0.9072265625 0.8251953125 0.0654296875 0.0654296875
0 0.9423828125 0.7646484375 0.0771484375 0.0634765625
0 0.94140625 0.7001953125 0.06640625 0.060546875
0 0.82421875 0.130859375 0.0390625 0.0751953125
0 0.931640625 0.0224609375 0.0400390625 0.0224609375
0 1.0 0.13671875 0.0146484375 0.064453125
0 1.0 0.1884765625 0.021484375 0.05859375
0 0.900390625 0.6826171875 0.046875 0.068359375
0 0.0458984375 0.07421875 0.0458984375 0.07421875
0 0.0185546875 0.1474609375 0.017578125 0.0380859375
0 0.1982421875 0.1552734375 0.0888671875 0.103515625
0 0.125 0.1279296875 0.03515625 0.0361328125
