0 0.2109375 0.19140625 0.0712890625 0.125
0 0.099609375 0.2734375 0.0986328125 0.107421875
0 0.3125 0.201171875 0.078125 0.0830078125
0 0.361328125 0.0810546875 0.083984375 0.078125
0 0.4501953125 0.2080078125 0.125 0.068359375
0 0.72265625 0.1181640625 0.1650390625 0.08203125
0 0.6474609375 0.3427734375 0.0771484375 0.0771484375
0 0.806640625 0.0703125 0.04296875 0.0576171875
0 0.791015625 0.1904296875 0.0517578125 0.05078125
0 0.8212890625 0.4169921875 0.111328125 0.134765625
0 0.953125 0.140625 0.0537109375 0.0576171875
0 0.9345703125 0.45703125 0.060546875 0.08203125
0 0.70703125 0.5595703125 0.1240234375 0.0849609375
0 0.5185546875 0.5791015625 0.07421875 0.1015625
0 0.3984375 0.5595703125 0.0576171875 0.05859375
0 0.30078125 0.5634765625 0.078125 0.0732421875
0 0.318359375 0.677734375 0.15234375 0.13671875
0 0.1279296875 0.5439453125 0.0703125 0.0537109375
0 0.26953125 0.845703125 0.0556640625 0.0849609375
0 0.47265625 0.7607421875 0.0810546875 0.06640625
0 0.5498046875 0.6552734375 0.1044921875 0.0595703125
0 0.5556640625 0.8193359375 0.0556640625 0.099609375
0 0.5048828125 0.814453125 0.0869140625 0.087890625
0 0.5771484375 0.90234375 0.0595703125 0.068359375
0 0.4345703125 0.947265625 0.0888671875 0.0712890625
0 0.3447265625 1.0 0.201171875 0.1171875
0 0.0986328125 0.97265625 0.09375 0.2138671875
0 1.0 0.9892578125 0.103515625 0.0751953125
0 0.8779296875 0.9013671875 0.095703125 0.0927734375
0 0.78515625 0.8388671875 0.142578125 0.115234375
0 0.7470703125 0.720703125 0.0849609375 0.080078125
0 0.85546875 0.75 0.0927734375 0.0703125
0 0.9013671875 0.75390625 0.0576171875 0.0595703125
0 0.8623046875 0.6875 0.0673828125 0.09375
0 0.7763671875 0.646484375 0.1123046875 0.0732421875
0 1.0 0.4931640625 0.0419921875 0.0537109375
0 0.916015625 0.42578125 0.0654296875 0.068359375
0 0.111328125 1.0 0.0556640625 0.025390625
0 0.26171875 1.0 0.07421875 0.0380859375
