0 0.09990234375000001 0.88486328125 0.06875 0.05507812499999998
0 0.2001953125 0.865234375 0.0634765625 0.064453125
0 0.2900390625 0.8876953125 0.05078125 0.0703125
0 0.3388671875 1.0 0.0712890625 0.0615234375
0 0.453125 1.0 0.0615234375 0.0341796875
0 0.525390625 0.94921875 0.06640625 0.0693359375
0 0.6162109375 0.9267578125 0.0654296875 0.0693359375
0 0.5830078125 0.96484375 0.0693359375 0.0673828125
0 0.615234375 0.8271484375 0.0986328125 0.103515625
0 0.638671875 1.0 0.0927734375 0.03125
0 0.7353515625 1.0 0.0654296875 0.0380859375
0 0.8623046875 1.0 0.06640625 0.0380859375
0 0.9951171875 1.0 0.08203125 0.0380859375
0 0.97265625 0.8037109375 0.125 0.126953125
0 0.84765625 0.7744140625 0.0478515625 0.0712890625
0 0.73828125 0.62890625 0.07421875 0.0712890625
0 0.9560546875 0.5888671875 0.068359375 0.0693359375
0 0.9052734375 0.5478515625 0.083984375 0.0859375
0 0.927734375 0.40625 0.1328125 0.0654296875
0 0.9033203125 0.458984375 0.0849609375 0.0732421875
0 0.9990234375 0.4951171875 0.1083984375 0.1103515625
0 1.0 0.404296875 0.0673828125 0.0810546875
0 0.501953125 0.541015625 0.1064453125 0.0703125
0 0.4306640625 0.478515625 0.068359375 0.087890625
0 0.2734375 0.482421875 0.095703125 0.080078125
0 0.150390625 0.4892578125 0.09765625 0.072265625
0 0.5146484375 0.2490234375 0.0810546875 0.119140625
0 0.3681640625 0.3798828125 0.078125 0.068359375
0 0.296875 0.375 0.0595703125 0.1015625
0 0.3701171875 0.2861328125 0.0703125 0.115234375
0 0.2421875 0.18359375 0.0693359375 0.115234375
0 0.1630859375 0.3857421875 0.0751953125 0.1640625
0 0.0703125 0.2958984375 0.06640625 0.06640625
0 0.8828125 0.091796875 0.0615234375 0.0615234375
0 0.833984375 0.1591796875 0.078125 0.064453125
0 0.7783203125 0.123046875 0.0595703125 0.0712890625
0 0.8779296875 0.6298828125 0.0966796875 0.0859375
0 0.9453125 0.373046875 0.08203125 0.0615234375
0 0.3447265625 0.2255859375 0.0830078125 0.0966796875
0 0.86328125 0.720703125 0.07421875 0.060546875
0 0.021484375 0.341796875 0.021484375 0.0888671875
0 0.07421875 0.02734375 0.0537109375 0.02734375
0 0.9248046875 0.0283203125 0.0478515625 0.0283203125
0 0.8447265625 0.009765625 0.021484375 0.009765625
0 0.818359375 0.021484375 0.0302734375 0.021484375
0 0.03125 0.8193359375 0.03125 0.0576171875
0 0.0283203125 1.0 0.0283203125 0.0439453125
0 0.7861328125 0.8583984375 0.0703125 0.0498046875
0 0.482421875 0.7861328125 0.0517578125 0.0712890625
0 0.671875 1.0 0.044921875 0.025390625
0 0.4052734375 1.0 0.03515625 0.0263671875
0 0.1552734375 0.8818359375 0.0537109375 0.0751953125
0 0.93359375 0.462890625 0.052734375 0.0830078125
0 0.833984375 0.8046875 0.0654296875 0.0439453125
