0 0.2763671875 0.2158203125 0.08984375 0.0927734375
0 0.69140625 0.19921875 0.0703125 0.056640625
0 0.03515625 0.849609375 0.0341796875 0.05078125
0 0.48046875 0.6982421875 0.08203125 0.0986328125
0 0.2490234375 0.91796875 0.0986328125 0.06640625
0 0.806640625 0.8544921875 0.07421875 0.068359375
0 0.3349609375 0.6181640625 0.09375 0.0849609375
0 0.201171875 0.63671875 0.1123046875 0.064453125
0 0.7041015625 0.5322265625 0.0693359375 0.05859375
0 0.9228515625 0.5830078125 0.111328125 0.064453125
0 0.7333984375 0.8876953125 0.1025390625 0.0517578125
0 0.0478515625 0.7890625 0.0478515625 0.0625
0 0.732421875 0.70703125 0.091796875 0.0703125
0 0.82421875 0.5380859375 0.0390625 0.07421875
0 0.205078125 0.998046875 0.09375 0.046875
0 1.0 0.7861328125 0.05859375 0.052734375
0 0.1357421875 0.4130859375 0.0830078125 0.0595703125
0 0.5439453125 0.8271484375 0.041015625 0.060546875
0 0.8447265625 0.1025390625 0.083984375 0.0498046875
0 0.14453125 0.2490234375 0.0625 0.142578125
0 0.826171875 0.84375 0.0478515625 0.080078125
0 0.23828125 0.30859375 0.04296875 0.1015625
0 0.462890625 0.9580078125 0.056640625 0.072265625
0 0.2890625 0.267578125 0.0751953125 0.05078125
0 0.5166015625 0.2919921875 0.05859375 0.0654296875
0 0.4765625 0.0986328125 0.0673828125 0.0615234375
0 0.6396484375 0.3515625 0.115234375 0.0478515625
0 0.7578125 0.056640625 0.048828125 0.056640625
0 0.8359375 0.939453125 0.09375 0.044921875
0 1.0 0.1474609375 0.044921875 0.072265625
0 0.1328125 0.1533203125 0.0576171875 0.07421875
0 0.322265625 0.3798828125 0.095703125 0.1376953125
0 1.0 0.296875 0.0322265625 0.083984375
0 0.4150390625 0.865234375 0.0849609375 0.0478515625
0 0.7421875 0.2890625 0.1015625 0.044921875
0 0.607421875 0.6787109375 0.072265625 0.060546875
0 0.6865234375 0.07421875 0.060546875 0.0498046875
0 0.1640625 0.8876953125 0.0849609375 0.060546875
0 0.275390625 0.923828125 0.048828125 0.072265625
0 0.998046875 0.642578125 0.048828125 0.0634765625
0 0.8515625 0.6337890625 0.0478515625 0.0732421875
0 0.060546875 0.39453125 0.060546875 0.056640625
0 0.677734375 0.9677734375 0.0888671875 0.046875
0 0.96875 0.9833984375 0.080078125 0.05859375
0 0.3037109375 0.0234375 0.0546875 0.0234375
0 0.486328125 0.7236328125 0.0751953125 0.0400390625
0 0.8876953125 0.033203125 0.0283203125 0.033203125
0 0.9638671875 0.146484375 0.0712890625 0.0556640625
0 0.0703125 0.9951171875 0.0634765625 0.0478515625
0 0.8603515625 0.32421875 0.0673828125 0.048828125
0 0.0537109375 0.119140625 0.0498046875 0.0439453125
0 0.5703125 0.31640625 0.046875 0.0673828125
0 0.173828125 0.212890625 0.0595703125 0.080078125
0 0.044921875 0.80859375 0.044921875 0.0654296875
0 0.0390625 0.25390625 0.0390625 0.0517578125
0 0.87109375 0.9853515625 0.0810546875 0.0537109375
0 0.8408203125 0.3916015625 0.0751953125 0.060546875
0 0.7705078125 0.4677734375 0.052734375 0.0703125
0 0.6953125 0.484375 0.0537109375 0.0576171875
0 0.38671875 0.5859375 0.0634765625 0.0771484375
0 0.2998046875 0.498046875 0.0712890625 0.0712890625
0 0.6474609375 0.9970703125 0.0673828125 0.0400390625
0 0.0869140625 0.2216796875 0.0556640625 0.0517578125
0 0.994140625 0.2177734375 0.05078125 0.0546875
