0 0.9833984375 0.9404296875 0.0634765625 0.0556640625
0 0.98046875 0.873046875 0.0634765625 0.0693359375
0 0.7939453125 0.8232421875 0.0673828125 0.068359375
0 0.880859375 0.6767578125 0.091796875 0.0517578125
0 0.7919921875 0.69140625 0.0693359375 0.0634765625
0 0.8662109375 0.7314453125 0.0576171875 0.0576171875
0 0.9462890625 0.64453125 0.06640625 0.0888671875
0 0.5751953125 0.7353515625 0.0576171875 0.064453125
0 0.6884765625 0.6982421875 0.0654296875 0.0673828125
0 1.0 0.4560546875 0.0322265625 0.1533203125
0 0.9609375 0.3203125 0.0634765625 0.0712890625
0 0.998046875 0.2841796875 0.056640625 0.0693359375
0 0.7158203125 0.322265625 0.0712890625 0.0654296875
0 0.65625 0.3779296875 0.05078125 0.0556640625
0 0.4228515625 0.421875 0.0810546875 0.0810546875
0 0.4365234375 0.712890625 0.0673828125 0.080078125
0 0.3525390625 0.6796875 0.0615234375 0.0703125
0 0.3515625 0.7919921875 0.1005859375 0.11328125
0 0.2626953125 0.91015625 0.076171875 0.0810546875
0 0.1484375 0.78125 0.0703125 0.0625
0 0.259765625 0.6318359375 0.0947265625 0.0693359375
0 0.197265625 0.6640625 0.0625 0.0546875
0 0.060546875 0.64453125 0.060546875 0.0634765625
0 0.09375 0.7138671875 0.09375 0.091796875
0 0.048828125 0.2724609375 0.048828125 0.05078125
0 0.2392578125 0.224609375 0.05859375 0.056640625
0 0.0419921875 0.2041015625 0.0419921875 0.0654296875
0 0.2724609375 0.1376953125 0.0712890625 0.0537109375
0 0.3837890625 0.1630859375 0.0576171875 0.0576171875
0 0.4638671875 0.123046875 0.0712890625 0.0654296875
0 0.548828125 0.1201171875 0.056640625 0.0869140625
0 0.4111328125 0.0595703125 0.0634765625 0.056640625
0 0.1435546875 0.0283203125 0.060546875 0.0283203125
0 0.5791015625 0.0380859375 0.064453125 0.0380859375
0 0.40625 0.841796875 0.052734375 0.05078125
0 0.9296875 0.84765625 0.0400390625 0.0458984375
0 0.9990234375 0.2099609375 0.0322265625 0.0615234375
