0 1.0 0.109375 0.0703125 0.107421875
0 0.4970703125 0.39453125 0.107421875 0.0947265625
0 0.6142578125 0.5791015625 0.1376953125 0.125
0 0.7724609375 0.71484375 0.1474609375 0.078125
0 0.9345703125 0.8720703125 0.0830078125 0.0849609375
0 0.7021484375 0.6572265625 0.1005859375 0.080078125
0 1.0 0.259765625 0.005859375 0.10546875
0 0.662109375 0.939453125 0.0830078125 0.0576171875
0 0.9248046875 0.4072265625 0.087890625 0.107421875
0 0.1923828125 0.859375 0.1005859375 0.125
0 0.859375 0.1640625 0.08203125 0.05078125
0 0.2021484375 0.96484375 0.125 0.11328125
0 0.2998046875 0.5517578125 0.0849609375 0.1298828125
0 0.6640625 0.984375 0.099609375 0.0625
0 0.71484375 0.8291015625 0.0654296875 0.07421875
0 0.1494140625 0.1142578125 0.1474609375 0.1123046875
0 0.806640625 0.4697265625 0.125 0.080078125
0 0.8193359375 0.88671875 0.0595703125 0.072265625
0 0.4443359375 0.51953125 0.08984375 0.09765625
0 0.119140625 0.314453125 0.119140625 0.0908203125
0 0.259765625 0.921875 0.08984375 0.08203125
0 1.0 0.7548828125 0.0703125 0.0673828125
0 0.744140625 0.154296875 0.0693359375 0.126953125
0 0.2548828125 0.6171875 0.23828125 0.10546875
0 0.4716796875 0.931640625 0.08203125 0.154296875
0 1.0 0.232421875 0.052734375 0.095703125
0 1.0 0.310546875 0.06640625 0.0771484375
0 0.7919921875 0.919921875 0.072265625 0.0576171875
0 0.4443359375 0.2724609375 0.107421875 0.1455078125
0 0.4345703125 0.171875 0.1728515625 0.169921875
0 0.419921875 0.8642578125 0.1552734375 0.09765625
0 0.69921875 0.0595703125 0.072265625 0.0576171875
0 0.646484375 0.3291015625 0.08203125 0.111328125
0 0.224609375 0.5390625 0.087890625 0.1171875
0 0.662109375 0.83203125 0.248046875 0.107421875
0 0.8408203125 0.40625 0.0849609375 0.0576171875
0 0.5517578125 0.3095703125 0.0537109375 0.04296875
0 0.14453125 0.7919921875 0.1328125 0.1103515625
0 0.6298828125 0.26953125 0.150390625 0.072265625
0 0.779296875 0.2099609375 0.0771484375 0.0703125
0 0.169921875 0.2392578125 0.09765625 0.099609375
0 0.689453125 0.8212890625 0.107421875 0.091796875
0 0.4443359375 0.77734375 0.2197265625 0.0849609375
0 0.25 0.6796875 0.142578125 0.0751953125
0 0.3310546875 0.5546875 0.0625 0.0625
0 0.625 0.609375 0.095703125 0.0673828125
0 0.091796875 0.697265625 0.08984375 0.0830078125
0 0.419921875 0.9072265625 0.115234375 0.060546875
0 0.2041015625 0.318359375 0.1328125 0.072265625
0 0.8193359375 0.306640625 0.0478515625 0.1142578125
0 0.6201171875 0.4638671875 0.0869140625 0.08203125
0 0.8818359375 0.6982421875 0.048828125 0.0576171875
0 0.0595703125 0.4716796875 0.0595703125 0.0439453125
