0 0.9169921875 0.0244140625 0.0869140625 0.0244140625
0 0.9892578125 0.0859375 0.099609375 0.076171875
0 0.6884765625 0.0947265625 0.072265625 0.0947265625
0 0.7744140625 0.0927734375 0.083984375 0.07421875
0 0.6953125 0.1748046875 0.0869140625 0.0654296875
0 0.12890625 0.1259765625 0.0703125 0.111328125
0 0.2646484375 0.21484375 0.111328125 0.0673828125
0 0.1318359375 0.265625 0.0859375 0.0634765625
0 0.4169921875 0.4267578125 0.1181640625 0.103515625
0 0.3408203125 0.5 0.099609375 0.0751953125
0 0.5849609375 0.5439453125 0.1337890625 0.103515625
0 0.5224609375 0.6591796875 0.1015625 0.087890625
0 0.2724609375 0.7060546875 0.125 0.0634765625
0 0.1083984375 0.7421875 0.1083984375 0.0810546875
0 0.3916015625 0.923828125 0.1240234375 0.0712890625
0 0.564453125 0.8974609375 0.1494140625 0.0810546875
0 0.740234375 0.6787109375 0.150390625 0.09375
0 0.875 0.734375 0.0849609375 0.076171875
0 1.0 0.7724609375 0.0927734375 0.142578125
0 0.9150390625 0.4677734375 0.0869140625 0.083984375
0 0.798828125 0.3583984375 0.0751953125 0.056640625
0 0.6826171875 0.3271484375 0.1005859375 0.076171875
0 0.5693359375 0.2646484375 0.091796875 0.0751953125
0 0.5966796875 0.1826171875 0.08984375 0.0693359375
0 0.9736328125 0.23828125 0.0908203125 0.0712890625
0 0.8759765625 0.2294921875 0.07421875 0.064453125
0 0.896484375 1.0 0.150390625 0.046875
0 0.2744140625 1.0 0.13671875 0.0419921875
0 0.25390625 0.9658203125 0.08984375 0.052734375
0 0.4765625 0.6201171875 0.1103515625 0.07421875
