0 0.5263671875 0.130859375 0.111328125 0.125
0 0.3994140625 0.0458984375 0.0595703125 0.0458984375
0 0.9091796875 0.0654296875 0.0732421875 0.0654296875
0 1.0 0.205078125 0.029296875 0.080078125
0 0.806640625 0.19921875 0.0703125 0.0703125
0 0.7587890625 0.3056640625 0.11328125 0.0791015625
0 0.6591796875 0.2998046875 0.0908203125 0.0751953125
0 0.2900390625 0.2705078125 0.109375 0.1171875
0 0.130859375 0.201171875 0.1044921875 0.0556640625
0 1.0 0.46484375 0.068359375 0.0791015625
0 0.876953125 0.375 0.0771484375 0.0888671875
0 0.6806640625 0.4052734375 0.0712890625 0.0791015625
0 0.556640625 0.4404296875 0.0859375 0.1025390625
0 0.466796875 0.4072265625 0.109375 0.0712890625
0 0.181640625 0.3701171875 0.068359375 0.080078125
0 0.2744140625 0.48828125 0.08203125 0.0771484375
0 0.0703125 0.478515625 0.0703125 0.083984375
0 0.1455078125 0.5517578125 0.0771484375 0.0751953125
0 0.12890625 0.6494140625 0.1083984375 0.083984375
0 0.083984375 0.7421875 0.0556640625 0.0947265625
0 0.21875 0.6904296875 0.0654296875 0.0830078125
0 0.3720703125 0.5703125 0.0498046875 0.0751953125
0 0.4111328125 0.685546875 0.0654296875 0.07421875
0 0.44140625 0.7802734375 0.0908203125 0.0810546875
0 0.3359375 0.85546875 0.107421875 0.0712890625
0 0.20703125 0.9609375 0.1171875 0.0693359375
0 0.08203125 0.9306640625 0.0673828125 0.0625
0 0.7451171875 0.8017578125 0.076171875 0.123046875
0 0.681640625 0.685546875 0.083984375 0.1015625
0 0.8056640625 0.599609375 0.0830078125 0.095703125
0 0.822265625 0.486328125 0.0751953125 0.0927734375
0 0.6416015625 0.46875 0.0537109375 0.0556640625
0 0.591796875 0.5439453125 0.0673828125 0.0615234375
0 1.0 0.6923828125 0.064453125 0.0966796875
0 0.8935546875 0.982421875 0.0732421875 0.0693359375
0 0.3134765625 0.353515625 0.0703125 0.0615234375
0 0.0546875 0.3408203125 0.0546875 0.0693359375
0 0.052734375 0.85546875 0.052734375 0.0673828125
0 0.7119140625 1.0 0.1103515625 0.0498046875
0 0.9326171875 0.5595703125 0.05078125 0.068359375
