0 0.1337890625 0.4541015625 0.1337890625 0.0703125
0 0.54296875 0.4599609375 0.07421875 0.08203125
0 0.625 0.5185546875 0.0732421875 0.0791015625
0 0.8857421875 0.5390625 0.1279296875 0.0673828125
0 0.8857421875 0.4765625 0.1064453125 0.083984375
0 0.7783203125 0.45703125 0.1083984375 0.0625
0 0.6533203125 0.4208984375 0.083984375 0.076171875
0 0.775390625 0.3427734375 0.0625 0.0625
0 0.87109375 0.232421875 0.1298828125 0.0859375
0 0.7216796875 0.16796875 0.0986328125 0.072265625
0 0.634765625 0.162109375 0.1240234375 0.08203125
0 0.455078125 0.2763671875 0.1396484375 0.1083984375
0 0.634765625 0.27734375 0.087890625 0.064453125
0 0.548828125 0.2509765625 0.091796875 0.0830078125
0 0.5439453125 0.3349609375 0.0908203125 0.083984375
0 0.4921875 0.4091796875 0.0859375 0.064453125
0 1.0 0.080078125 0.0771484375 0.080078125
0 0.8759765625 0.056640625 0.05859375 0.056640625
0 1.0 0.9150390625 0.072265625 0.072265625
0 0.7998046875 0.875 0.115234375 0.06640625
0 0.716796875 1.0 0.0888671875 0.0634765625
0 0.5390625 0.9521484375 0.0908203125 0.0791015625
0 0.4580078125 1.0 0.17578125 0.142578125
0 0.5712890625 0.73046875 0.1474609375 0.1416015625
0 0.384765625 0.763671875 0.146484375 0.0400390625
0 0.1201171875 0.759765625 0.0810546875 0.072265625
0 0.3359375 0.8779296875 0.1865234375 0.1162109375
0 0.14453125 0.8779296875 0.1416015625 0.0556640625
0 0.7138671875 0.359375 0.08203125 0.056640625
0 0.9228515625 0.7353515625 0.119140625 0.1171875
0 0.9404296875 1.0 0.123046875 0.119140625
