0 0.5537109375 0.8515625 0.052734375 0.1103515625
0 0.0751953125 0.205078125 0.0703125 0.0986328125
0 0.91796875 0.25390625 0.048828125 0.1142578125
0 0.5732421875 0.6005859375 0.048828125 0.099609375
0 0.123046875 0.7578125 0.083984375 0.08203125
0 0.4287109375 0.4658203125 0.0947265625 0.1171875
0 0.3193359375 0.2529296875 0.0849609375 0.0732421875
0 0.1005859375 0.31640625 0.08203125 0.1103515625
0 0.8525390625 0.587890625 0.0546875 0.09375
0 0.44921875 0.5732421875 0.0615234375 0.09375
0 0.3759765625 0.06640625 0.07421875 0.06640625
0 0.6328125 0.4052734375 0.0595703125 0.0791015625
0 0.359375 0.185546875 0.046875 0.12109375
0 0.556640625 0.29296875 0.041015625 0.095703125
0 0.4970703125 0.9140625 0.1015625 0.078125
0 0.0673828125 0.55859375 0.0517578125 0.1455078125
0 0.6845703125 0.5986328125 0.041015625 0.0869140625
0 0.5751953125 0.5244140625 0.048828125 0.0927734375
0 0.3115234375 0.45703125 0.12109375 0.087890625
0 0.1064453125 0.888671875 0.1064453125 0.0810546875
0 0.7783203125 0.1025390625 0.04296875 0.0830078125
0 0.7763671875 0.6552734375 0.0234375 0.1015625
0 0.8779296875 0.55859375 0.0517578125 0.0966796875
0 0.484375 0.3525390625 0.0498046875 0.0712890625
0 0.166015625 0.9423828125 0.0869140625 0.0556640625
0 0.787109375 0.37109375 0.0341796875 0.08984375
0 0.078125 0.0771484375 0.0439453125 0.0771484375
0 0.484375 0.2431640625 0.0859375 0.0947265625
0 0.423828125 0.615234375 0.0546875 0.091796875
0 0.6474609375 0.8017578125 0.0810546875 0.0888671875
0 0.830078125 0.5078125 0.041015625 0.0947265625
0 0.7451171875 0.623046875 0.0458984375 0.0810546875
0 0.1533203125 0.6533203125 0.0390625 0.0615234375
0 0.79296875 0.06640625 0.03125 0.06640625
0 0.7724609375 0.8759765625 0.0478515625 0.0634765625
0 0.9970703125 0.2958984375 0.046875 0.0654296875
0 0.1533203125 0.1923828125 0.0908203125 0.060546875
0 0.6181640625 1.0 0.0263671875 0.0615234375
0 0.697265625 0.5048828125 0.03125 0.12890625
0 0.74609375 0.4970703125 0.0390625 0.068359375
0 0.1005859375 0.541015625 0.08203125 0.1298828125
0 0.068359375 0.6796875 0.0537109375 0.060546875
0 0.5234375 0.0478515625 0.0439453125 0.0478515625
0 0.490234375 0.5849609375 0.0537109375 0.0576171875
0 0.0673828125 0.3525390625 0.05859375 0.0556640625
0 0.560546875 0.7158203125 0.09765625 0.0390625
0 0.39453125 0.5869140625 0.0693359375 0.03515625
0 1.0 0.927734375 0.0400390625 0.0498046875
0 0.0654296875 0.9951171875 0.0654296875 0.029296875
0 0.4765625 0.1884765625 0.095703125 0.0966796875
0 0.86328125 0.0419921875 0.046875 0.0400390625
0 0.58984375 0.763671875 0.080078125 0.0537109375
0 0.3974609375 0.630859375 0.0380859375 0.0498046875
0 0.8623046875 0.431640625 0.0654296875 0.091796875
0 0.1669921875 0.240234375 0.0546875 0.0595703125
0 0.0712890625 0.94140625 0.0654296875 0.072265625
