0 0.935546875 0.587890625 0.1044921875 0.150390625
0 0.720703125 0.6435546875 0.1083984375 0.09765625
0 0.775390625 0.783203125 0.095703125 0.1083984375
0 0.6669921875 0.7685546875 0.0712890625 0.1064453125
0 0.6337890625 0.8251953125 0.1005859375 0.091796875
0 0.5517578125 0.900390625 0.109375 0.1064453125
0 0.4189453125 0.908203125 0.1123046875 0.0771484375
0 0.6962890625 0.962890625 0.08203125 0.1005859375
0 0.787109375 0.87109375 0.060546875 0.06640625
0 0.408203125 0.658203125 0.099609375 0.1162109375
0 0.4189453125 0.5234375 0.091796875 0.1005859375
0 0.5126953125 0.462890625 0.0703125 0.1025390625
0 0.5693359375 0.5771484375 0.0947265625 0.09765625
0 0.775390625 0.4423828125 0.08984375 0.111328125
0 0.8935546875 0.3798828125 0.0869140625 0.126953125
0 0.99609375 0.03515625 0.0498046875 0.03515625
0 0.5712890625 0.1064453125 0.1611328125 0.1064453125
0 0.6142578125 0.09765625 0.0595703125 0.09765625
0 0.1611328125 0.02734375 0.12109375 0.02734375
0 0.1171875 0.1708984375 0.08203125 0.1357421875
0 0.6015625 0.30859375 0.126953125 0.12890625
0 0.13671875 1.0 0.0869140625 0.1142578125
0 0.1298828125 0.7314453125 0.0673828125 0.12890625
0 0.03515625 0.7587890625 0.03515625 0.16015625
0 0.126953125 0.43359375 0.126953125 0.10546875
0 0.3779296875 1.0 0.083984375 0.0576171875
0 0.8271484375 0.0927734375 0.0576171875 0.056640625
