0 0.56640625 0.154296875 0.072265625 0.1015625
0 0.5458984375 0.25 0.087890625 0.0888671875
0 0.14453125 0.6025390625 0.0810546875 0.083984375
0 0.2607421875 0.7861328125 0.087890625 0.0634765625
0 0.4580078125 0.5 0.0703125 0.07421875
0 0.1162109375 0.443359375 0.1044921875 0.0654296875
0 0.9462890625 0.24609375 0.076171875 0.078125
0 0.892578125 0.833984375 0.056640625 0.0869140625
0 1.0 0.2314453125 0.07421875 0.130859375
0 0.3916015625 0.0634765625 0.0849609375 0.0634765625
0 0.7392578125 0.8115234375 0.0732421875 0.126953125
0 0.0849609375 0.3466796875 0.0849609375 0.0751953125
0 0.703125 0.1904296875 0.0810546875 0.146484375
0 0.1162109375 0.326171875 0.115234375 0.0791015625
0 0.30078125 0.203125 0.1162109375 0.06640625
0 0.859375 0.2958984375 0.0576171875 0.068359375
0 0.6318359375 0.1806640625 0.087890625 0.109375
0 1.0 0.1083984375 0.0390625 0.0478515625
0 0.3408203125 0.5537109375 0.1240234375 0.0810546875
0 0.8955078125 0.4619140625 0.0703125 0.1572265625
0 0.1982421875 0.5185546875 0.083984375 0.076171875
0 0.369140625 0.1943359375 0.083984375 0.0751953125
0 0.6015625 1.0 0.078125 0.0830078125
0 0.701171875 0.267578125 0.1240234375 0.06640625
0 0.396484375 0.9169921875 0.08203125 0.072265625
0 0.6630859375 1.0 0.0419921875 0.064453125
0 0.9599609375 0.55859375 0.0888671875 0.0966796875
0 0.1142578125 0.9951171875 0.11328125 0.07421875
0 0.171875 0.6025390625 0.05078125 0.1279296875
0 0.2646484375 0.23828125 0.111328125 0.076171875
0 0.5693359375 0.6162109375 0.0732421875 0.048828125
0 0.822265625 0.18359375 0.0498046875 0.095703125
0 0.0439453125 0.89453125 0.0439453125 0.080078125
0 0.302734375 0.34375 0.1083984375 0.048828125
0 0.115234375 0.26953125 0.115234375 0.158203125
0 0.5185546875 0.3515625 0.0283203125 0.0751953125
0 0.9658203125 0.94921875 0.0595703125 0.04296875
0 0.4130859375 0.7880859375 0.15625 0.1376953125
0 0.208984375 0.0771484375 0.072265625 0.052734375
0 0.5009765625 0.2451171875 0.09375 0.064453125
0 0.6396484375 0.5185546875 0.0908203125 0.0751953125
0 0.66796875 0.6337890625 0.0498046875 0.0693359375
0 0.990234375 0.8818359375 0.0732421875 0.0654296875
0 0.98046875 0.037109375 0.0703125 0.037109375
0 0.91015625 0.1005859375 0.1103515625 0.0849609375
0 0.8701171875 0.255859375 0.1064453125 0.0986328125
0 0.8740234375 0.22265625 0.0595703125 0.08203125
0 0.2392578125 0.8447265625 0.125 0.0849609375
0 0.30078125 0.8818359375 0.142578125 0.0517578125
0 0.84375 0.9072265625 0.1376953125 0.052734375
0 0.4130859375 0.0458984375 0.0654296875 0.0458984375
0 0.458984375 0.7041015625 0.1025390625 0.203125
0 0.6376953125 0.8046875 0.162109375 0.046875
0 0.2939453125 0.5615234375 0.04296875 0.0390625
0 0.0986328125 0.166015625 0.0986328125 0.1376953125
0 0.6533203125 0.8447265625 0.10546875 0.05078125
0 0.8017578125 0.9990234375 0.037109375 0.033203125
0 0.09765625 0.26953125 0.0966796875 0.0810546875
0 0.9609375 0.5859375 0.09375 0.0361328125
0 0.18359375 0.0341796875 0.115234375 0.0341796875
0 0.3564453125 0.287109375 0.052734375 0.103515625
0 0.330078125 0.296875 0.1923828125 0.0625
0 0.9638671875 0.3583984375 0.05859375 0.0361328125
0 0.970703125 0.453125 0.1357421875 0.05859375
0 0.5166015625 0.03125 0.0419921875 0.03125
0 0.3056640625 0.9990234375 0.1875 0.0888671875
0 0.16796875 0.841796875 0.1337890625 0.083984375
0 0.23828125 0.345703125 0.0556640625 0.033203125
0 0.0595703125 0.9970703125 0.05078125 0.0478515625
0 0.07421875 0.5458984375 0.07421875 0.0458984375
0 0.642578125 0.287109375 0.05078125 0.048828125
0 0.4345703125 0.224609375 0.0830078125 0.0869140625
0 0.533203125 0.96875 0.1103515625 0.0791015625
0 0.4521484375 0.8896484375 0.0703125 0.033203125
0 0.5458984375 0.994140625 0.0859375 0.0400390625
0 0.9306640625 0.8125 0.078125 0.0625
0 0.591796875 0.5087890625 0.0869140625 0.0546875
0 1.0 0.1650390625 0.0380859375 0.056640625
0 0.10546875 0.775390625 0.10546875 0.0439453125
