0 0.6884765625 0.6943359375 0.0732421875 0.087890625
0 0.28125 0.9072265625 0.068359375 0.0966796875
0 0.951171875 0.2646484375 0.0859375 0.0703125
0 0.6337890625 0.1982421875 0.0546875 0.0830078125
0 0.7119140625 0.2646484375 0.0634765625 0.078125
0 0.611328125 0.6875 0.0302734375 0.091796875
0 0.037109375 0.5927734375 0.037109375 0.087890625
0 0.4111328125 0.7900390625 0.0517578125 0.06640625
0 0.2529296875 0.677734375 0.060546875 0.0810546875
0 0.6357421875 0.056640625 0.0830078125 0.056640625
0 0.83984375 0.837890625 0.0673828125 0.0419921875
0 0.771484375 0.5341796875 0.041015625 0.1064453125
0 0.1103515625 0.7568359375 0.0390625 0.0537109375
0 0.4580078125 0.0634765625 0.0498046875 0.0634765625
0 0.1005859375 0.3798828125 0.0771484375 0.0693359375
0 0.494140625 0.9951171875 0.1455078125 0.0986328125
0 0.552734375 0.6376953125 0.0625 0.083984375
0 0.8544921875 0.5224609375 0.0537109375 0.0625
0 0.8984375 0.6259765625 0.0537109375 0.087890625
0 0.19140625 0.4609375 0.0771484375 0.09375
0 0.982421875 0.099609375 0.033203125 0.0732421875
0 0.2705078125 0.615234375 0.068359375 0.0546875
0 0.7255859375 0.6279296875 0.0615234375 0.134765625
0 0.369140625 0.6943359375 0.0478515625 0.076171875
0 0.8798828125 0.1357421875 0.0458984375 0.0673828125
0 0.8564453125 0.5869140625 0.0849609375 0.056640625
0 0.1923828125 0.31640625 0.06640625 0.0703125
0 0.3798828125 0.6767578125 0.0498046875 0.0625
0 0.02734375 0.75390625 0.02734375 0.0400390625
0 0.7978515625 0.6513671875 0.056640625 0.052734375
0 0.2451171875 0.3291015625 0.0439453125 0.05859375
0 0.541015625 0.7060546875 0.041015625 0.0517578125
0 0.5078125 0.1591796875 0.0283203125 0.0595703125
0 0.9462890625 0.9912109375 0.0263671875 0.052734375
0 0.26171875 0.431640625 0.0888671875 0.046875
0 0.9912109375 0.9287109375 0.0458984375 0.052734375
0 1.0 0.703125 0.05078125 0.0546875
0 0.7431640625 0.5595703125 0.05078125 0.072265625
0 0.3388671875 0.814453125 0.0859375 0.05078125
0 0.107421875 0.1025390625 0.048828125 0.087890625
0 0.953125 0.4130859375 0.115234375 0.1279296875
0 0.78125 0.7919921875 0.048828125 0.0654296875
0 0.6337890625 0.29296875 0.0517578125 0.0517578125
0 0.84375 0.427734375 0.04296875 0.025390625
0 0.2578125 0.39453125 0.0546875 0.0458984375
0 0.216796875 0.078125 0.0576171875 0.0263671875
0 0.15625 0.9853515625 0.064453125 0.03125
0 0.7744140625 0.1142578125 0.064453125 0.064453125
0 0.53125 0.712890625 0.041015625 0.0390625
0 0.7958984375 0.3857421875 0.0419921875 0.0673828125
0 0.8251953125 0.107421875 0.06640625 0.0576171875
0 0.998046875 0.146484375 0.0361328125 0.056640625
0 0.810546875 0.400390625 0.05859375 0.0546875
0 0.4716796875 0.9150390625 0.09375 0.056640625
0 0.91796875 0.765625 0.05078125 0.07421875
0 0.9345703125 0.998046875 0.02734375 0.05078125
0 0.6572265625 0.4560546875 0.044921875 0.0322265625
0 0.5732421875 0.4814453125 0.0634765625 0.037109375
0 0.330078125 0.6845703125 0.0556640625 0.0224609375
0 0.9501953125 0.59375 0.04296875 0.0458984375
0 0.0224609375 0.1318359375 0.0224609375 0.0439453125
0 0.90625 0.35546875 0.0791015625 0.080078125
0 0.5166015625 0.3505859375 0.0517578125 0.025390625
0 0.431640625 0.634765625 0.0498046875 0.0576171875
0 0.234375 0.720703125 0.0654296875 0.0419921875
0 0.8818359375 0.7705078125 0.052734375 0.0380859375
0 0.8349609375 0.9853515625 0.05859375 0.0537109375
0 0.7734375 0.978515625 0.0517578125 0.0478515625
0 0.072265625 0.0546875 0.072265625 0.0546875
0 0.1005859375 0.134765625 0.080078125 0.052734375
0 0.5498046875 0.1845703125 0.0537109375 0.0458984375
0 0.9794921875 0.373046875 0.0400390625 0.052734375
0 0.3828125 1.0 0.07421875 0.025390625
