0 0.6220703125 0.5390625 0.08984375 0.0771484375
0 0.9345703125 0.76953125 0.099609375 0.0751953125
0 0.4375 0.216796875 0.1201171875 0.0673828125
0 0.427734375 0.7265625 0.0849609375 0.0927734375
0 0.94921875 0.1259765625 0.1083984375 0.0478515625
0 0.1845703125 0.162109375 0.09765625 0.0703125
0 0.7021484375 0.4443359375 0.1005859375 0.0595703125
0 0.8994140625 0.5166015625 0.09765625 0.0625
0 0.7919921875 0.349609375 0.0947265625 0.0703125
0 0.5966796875 0.2998046875 0.134765625 0.0673828125
0 0.8193359375 0.8125 0.107421875 0.0830078125
0 0.501953125 0.9169921875 0.1328125 0.1044921875
0 0.08203125 0.9912109375 0.0751953125 0.0771484375
0 0.3173828125 0.794921875 0.0732421875 0.080078125
0 0.107421875 0.34375 0.0849609375 0.087890625
0 0.8271484375 0.537109375 0.107421875 0.080078125
0 0.8046875 0.2548828125 0.1103515625 0.0751953125
0 0.3515625 0.3349609375 0.0849609375 0.080078125
0 0.89453125 0.0400390625 0.125 0.0400390625
0 0.9921875 0.44921875 0.1103515625 0.0625
0 0.0419921875 0.6220703125 0.0419921875 0.072265625
0 0.2724609375 0.1923828125 0.080078125 0.080078125
0 0.8125 0.189453125 0.0927734375 0.0703125
0 0.9794921875 0.6416015625 0.162109375 0.0673828125
0 0.875 0.439453125 0.095703125 0.0595703125
0 0.6845703125 0.7783203125 0.10546875 0.0849609375
0 0.431640625 0.5791015625 0.0947265625 0.0771484375
0 0.8291015625 0.994140625 0.0947265625 0.0966796875
0 0.244140625 0.44921875 0.08984375 0.0771484375
0 0.251953125 0.70703125 0.072265625 0.087890625
0 0.27734375 0.4072265625 0.1025390625 0.10546875
0 0.2041015625 0.9091796875 0.07421875 0.080078125
0 0.7548828125 0.7333984375 0.0966796875 0.095703125
0 0.234375 0.27734375 0.0703125 0.1025390625
0 0.3583984375 0.9677734375 0.09765625 0.1171875
0 0.1494140625 0.0693359375 0.1123046875 0.0693359375
0 0.0712890625 0.5595703125 0.0712890625 0.0400390625
0 0.07421875 0.662109375 0.07421875 0.0546875
0 0.2998046875 0.6669921875 0.1005859375 0.0703125
0 0.689453125 0.6708984375 0.087890625 0.072265625
0 0.919921875 0.6923828125 0.11328125 0.0751953125
0 1.0 0.306640625 0.09765625 0.0517578125
0 0.9970703125 0.1923828125 0.0849609375 0.060546875
0 0.9375 0.08203125 0.095703125 0.037109375
0 0.83984375 0.2724609375 0.1025390625 0.052734375
0 0.7197265625 0.4072265625 0.1025390625 0.08984375
0 0.4619140625 0.32421875 0.08203125 0.072265625
0 0.484375 0.1591796875 0.126953125 0.0673828125
0 0.529296875 0.8369140625 0.091796875 0.08203125
0 0.998046875 0.859375 0.0625 0.0693359375
0 1.0 0.998046875 0.0673828125 0.0771484375
0 0.306640625 0.974609375 0.0927734375 0.048828125
0 0.287109375 0.9990234375 0.0849609375 0.0419921875
0 0.697265625 0.744140625 0.0654296875 0.083984375
0 0.61328125 1.0 0.0654296875 0.0390625
