0 0.408203125 0.24609375 0.080078125 0.1083984375
0 0.421875 0.33203125 0.0859375 0.068359375
0 0.5390625 0.3583984375 0.07421875 0.0654296875
0 0.4638671875 0.5341796875 0.0771484375 0.0732421875
0 0.548828125 0.7041015625 0.052734375 0.0576171875
0 0.5498046875 0.7763671875 0.0712890625 0.0712890625
0 0.4921875 0.8740234375 0.080078125 0.064453125
0 0.48828125 0.9765625 0.1123046875 0.099609375
0 0.6220703125 1.0 0.0849609375 0.046875
0 0.8154296875 1.0 0.06640625 0.048828125
0 0.9853515625 0.966796875 0.0595703125 0.0546875
0 0.8046875 0.9677734375 0.05859375 0.0556640625
0 0.826171875 0.865234375 0.080078125 0.060546875
0 0.8212890625 0.751953125 0.0859375 0.091796875
0 0.99609375 0.5068359375 0.1533203125 0.0986328125
0 0.8720703125 0.375 0.076171875 0.080078125
0 0.9560546875 0.29296875 0.0859375 0.0830078125
0 0.74609375 0.236328125 0.1005859375 0.0673828125
