0 0.4296875 1.0 0.0419921875 0.080078125
0 0.66796875 0.064453125 0.072265625 0.064453125
0 0.75390625 0.8544921875 0.0546875 0.09765625
0 0.134765625 0.6181640625 0.0947265625 0.0634765625
0 0.314453125 0.1611328125 0.072265625 0.0791015625
0 0.126953125 1.0 0.1064453125 0.083984375
0 1.0 0.4150390625 0.01953125 0.0361328125
0 0.267578125 0.93359375 0.0986328125 0.048828125
0 0.5810546875 0.9990234375 0.072265625 0.0556640625
0 0.7138671875 0.515625 0.091796875 0.0791015625
0 0.1591796875 0.060546875 0.0810546875 0.0556640625
0 1.0 0.9697265625 0.0654296875 0.060546875
0 1.0 0.3837890625 0.048828125 0.046875
0 0.6904296875 0.3408203125 0.0908203125 0.0888671875
0 0.97265625 0.3115234375 0.0732421875 0.0517578125
0 0.732421875 0.8916015625 0.091796875 0.06640625
0 1.0 0.7451171875 0.115234375 0.07421875
0 0.9140625 0.453125 0.15625 0.0908203125
0 0.7060546875 0.248046875 0.0478515625 0.078125
0 0.484375 0.3271484375 0.0673828125 0.0693359375
0 0.3916015625 0.4482421875 0.0654296875 0.0625
0 0.044921875 0.8212890625 0.044921875 0.0439453125
0 1.0 0.0703125 0.048828125 0.064453125
0 0.25390625 0.216796875 0.1396484375 0.0615234375
0 0.470703125 0.091796875 0.0849609375 0.0478515625
0 0.888671875 0.927734375 0.05859375 0.0625
0 0.775390625 0.5478515625 0.0419921875 0.0380859375
0 0.603515625 0.9921875 0.068359375 0.0546875
0 0.7900390625 0.6103515625 0.0634765625 0.060546875
0 0.0673828125 0.1923828125 0.0673828125 0.0791015625
0 0.6787109375 0.455078125 0.068359375 0.0791015625
0 0.52734375 0.6025390625 0.1015625 0.0927734375
0 0.142578125 0.123046875 0.0791015625 0.0556640625
0 0.8076171875 0.2109375 0.0615234375 0.091796875
0 0.513671875 0.2470703125 0.0537109375 0.0849609375
0 0.330078125 0.923828125 0.0478515625 0.0595703125
0 0.6005859375 0.7177734375 0.103515625 0.0537109375
0 0.953125 1.0 0.0693359375 0.06640625
0 0.029296875 0.3974609375 0.029296875 0.0263671875
0 0.7890625 0.1337890625 0.0673828125 0.05859375
0 0.28515625 0.2578125 0.1142578125 0.04296875
0 0.583984375 0.3310546875 0.11328125 0.0537109375
0 0.2412109375 0.3212890625 0.02734375 0.01953125
0 0.958984375 0.6787109375 0.09375 0.05859375
0 0.634765625 0.4443359375 0.1220703125 0.07421875
0 0.1943359375 0.9453125 0.08984375 0.0537109375
0 0.9462890625 0.53125 0.1484375 0.0458984375
0 0.3544921875 0.9580078125 0.0673828125 0.0283203125
0 0.6748046875 0.1689453125 0.05859375 0.0625
0 0.7783203125 0.2421875 0.072265625 0.0517578125
0 0.0810546875 0.8701171875 0.0810546875 0.0322265625
0 0.681640625 0.9697265625 0.0673828125 0.0439453125
0 0.119140625 0.916015625 0.0595703125 0.056640625
0 0.595703125 0.275390625 0.0654296875 0.0478515625
0 0.7431640625 0.041015625 0.0625 0.041015625
0 0.568359375 0.1943359375 0.1123046875 0.041015625
0 0.87109375 0.3662109375 0.1298828125 0.0390625
0 0.3544921875 0.931640625 0.0546875 0.0556640625
0 0.9033203125 0.494140625 0.091796875 0.0810546875
0 0.849609375 0.1240234375 0.0654296875 0.1240234375
0 0.6142578125 0.1689453125 0.185546875 0.048828125
0 0.845703125 0.33984375 0.068359375 0.064453125
0 0.099609375 0.24609375 0.0771484375 0.0556640625
0 0.8388671875 0.1396484375 0.0615234375 0.056640625
0 0.3642578125 0.048828125 0.048828125 0.0380859375
0 0.26171875 0.98046875 0.0576171875 0.072265625
0 0.7646484375 0.56640625 0.0615234375 0.037109375
0 0.3466796875 0.5966796875 0.076171875 0.0439453125
0 0.7158203125 0.8212890625 0.0615234375 0.0576171875
0 0.427734375 0.474609375 0.10546875 0.09765625
0 0.6396484375 0.8525390625 0.078125 0.0576171875
0 0.8291015625 0.8212890625 0.0703125 0.052734375
0 0.7421875 0.20703125 0.0966796875 0.1044921875
0 0.2734375 0.3740234375 0.109375 0.0556640625
0 0.4482421875 0.4140625 0.076171875 0.0732421875
0 0.517578125 0.70703125 0.0390625 0.05859375
0 0.4150390625 0.41015625 0.158203125 0.1103515625
0 0.3251953125 0.537109375 0.078125 0.05859375
0 0.099609375 0.7890625 0.099609375 0.05078125
0 0.3994140625 0.5654296875 0.115234375 0.0986328125
0 0.5439453125 0.0302734375 0.056640625 0.0302734375
0 0.8349609375 0.796875 0.0634765625 0.04296875
0 0.6787109375 0.6669921875 0.0703125 0.0419921875
0 0.5849609375 0.5693359375 0.0703125 0.080078125
0 0.3095703125 0.3818359375 0.0703125 0.078125
0 0.8369140625 0.91796875 0.1630859375 0.0390625
0 0.31640625 0.49609375 0.1123046875 0.06640625
0 0.8271484375 0.9111328125 0.064453125 0.0537109375
0 0.619140625 0.7177734375 0.046875 0.0595703125
0 0.228515625 0.884765625 0.0810546875 0.0439453125
0 0.40234375 0.1669921875 0.0888671875 0.07421875
0 1.0 1.0 0.05859375 0.017578125
0 0.6396484375 1.0 0.0361328125 0.02734375
0 0.13671875 0.8662109375 0.0771484375 0.0458984375
0 0.2138671875 0.326171875 0.091796875 0.037109375
0 0.9140625 0.2373046875 0.0478515625 0.0771484375
0 0.5322265625 0.8037109375 0.0361328125 0.109375
0 0.4755859375 0.736328125 0.0859375 0.064453125
0 0.1103515625 0.77734375 0.083984375 0.083984375
0 0.1845703125 0.818359375 0.1103515625 0.0986328125
0 0.2490234375 0.75 0.107421875 0.05078125
0 0.2548828125 0.8251953125 0.0615234375 0.0263671875
0 0.5771484375 0.7548828125 0.0849609375 0.0419921875
0 0.2373046875 0.841796875 0.0439453125 0.025390625
0 0.189453125 1.0 0.068359375 0.0302734375
0 0.265625 1.0 0.0732421875 0.01953125
0 0.408203125 0.81640625 0.0791015625 0.0791015625
0 0.0244140625 0.9580078125 0.0234375 0.0419921875
0 0.3994140625 0.9892578125 0.1318359375 0.033203125
0 0.328125 1.0 0.0380859375 0.041015625
0 0.4970703125 0.96875 0.1455078125 0.0419921875
0 0.498046875 1.0 0.0927734375 0.10546875
0 0.5927734375 0.931640625 0.103515625 0.0771484375
0 0.85546875 0.5947265625 0.09765625 0.0478515625
0 1.0 0.74609375 0.025390625 0.052734375
0 0.5751953125 0.75390625 0.044921875 0.03125
