0 0.0732421875 0.15234375 0.0732421875 0.1044921875
0 0.1279296875 0.412109375 0.0888671875 0.0869140625
0 0.1953125 0.3466796875 0.0634765625 0.1123046875
0 0.2314453125 0.212890625 0.0703125 0.0634765625
0 0.2998046875 0.2275390625 0.0732421875 0.0927734375
0 0.0732421875 0.533203125 0.0673828125 0.1025390625
0 0.2353515625 0.5947265625 0.06640625 0.095703125
0 0.28515625 0.654296875 0.080078125 0.09375
0 0.1796875 0.6748046875 0.072265625 0.087890625
0 0.0927734375 0.65625 0.0810546875 0.0615234375
0 0.146484375 0.9287109375 0.0673828125 0.078125
0 0.2392578125 0.962890625 0.0771484375 0.06640625
0 0.28125 0.9267578125 0.07421875 0.080078125
0 0.8896484375 0.9970703125 0.0751953125 0.072265625
0 0.8203125 1.0 0.0634765625 0.0576171875
0 0.791015625 0.9130859375 0.0849609375 0.0810546875
0 0.76953125 0.8359375 0.083984375 0.0634765625
0 0.6279296875 0.890625 0.091796875 0.0732421875
0 0.6845703125 0.796875 0.0859375 0.09765625
0 0.603515625 0.7568359375 0.07421875 0.0703125
0 0.81640625 0.7236328125 0.078125 0.0791015625
0 0.57421875 0.6826171875 0.1396484375 0.0908203125
0 0.939453125 0.6748046875 0.078125 0.0791015625
0 0.986328125 0.65234375 0.0712890625 0.138671875
0 0.9169921875 0.609375 0.078125 0.12109375
0 0.93359375 0.5078125 0.076171875 0.072265625
0 0.7509765625 0.5263671875 0.083984375 0.119140625
0 0.7060546875 0.4482421875 0.078125 0.0673828125
0 0.7373046875 0.40234375 0.07421875 0.076171875
0 0.84765625 0.42578125 0.068359375 0.0751953125
0 0.818359375 0.3603515625 0.05859375 0.06640625
0 0.6162109375 0.32421875 0.0859375 0.0986328125
0 0.6416015625 0.23828125 0.0615234375 0.0673828125
0 0.75 0.203125 0.1083984375 0.0576171875
0 0.515625 0.3779296875 0.064453125 0.0595703125
0 0.451171875 0.3828125 0.080078125 0.07421875
0 0.4140625 0.3466796875 0.07421875 0.0673828125
0 0.890625 0.2421875 0.0703125 0.080078125
0 0.9736328125 0.291015625 0.076171875 0.0673828125
0 0.98828125 0.3798828125 0.0595703125 0.0625
0 1.0 0.4296875 0.041015625 0.05859375
0 0.7353515625 0.26953125 0.0751953125 0.0693359375
0 0.619140625 0.0576171875 0.072265625 0.0546875
0 0.4091796875 1.0 0.0654296875 0.068359375
0 0.41796875 0.791015625 0.0615234375 0.052734375
0 0.373046875 0.2685546875 0.0595703125 0.064453125
0 0.28515625 0.427734375 0.0595703125 0.0673828125
0 0.28125 0.1533203125 0.083984375 0.0712890625
0 0.7900390625 0.9853515625 0.0625 0.0625
0 0.9228515625 0.041015625 0.09765625 0.041015625
0 0.462890625 1.0 0.0625 0.048828125
0 0.7021484375 0.046875 0.0546875 0.046875
0 0.9990234375 0.029296875 0.044921875 0.0283203125
0 1.0 0.2919921875 0.0341796875 0.0966796875
0 0.9404296875 0.3681640625 0.044921875 0.0498046875
0 0.669921875 0.2724609375 0.0537109375 0.0771484375
0 0.5498046875 0.033203125 0.080078125 0.033203125
0 0.7861328125 0.3798828125 0.0654296875 0.0595703125
0 0.541015625 0.9072265625 0.0556640625 0.048828125
0 0.4111328125 0.90234375 0.0712890625 0.0419921875
0 0.3623046875 0.953125 0.0458984375 0.0517578125
0 0.353515625 1.0 0.044921875 0.0224609375
0 1.0 0.3662109375 0.02734375 0.0322265625
