0 0.2265625 0.060546875 0.064453125 0.060546875
0 0.3076171875 0.0791015625 0.072265625 0.0673828125
0 0.2236328125 0.130859375 0.0654296875 0.07421875
0 0.4384765625 0.115234375 0.0712890625 0.0869140625
0 0.3818359375 0.2568359375 0.0849609375 0.08203125
0 0.2412109375 0.37890625 0.0849609375 0.0556640625
0 0.130859375 0.3330078125 0.0517578125 0.068359375
0 0.18359375 0.33984375 0.0576171875 0.060546875
0 0.345703125 0.4609375 0.0732421875 0.0751953125
0 0.2802734375 0.4892578125 0.09375 0.0859375
0 0.1767578125 0.537109375 0.0849609375 0.0673828125
0 0.1044921875 0.716796875 0.09765625 0.0751953125
0 0.2158203125 0.7099609375 0.099609375 0.0703125
0 0.37890625 0.6923828125 0.0810546875 0.0830078125
0 0.4736328125 0.5771484375 0.0830078125 0.0771484375
0 0.455078125 0.5068359375 0.08203125 0.068359375
0 0.642578125 0.48046875 0.08984375 0.0703125
0 0.62890625 0.541015625 0.06640625 0.0693359375
0 0.5869140625 0.60546875 0.09765625 0.072265625
0 0.384765625 0.9580078125 0.1064453125 0.103515625
0 0.29296875 0.8759765625 0.0693359375 0.072265625
0 0.2900390625 0.93359375 0.052734375 0.060546875
0 0.09375 0.921875 0.0615234375 0.080078125
0 0.1591796875 1.0 0.0673828125 0.052734375
0 0.8515625 1.0 0.0546875 0.0478515625
0 0.916015625 1.0 0.0791015625 0.029296875
0 0.7607421875 0.9521484375 0.0625 0.0537109375
0 0.5703125 0.95703125 0.0732421875 0.0634765625
0 0.6162109375 0.8798828125 0.0849609375 0.099609375
0 0.828125 0.8955078125 0.0751953125 0.1201171875
0 0.7041015625 0.85546875 0.048828125 0.0673828125
0 0.501953125 0.7421875 0.0712890625 0.060546875
0 0.7197265625 0.4375 0.0615234375 0.0732421875
0 0.818359375 0.41796875 0.0830078125 0.076171875
0 0.7265625 0.3203125 0.091796875 0.06640625
0 0.6171875 0.2841796875 0.083984375 0.0830078125
0 0.447265625 0.279296875 0.0751953125 0.083984375
0 0.486328125 0.2099609375 0.0869140625 0.06640625
0 0.5771484375 0.1640625 0.0751953125 0.060546875
0 0.6005859375 0.212890625 0.09375 0.056640625
0 0.6982421875 0.7060546875 0.0576171875 0.064453125
0 0.734375 0.2333984375 0.08203125 0.0966796875
0 0.4970703125 0.0693359375 0.0556640625 0.0693359375
0 0.9169921875 0.1025390625 0.1171875 0.0732421875
0 0.9453125 0.1904296875 0.10546875 0.095703125
0 0.951171875 0.234375 0.0498046875 0.080078125
0 1.0 0.2353515625 0.056640625 0.072265625
0 0.9521484375 0.3330078125 0.0634765625 0.06640625
0 1.0 0.3203125 0.0341796875 0.0556640625
0 0.212890625 0.8642578125 0.0859375 0.08984375
0 0.865234375 0.48046875 0.076171875 0.0859375
0 0.8056640625 0.6640625 0.0693359375 0.05859375
0 0.32421875 1.0 0.078125 0.0595703125
0 0.671875 0.9111328125 0.1552734375 0.111328125
0 0.09765625 0.0263671875 0.076171875 0.0263671875
0 0.98046875 0.5146484375 0.068359375 0.064453125
0 0.029296875 0.6630859375 0.029296875 0.056640625
0 0.0283203125 1.0 0.0283203125 0.0576171875
0 0.998046875 0.8359375 0.0224609375 0.0693359375
