0 0.0947265625 0.412109375 0.0771484375 0.078125
0 0.11328125 0.345703125 0.0810546875 0.0693359375
0 0.21484375 0.3759765625 0.083984375 0.0927734375
0 0.3056640625 0.44140625 0.080078125 0.1181640625
0 0.236328125 0.189453125 0.14453125 0.0849609375
0 0.0478515625 0.2763671875 0.0478515625 0.0693359375
0 0.83203125 0.1484375 0.10546875 0.0771484375
0 0.7392578125 0.2373046875 0.0830078125 0.0771484375
0 0.5 0.138671875 0.0888671875 0.0703125
0 0.8935546875 0.2978515625 0.0849609375 0.0673828125
0 0.7978515625 0.2919921875 0.0732421875 0.044921875
0 1.0 0.3427734375 0.08203125 0.072265625
0 0.765625 0.5224609375 0.0986328125 0.0703125
0 1.0 0.474609375 0.0986328125 0.06640625
0 0.560546875 0.3671875 0.09765625 0.0634765625
0 0.556640625 0.5537109375 0.109375 0.0947265625
0 0.6591796875 0.5244140625 0.0908203125 0.0576171875
0 0.6279296875 0.6357421875 0.0771484375 0.0732421875
0 0.5 0.671875 0.0888671875 0.0966796875
0 0.9482421875 0.748046875 0.095703125 0.080078125
0 0.3271484375 0.6171875 0.076171875 0.0634765625
0 0.1357421875 0.630859375 0.1220703125 0.080078125
0 0.21484375 0.66796875 0.0439453125 0.05078125
0 0.3017578125 0.728515625 0.1005859375 0.08203125
0 0.1357421875 0.7626953125 0.06640625 0.0615234375
0 0.404296875 0.88671875 0.14453125 0.0908203125
0 0.7978515625 0.9375 0.111328125 0.0908203125
0 0.919921875 0.9521484375 0.10546875 0.0595703125
0 0.92578125 0.88671875 0.0947265625 0.05859375
0 0.1748046875 0.908203125 0.0810546875 0.0830078125
0 0.2646484375 0.9384765625 0.1044921875 0.109375
0 0.291015625 1.0 0.1044921875 0.0703125
0 0.732421875 0.7724609375 0.1025390625 0.0830078125
