0 0.8857421875 0.927734375 0.1259765625 0.0927734375
0 0.2060546875 0.59375 0.1494140625 0.1416015625
0 0.9990234375 0.7255859375 0.115234375 0.0947265625
0 0.2607421875 0.638671875 0.0859375 0.1396484375
0 0.955078125 0.90234375 0.1416015625 0.0966796875
0 0.6650390625 0.5869140625 0.240234375 0.142578125
0 0.7705078125 0.572265625 0.2451171875 0.296875
0 0.55859375 0.8466796875 0.1962890625 0.2294921875
0 0.5673828125 0.3662109375 0.232421875 0.123046875
0 0.1435546875 0.126953125 0.12109375 0.126953125
0 0.037109375 0.3037109375 0.037109375 0.068359375
0 0.791015625 0.0205078125 0.0380859375 0.0205078125
