0 0.6748046875 0.3623046875 0.1005859375 0.1083984375
0 0.947265625 0.287109375 0.119140625 0.1142578125
0 0.4951171875 0.1962890625 0.0751953125 0.0869140625
0 0.57421875 0.5244140625 0.08203125 0.0703125
0 0.857421875 0.3994140625 0.068359375 0.072265625
0 0.84765625 0.1064453125 0.0869140625 0.087890625
0 0.1591796875 0.125 0.11328125 0.072265625
0 0.4794921875 0.0419921875 0.0927734375 0.0419921875
0 1.0 0.669921875 0.060546875 0.1181640625
0 0.7021484375 0.619140625 0.0947265625 0.0673828125
0 0.7841796875 0.421875 0.0966796875 0.0673828125
0 0.70703125 0.5498046875 0.087890625 0.0625
0 0.8017578125 0.7421875 0.0849609375 0.1201171875
0 0.72265625 0.0791015625 0.052734375 0.0791015625
0 0.9169921875 0.51953125 0.0771484375 0.087890625
0 0.90234375 0.5966796875 0.107421875 0.0576171875
0 0.63671875 0.474609375 0.0693359375 0.09765625
0 0.779296875 0.349609375 0.080078125 0.0830078125
0 0.5791015625 0.6767578125 0.07421875 0.0673828125
0 0.7294921875 0.287109375 0.080078125 0.0625
0 0.6533203125 0.1103515625 0.048828125 0.078125
0 0.6015625 0.6044921875 0.0693359375 0.080078125
0 0.5302734375 0.60546875 0.0400390625 0.03515625
0 0.8818359375 0.7421875 0.1201171875 0.107421875
0 0.689453125 0.0673828125 0.1083984375 0.0673828125
