0 0.3046875 0.08203125 0.091796875 0.0615234375
0 0.4541015625 0.5146484375 0.091796875 0.0712890625
0 0.1748046875 0.1787109375 0.1435546875 0.0888671875
0 0.3837890625 0.1923828125 0.10546875 0.0693359375
0 0.169921875 0.7392578125 0.0810546875 0.046875
0 0.53125 0.4951171875 0.1162109375 0.052734375
0 0.3662109375 0.4033203125 0.0791015625 0.052734375
0 0.1728515625 0.6240234375 0.0927734375 0.0556640625
0 0.3212890625 0.208984375 0.119140625 0.0654296875
0 0.107421875 0.947265625 0.048828125 0.078125
0 0.9384765625 0.677734375 0.1123046875 0.037109375
0 0.2724609375 0.1513671875 0.1044921875 0.05859375
0 0.462890625 0.98046875 0.095703125 0.0634765625
0 0.21484375 0.4814453125 0.1044921875 0.044921875
0 0.2578125 0.7490234375 0.095703125 0.0546875
0 0.8662109375 0.638671875 0.0986328125 0.0576171875
0 0.783203125 0.2294921875 0.083984375 0.0517578125
0 0.8779296875 0.4873046875 0.080078125 0.05078125
0 0.84765625 0.59375 0.11328125 0.0634765625
0 0.8115234375 0.0625 0.037109375 0.0625
0 0.2099609375 0.54296875 0.107421875 0.046875
0 0.7138671875 0.0458984375 0.0478515625 0.0439453125
0 0.4736328125 0.865234375 0.107421875 0.056640625
0 0.8154296875 0.07421875 0.0654296875 0.037109375
0 0.44921875 0.220703125 0.0634765625 0.0283203125
0 0.3076171875 0.8857421875 0.1103515625 0.044921875
0 0.33203125 0.02734375 0.072265625 0.02734375
0 0.474609375 0.908203125 0.091796875 0.052734375
0 0.986328125 0.78125 0.068359375 0.04296875
0 0.572265625 0.4482421875 0.0830078125 0.0458984375
0 0.4248046875 0.80078125 0.1259765625 0.0732421875
0 0.0556640625 0.806640625 0.0556640625 0.0537109375
0 0.228515625 0.828125 0.12890625 0.0458984375
0 0.166015625 0.990234375 0.1279296875 0.052734375
0 0.79296875 0.5087890625 0.1005859375 0.0498046875
0 0.58203125 0.23828125 0.06640625 0.0244140625
0 0.3515625 0.9208984375 0.0869140625 0.03515625
0 0.107421875 0.728515625 0.0810546875 0.04296875
0 0.07421875 0.990234375 0.07421875 0.041015625
0 0.576171875 0.1162109375 0.1533203125 0.05078125
0 0.46484375 0.1572265625 0.0703125 0.0458984375
0 0.5712890625 0.08984375 0.056640625 0.0458984375
0 0.716796875 0.1953125 0.0771484375 0.046875
0 0.529296875 0.46484375 0.0634765625 0.046875
0 0.623046875 0.9140625 0.1044921875 0.0771484375
0 0.25390625 0.2041015625 0.095703125 0.04296875
0 0.3515625 0.7607421875 0.0751953125 0.041015625
0 0.8544921875 0.98828125 0.1171875 0.0546875
0 0.693359375 0.46484375 0.0771484375 0.04296875
0 0.1572265625 0.505859375 0.0927734375 0.0380859375
0 0.9404296875 0.8330078125 0.0732421875 0.052734375
0 0.7060546875 0.7236328125 0.05078125 0.0458984375
0 0.3203125 0.8701171875 0.0849609375 0.060546875
0 0.7548828125 0.412109375 0.111328125 0.0458984375
0 0.0771484375 0.2001953125 0.0771484375 0.0390625
0 0.4033203125 0.7158203125 0.11328125 0.046875
0 1.0 0.43359375 0.056640625 0.037109375
0 0.150390625 1.0 0.10546875 0.0234375
0 0.76953125 0.9560546875 0.10546875 0.041015625
0 0.2177734375 0.427734375 0.111328125 0.0439453125
0 0.1640625 0.484375 0.154296875 0.0625
0 0.1376953125 0.4453125 0.1328125 0.11328125
0 0.7333984375 0.2939453125 0.0517578125 0.037109375
0 0.4462890625 0.1376953125 0.1005859375 0.044921875
0 1.0 0.1748046875 0.033203125 0.078125
0 1.0 0.5029296875 0.033203125 0.064453125
