0 0.8427734375 0.6123046875 0.193359375 0.107421875
0 0.328125 0.6259765625 0.0986328125 0.09375
0 0.88671875 0.1474609375 0.076171875 0.1279296875
0 0.279296875 0.9765625 0.1201171875 0.125
0 0.982421875 0.029296875 0.150390625 0.029296875
0 0.1845703125 0.9892578125 0.1279296875 0.1123046875
0 0.400390625 0.9951171875 0.1357421875 0.2060546875
0 0.564453125 0.34375 0.3271484375 0.1396484375
0 0.8447265625 0.3720703125 0.0927734375 0.150390625
0 0.9462890625 0.3349609375 0.1318359375 0.2646484375
0 0.82421875 0.779296875 0.1220703125 0.0869140625
0 0.693359375 0.189453125 0.2939453125 0.1220703125
0 0.4267578125 0.08984375 0.1171875 0.08984375
0 0.33984375 0.162109375 0.10546875 0.162109375
0 0.126953125 0.671875 0.078125 0.0791015625
0 0.1845703125 0.4599609375 0.1123046875 0.080078125
0 0.2294921875 0.58984375 0.0927734375 0.3232421875
0 0.44921875 0.0693359375 0.0595703125 0.046875
