0 0.212890625 0.0283203125 0.212890625 0.0283203125
0 0.759765625 0.48828125 0.138671875 0.1396484375
0 0.3662109375 0.4775390625 0.3203125 0.16015625
0 0.4951171875 0.0986328125 0.2978515625 0.0986328125
0 0.2822265625 0.3798828125 0.2822265625 0.1025390625
0 1.0 0.2216796875 0.306640625 0.1318359375
0 1.0 0.71484375 0.19140625 0.166015625
0 0.8984375 0.052734375 0.154296875 0.052734375
0 1.0 0.9130859375 0.048828125 0.1591796875
0 0.8115234375 0.845703125 0.103515625 0.1123046875
0 0.61328125 0.73828125 0.3798828125 0.11328125
0 0.658203125 0.1572265625 0.15234375 0.140625
0 0.8427734375 0.8623046875 0.076171875 0.1220703125
0 0.8720703125 0.8740234375 0.0830078125 0.1201171875
0 0.97265625 0.9736328125 0.046875 0.244140625
0 0.1357421875 0.1767578125 0.1357421875 0.080078125
0 0.3505859375 0.068359375 0.232421875 0.068359375
0 0.4794921875 0.1083984375 0.2509765625 0.1083984375
