0 0.9677734375 0.1669921875 0.138671875 0.0771484375
0 0.783203125 0.19140625 0.0927734375 0.0625
0 0.4765625 0.0966796875 0.0673828125 0.0966796875
0 0.453125 0.1484375 0.0810546875 0.072265625
0 0.5439453125 0.166015625 0.0908203125 0.0615234375
0 0.6220703125 0.265625 0.0546875 0.0791015625
0 0.6220703125 0.3857421875 0.080078125 0.0693359375
0 0.9404296875 0.294921875 0.0810546875 0.1044921875
0 0.9677734375 0.359375 0.0703125 0.0634765625
0 0.7333984375 0.4345703125 0.0791015625 0.1162109375
0 0.7421875 0.5166015625 0.0908203125 0.0771484375
0 0.63671875 0.4912109375 0.0947265625 0.0927734375
0 0.94140625 0.615234375 0.0673828125 0.0712890625
0 1.0 0.5400390625 0.0537109375 0.1279296875
0 0.7900390625 0.775390625 0.0859375 0.0859375
0 0.6982421875 0.703125 0.201171875 0.078125
0 0.47265625 0.6171875 0.080078125 0.1533203125
0 0.4658203125 0.701171875 0.095703125 0.08984375
0 0.4013671875 0.689453125 0.0771484375 0.083984375
0 0.34375 0.7421875 0.0849609375 0.1181640625
0 0.466796875 0.8486328125 0.0810546875 0.0751953125
0 0.40234375 0.853515625 0.078125 0.068359375
0 0.3857421875 0.943359375 0.05859375 0.0927734375
0 0.4892578125 0.9833984375 0.0869140625 0.0810546875
0 0.6611328125 0.9189453125 0.091796875 0.0830078125
0 0.71875 0.91796875 0.064453125 0.0810546875
0 0.8955078125 0.916015625 0.142578125 0.0830078125
0 0.740234375 1.0 0.1162109375 0.0830078125
0 0.5625 0.9990234375 0.1337890625 0.0556640625
0 0.9140625 1.0 0.07421875 0.0625
0 0.2197265625 0.345703125 0.1650390625 0.0849609375
0 0.0732421875 0.4775390625 0.0732421875 0.07421875
0 0.1015625 0.603515625 0.05859375 0.1044921875
0 0.3720703125 0.494140625 0.1220703125 0.07421875
0 0.326171875 0.5634765625 0.0869140625 0.0732421875
0 0.4599609375 0.4384765625 0.080078125 0.0751953125
0 0.3359375 0.0869140625 0.134765625 0.0869140625
0 0.3369140625 0.107421875 0.064453125 0.064453125
0 0.1787109375 0.9794921875 0.0791015625 0.0537109375
0 0.2587890625 0.8095703125 0.06640625 0.064453125
0 0.1455078125 1.0 0.0830078125 0.0263671875
