0 0.1044921875 0.7314453125 0.0947265625 0.0849609375
0 0.994140625 0.7822265625 0.107421875 0.0947265625
0 0.6171875 0.8330078125 0.068359375 0.0751953125
0 1.0 0.9140625 0.1201171875 0.0693359375
0 0.9296875 0.4541015625 0.0849609375 0.109375
0 0.7294921875 0.82421875 0.08203125 0.08203125
0 0.8271484375 0.32421875 0.1025390625 0.1044921875
0 0.904296875 0.169921875 0.091796875 0.1103515625
0 0.8017578125 0.7373046875 0.08203125 0.087890625
0 0.71875 0.5361328125 0.072265625 0.0908203125
0 0.9482421875 0.9716796875 0.06640625 0.0625
0 0.8623046875 0.091796875 0.10546875 0.08984375
0 0.91796875 0.2138671875 0.095703125 0.1123046875
0 0.89453125 0.3095703125 0.080078125 0.099609375
0 1.0 0.2568359375 0.0400390625 0.078125
0 0.87890625 0.9912109375 0.0634765625 0.0703125
0 1.0 0.51953125 0.10546875 0.076171875
0 0.9169921875 0.82421875 0.0625 0.064453125
0 0.9765625 0.8447265625 0.07421875 0.0947265625
0 0.7392578125 0.8896484375 0.0771484375 0.0625
0 0.9892578125 0.2197265625 0.0830078125 0.1484375
