0 0.8447265625 0.234375 0.115234375 0.1044921875
0 0.234375 0.8173828125 0.125 0.119140625
0 0.0576171875 0.576171875 0.0576171875 0.1220703125
0 0.373046875 0.7783203125 0.140625 0.1123046875
0 0.822265625 0.8818359375 0.09765625 0.1025390625
0 0.4375 0.4921875 0.0927734375 0.0830078125
0 0.931640625 0.71484375 0.1044921875 0.1279296875
0 0.0791015625 0.197265625 0.0791015625 0.1123046875
0 0.646484375 0.1708984375 0.091796875 0.0830078125
0 0.5439453125 0.287109375 0.1767578125 0.09765625
0 0.8740234375 0.3779296875 0.107421875 0.08203125
0 0.7900390625 0.4482421875 0.1025390625 0.0751953125
0 0.181640625 0.3818359375 0.1123046875 0.115234375
0 0.5390625 0.876953125 0.0693359375 0.0751953125
0 0.3212890625 0.236328125 0.1845703125 0.1552734375
0 0.6845703125 0.96484375 0.0927734375 0.091796875
0 1.0 0.2431640625 0.125 0.123046875
0 0.8173828125 0.7705078125 0.0927734375 0.0849609375
0 0.3125 0.49609375 0.072265625 0.080078125
0 0.828125 0.611328125 0.0986328125 0.0888671875
0 0.14453125 0.947265625 0.0771484375 0.08984375
0 0.49609375 0.9404296875 0.09765625 0.0849609375
0 0.763671875 0.6806640625 0.1123046875 0.09765625
0 0.1923828125 0.5546875 0.0927734375 0.0751953125
0 0.3583984375 1.0 0.1025390625 0.07421875
0 0.396484375 0.4013671875 0.08984375 0.0751953125
0 0.40625 0.5380859375 0.0849609375 0.060546875
0 0.2470703125 0.2822265625 0.1025390625 0.072265625
0 0.1279296875 0.4658203125 0.09765625 0.0654296875
0 0.6640625 0.22265625 0.08984375 0.08984375
