0 0.7841796875 0.1748046875 0.1044921875 0.080078125
0 0.7744140625 0.3642578125 0.0947265625 0.0693359375
0 0.90234375 0.89453125 0.0830078125 0.099609375
0 0.82421875 0.4521484375 0.1025390625 0.0947265625
0 1.0 0.1943359375 0.1708984375 0.0703125
0 0.8623046875 0.994140625 0.1181640625 0.07421875
0 0.6533203125 0.5068359375 0.0849609375 0.0908203125
0 0.919921875 0.3916015625 0.1376953125 0.0625
0 0.8369140625 0.0771484375 0.1025390625 0.0771484375
0 0.9560546875 0.470703125 0.140625 0.072265625
0 0.8349609375 0.9072265625 0.1083984375 0.0927734375
0 0.9169921875 0.6396484375 0.1025390625 0.0849609375
0 1.0 0.5849609375 0.1484375 0.0654296875
0 0.99609375 0.326171875 0.15234375 0.0625
0 0.888671875 0.1630859375 0.1005859375 0.064453125
0 0.9345703125 0.0849609375 0.1171875 0.052734375
0 0.9970703125 0.08203125 0.1328125 0.072265625
0 0.0654296875 0.8095703125 0.0654296875 0.05859375
0 1.0 0.4873046875 0.0830078125 0.0537109375
