0 0.091796875 0.5615234375 0.0712890625 0.0634765625
0 0.2861328125 0.2099609375 0.09375 0.087890625
0 0.361328125 0.2236328125 0.0751953125 0.087890625
0 0.5078125 0.2607421875 0.125 0.09375
0 0.4638671875 0.322265625 0.0888671875 0.0625
0 0.5537109375 0.150390625 0.103515625 0.083984375
0 0.5791015625 1.0 0.115234375 0.1201171875
0 0.548828125 0.7578125 0.0703125 0.10546875
0 0.55078125 0.6728515625 0.119140625 0.119140625
0 0.474609375 0.7080078125 0.0615234375 0.0869140625
0 0.73046875 0.7998046875 0.0927734375 0.068359375
0 0.6083984375 0.818359375 0.078125 0.068359375
0 0.8173828125 0.76953125 0.083984375 0.0859375
0 0.8349609375 0.638671875 0.09765625 0.11328125
0 0.9404296875 1.0 0.09375 0.05078125
0 1.0 0.7490234375 0.0712890625 0.11328125
0 0.830078125 0.22265625 0.0517578125 0.0751953125
0 0.875 0.25390625 0.0712890625 0.068359375
0 0.9306640625 0.3095703125 0.068359375 0.0859375
0 0.9091796875 0.169921875 0.0732421875 0.142578125
0 0.7568359375 0.6787109375 0.0546875 0.083984375
