0 0.5400390625 1.0 0.0615234375 0.044921875
0 0.59375 0.9921875 0.052734375 0.0654296875
0 0.6689453125 0.9951171875 0.068359375 0.056640625
0 0.8486328125 1.0 0.0703125 0.025390625
0 0.939453125 1.0 0.0771484375 0.0625
0 0.8515625 0.892578125 0.08203125 0.068359375
0 0.7578125 0.84765625 0.05859375 0.0947265625
0 0.83984375 0.7900390625 0.0625 0.0771484375
0 0.54296875 0.7353515625 0.0791015625 0.0712890625
0 0.74609375 0.732421875 0.0966796875 0.115234375
0 0.67578125 0.6728515625 0.126953125 0.0869140625
0 0.466796875 0.640625 0.068359375 0.0712890625
0 0.3095703125 0.7666015625 0.0791015625 0.0595703125
0 0.1728515625 0.7822265625 0.1025390625 0.0908203125
0 0.107421875 0.732421875 0.0830078125 0.0771484375
0 0.06640625 0.6904296875 0.06640625 0.076171875
0 0.337890625 0.5830078125 0.076171875 0.0791015625
0 0.3408203125 0.494140625 0.0791015625 0.076171875
0 0.2587890625 0.4794921875 0.056640625 0.0712890625
0 0.43359375 0.490234375 0.0712890625 0.0693359375
0 0.5146484375 0.3681640625 0.0771484375 0.0712890625
0 0.3525390625 0.3388671875 0.07421875 0.0654296875
0 0.0400390625 0.353515625 0.0400390625 0.091796875
0 0.1689453125 0.4775390625 0.0556640625 0.0654296875
0 0.6259765625 0.353515625 0.0712890625 0.0859375
0 0.6767578125 0.453125 0.0888671875 0.078125
0 0.791015625 0.4931640625 0.0634765625 0.1044921875
0 0.7177734375 0.51171875 0.080078125 0.0615234375
0 0.7509765625 0.615234375 0.087890625 0.1181640625
0 0.859375 0.4658203125 0.072265625 0.0654296875
0 0.9775390625 0.53515625 0.0625 0.0771484375
0 0.923828125 0.6650390625 0.0595703125 0.078125
0 0.9296875 0.328125 0.1396484375 0.068359375
0 0.716796875 0.390625 0.0556640625 0.078125
0 0.193359375 0.2138671875 0.1005859375 0.080078125
0 0.259765625 0.2099609375 0.068359375 0.068359375
0 0.5068359375 0.2041015625 0.0947265625 0.07421875
0 0.404296875 0.1318359375 0.0888671875 0.0625
0 0.5869140625 0.09765625 0.0908203125 0.0927734375
0 0.6767578125 0.1650390625 0.0732421875 0.0625
0 0.5908203125 0.21875 0.0869140625 0.0849609375
0 0.6044921875 0.248046875 0.0654296875 0.0625
0 0.923828125 0.111328125 0.0625 0.0791015625
0 0.986328125 0.146484375 0.0771484375 0.0654296875
0 0.84765625 0.1201171875 0.0615234375 0.0771484375
0 0.6337890625 0.1474609375 0.083984375 0.07421875
0 0.482421875 0.4580078125 0.0830078125 0.064453125
0 1.0 0.650390625 0.025390625 0.048828125
0 0.2734375 0.9072265625 0.0732421875 0.09375
0 1.0 0.990234375 0.029296875 0.072265625
0 0.7431640625 0.3330078125 0.0478515625 0.048828125
0 0.439453125 0.314453125 0.07421875 0.0517578125
