0 0.8408203125 0.4892578125 0.1015625 0.125
0 0.41015625 0.6865234375 0.1318359375 0.0849609375
0 1.0 0.751953125 0.0439453125 0.1005859375
0 0.92578125 0.87109375 0.125 0.0830078125
0 0.1640625 0.3818359375 0.0966796875 0.1796875
0 0.490234375 0.9208984375 0.1884765625 0.1337890625
0 0.33984375 0.39453125 0.1025390625 0.177734375
0 0.833984375 0.140625 0.08203125 0.140625
0 1.0 0.314453125 0.0458984375 0.09765625
0 0.5947265625 0.83203125 0.1181640625 0.1123046875
0 0.9990234375 0.3935546875 0.078125 0.072265625
0 0.876953125 0.1748046875 0.064453125 0.08984375
0 0.3896484375 0.2216796875 0.0849609375 0.0849609375
0 1.0 0.658203125 0.0478515625 0.1083984375
0 0.9169921875 0.82421875 0.1328125 0.1767578125
0 0.58984375 0.625 0.1875 0.1708984375
0 0.654296875 0.6455078125 0.099609375 0.09375
0 0.322265625 0.1044921875 0.078125 0.1025390625
0 0.494140625 0.24609375 0.0947265625 0.1806640625
0 0.5380859375 0.2431640625 0.09765625 0.0927734375
0 0.0888671875 0.0986328125 0.0771484375 0.0888671875
0 0.232421875 0.234375 0.0751953125 0.08984375
0 0.41015625 0.0419921875 0.0576171875 0.0419921875
0 0.0673828125 0.689453125 0.0654296875 0.0751953125
0 0.0869140625 0.76953125 0.0849609375 0.080078125
0 0.0390625 0.5419921875 0.037109375 0.0654296875
0 0.0771484375 0.9619140625 0.0751953125 0.0673828125
0 0.1552734375 0.1943359375 0.09375 0.09375
0 0.158203125 0.123046875 0.087890625 0.06640625
0 0.625 0.7255859375 0.0849609375 0.0791015625
