0 0.884765625 0.8720703125 0.140625 0.087890625
0 0.646484375 0.837890625 0.1298828125 0.0771484375
0 0.8076171875 0.3369140625 0.1201171875 0.08203125
0 0.654296875 0.5166015625 0.1669921875 0.0869140625
0 0.9892578125 0.4091796875 0.14453125 0.099609375
0 0.7724609375 0.4423828125 0.1279296875 0.078125
0 0.224609375 0.466796875 0.1396484375 0.09765625
0 0.0966796875 0.259765625 0.091796875 0.10546875
0 0.5166015625 0.5595703125 0.1416015625 0.0546875
0 0.421875 0.1474609375 0.09765625 0.068359375
0 0.3447265625 0.0595703125 0.1103515625 0.0595703125
0 0.736328125 0.9765625 0.103515625 0.0595703125
0 0.51953125 0.4248046875 0.0849609375 0.08984375
0 0.9892578125 0.9716796875 0.0947265625 0.08203125
0 0.4921875 0.072265625 0.080078125 0.0654296875
0 0.486328125 1.0 0.09375 0.0537109375
0 0.994140625 0.0244140625 0.0869140625 0.0244140625
0 0.119140625 0.857421875 0.0693359375 0.0927734375
0 0.1875 0.9375 0.087890625 0.068359375
0 0.4091796875 0.07421875 0.0693359375 0.0693359375
0 0.7724609375 1.0 0.1552734375 0.025390625
