0 1.0 0.4619140625 0.0478515625 0.08203125
0 0.681640625 0.6298828125 0.072265625 0.095703125
0 0.3916015625 1.0 0.0849609375 0.0576171875
0 0.9697265625 0.6572265625 0.123046875 0.09765625
0 0.5625 0.787109375 0.0732421875 0.0654296875
0 0.357421875 0.94921875 0.087890625 0.091796875
0 0.482421875 0.75 0.0625 0.05078125
0 0.6572265625 0.7841796875 0.0576171875 0.0966796875
0 0.4091796875 0.8671875 0.0869140625 0.0625
0 0.4970703125 0.572265625 0.0771484375 0.09765625
0 0.6591796875 0.3544921875 0.091796875 0.0703125
0 0.25 0.5244140625 0.10546875 0.0869140625
0 0.197265625 0.716796875 0.0673828125 0.08984375
0 0.787109375 0.689453125 0.0654296875 0.0498046875
0 0.5419921875 0.2822265625 0.0595703125 0.0849609375
0 0.7216796875 0.171875 0.0576171875 0.099609375
0 0.5791015625 0.171875 0.072265625 0.1220703125
0 0.6435546875 0.1796875 0.0595703125 0.0771484375
0 0.2197265625 0.2919921875 0.1005859375 0.072265625
0 0.07421875 0.5244140625 0.072265625 0.0703125
0 0.126953125 0.716796875 0.064453125 0.0673828125
0 0.51953125 0.2470703125 0.0576171875 0.099609375
0 0.0390625 0.18359375 0.0390625 0.041015625
0 0.6865234375 0.52734375 0.052734375 0.046875
0 0.255859375 0.9140625 0.060546875 0.0517578125
