0 0.9541015625 1.0 0.099609375 0.0859375
0 0.876953125 0.9658203125 0.0546875 0.0712890625
0 0.9755859375 0.962890625 0.0390625 0.0595703125
0 0.6943359375 1.0 0.080078125 0.068359375
0 0.6025390625 1.0 0.0751953125 0.033203125
0 0.5380859375 0.9560546875 0.05859375 0.06640625
0 0.48046875 1.0 0.083984375 0.1005859375
0 0.3447265625 0.986328125 0.10546875 0.0537109375
0 0.3408203125 0.9248046875 0.056640625 0.060546875
0 0.2626953125 0.9150390625 0.0830078125 0.0625
0 0.2412109375 0.845703125 0.07421875 0.0712890625
0 0.1083984375 0.8369140625 0.072265625 0.068359375
0 0.0830078125 0.7763671875 0.0654296875 0.072265625
0 0.2578125 0.71875 0.078125 0.0751953125
0 0.677734375 0.78125 0.1337890625 0.0595703125
0 0.744140625 0.869140625 0.09375 0.0810546875
0 0.7958984375 0.7978515625 0.103515625 0.0673828125
0 0.625 0.7080078125 0.0947265625 0.08984375
0 0.5185546875 0.6591796875 0.0625 0.072265625
0 0.486328125 0.7216796875 0.068359375 0.056640625
0 0.287109375 0.6142578125 0.083984375 0.09765625
0 0.193359375 0.626953125 0.0947265625 0.109375
0 0.064453125 0.5751953125 0.064453125 0.0703125
0 0.1044921875 0.1416015625 0.07421875 0.0810546875
0 0.11328125 0.1884765625 0.11328125 0.0615234375
0 0.220703125 0.2451171875 0.060546875 0.103515625
0 0.2919921875 0.244140625 0.0712890625 0.0859375
0 0.1884765625 0.4541015625 0.130859375 0.123046875
0 0.26171875 0.4853515625 0.109375 0.0625
0 0.400390625 0.439453125 0.1171875 0.0859375
0 0.5859375 0.2197265625 0.0771484375 0.1318359375
0 0.4658203125 0.0986328125 0.064453125 0.05859375
0 0.76953125 0.22265625 0.1005859375 0.0966796875
0 0.7275390625 0.2841796875 0.078125 0.0791015625
0 0.6318359375 0.3369140625 0.0537109375 0.1025390625
0 0.5029296875 0.2890625 0.0595703125 0.0791015625
0 0.8994140625 0.302734375 0.115234375 0.1201171875
0 0.8974609375 0.341796875 0.0888671875 0.0625
0 0.9521484375 0.3046875 0.0830078125 0.05859375
0 1.0 0.2880859375 0.048828125 0.05859375
0 1.0 0.2177734375 0.0927734375 0.0712890625
0 1.0 0.1376953125 0.103515625 0.0634765625
0 1.0 0.388671875 0.0458984375 0.0830078125
0 0.72265625 0.4287109375 0.0576171875 0.0595703125
0 1.0 0.546875 0.0693359375 0.0830078125
0 0.828125 0.6630859375 0.1376953125 0.0791015625
0 0.8173828125 0.7216796875 0.0537109375 0.091796875
0 0.9169921875 0.796875 0.068359375 0.1064453125
0 0.97265625 0.765625 0.068359375 0.0703125
0 0.640625 0.8310546875 0.0654296875 0.0537109375
0 0.9609375 0.8359375 0.052734375 0.0498046875
0 0.3916015625 0.078125 0.064453125 0.056640625
0 0.6708984375 0.0478515625 0.0947265625 0.0478515625
0 0.9482421875 0.4375 0.0859375 0.0830078125
0 0.8388671875 1.0 0.072265625 0.0322265625
0 0.46484375 0.1533203125 0.0947265625 0.076171875
0 0.1220703125 0.59765625 0.0869140625 0.0673828125
0 0.732421875 0.7578125 0.068359375 0.0537109375
0 0.859375 0.0498046875 0.080078125 0.0498046875
0 1.0 0.033203125 0.0849609375 0.033203125
0 0.8076171875 0.0302734375 0.099609375 0.0302734375
0 0.1767578125 0.3681640625 0.0771484375 0.0576171875
0 0.921875 0.8408203125 0.080078125 0.0458984375
0 1.0 0.435546875 0.060546875 0.056640625
0 0.30078125 0.7314453125 0.0576171875 0.0693359375
