0 0.2373046875 0.2431640625 0.1533203125 0.05859375
0 0.25 0.380859375 0.0849609375 0.06640625
0 0.3798828125 0.2998046875 0.09375 0.060546875
0 0.4697265625 0.4853515625 0.10546875 0.1787109375
0 0.55859375 0.451171875 0.078125 0.126953125
0 0.640625 0.3759765625 0.0439453125 0.072265625
0 0.7021484375 0.455078125 0.0478515625 0.08203125
0 0.759765625 0.4013671875 0.0927734375 0.0869140625
0 0.8408203125 0.314453125 0.1044921875 0.0888671875
0 0.779296875 0.224609375 0.0517578125 0.0625
0 0.9658203125 0.248046875 0.119140625 0.0693359375
0 0.9599609375 0.361328125 0.076171875 0.072265625
0 0.9453125 0.458984375 0.07421875 0.091796875
0 0.9287109375 0.52734375 0.08984375 0.076171875
0 0.955078125 0.6728515625 0.1328125 0.0927734375
0 0.693359375 0.625 0.078125 0.0830078125
0 0.3935546875 0.6572265625 0.09375 0.0859375
0 0.3447265625 0.611328125 0.130859375 0.0947265625
0 0.2666015625 0.5087890625 0.0654296875 0.0546875
0 0.13671875 0.587890625 0.080078125 0.0712890625
0 0.1259765625 0.64453125 0.1142578125 0.0791015625
0 0.2509765625 0.755859375 0.1162109375 0.0634765625
0 0.326171875 0.7890625 0.0595703125 0.0498046875
0 0.212890625 0.8818359375 0.115234375 0.08203125
0 0.3037109375 0.9248046875 0.1044921875 0.1015625
0 0.4228515625 0.8681640625 0.1328125 0.076171875
0 0.4482421875 0.939453125 0.0810546875 0.0693359375
0 0.5029296875 0.9111328125 0.0751953125 0.06640625
0 0.7626953125 0.732421875 0.119140625 0.078125
0 0.939453125 0.78515625 0.1240234375 0.080078125
0 0.9423828125 0.0888671875 0.0927734375 0.0888671875
0 0.759765625 0.138671875 0.08203125 0.064453125
0 0.6953125 0.18359375 0.072265625 0.0546875
0 0.8212890625 0.0556640625 0.0849609375 0.0546875
0 0.75 0.046875 0.0771484375 0.041015625
0 0.22265625 0.1494140625 0.12890625 0.072265625
0 0.3681640625 0.0908203125 0.0703125 0.06640625
0 0.4775390625 0.130859375 0.095703125 0.1171875
0 0.2392578125 0.083984375 0.1484375 0.078125
0 0.375 0.181640625 0.1328125 0.0703125
0 0.0595703125 0.2587890625 0.0595703125 0.0732421875
0 0.716796875 0.927734375 0.095703125 0.109375
0 0.9013671875 0.9541015625 0.158203125 0.0654296875
0 0.60546875 1.0 0.068359375 0.0771484375
0 0.5185546875 1.0 0.0517578125 0.078125
0 0.34375 0.9794921875 0.08203125 0.0693359375
0 0.2373046875 0.9892578125 0.0751953125 0.0517578125
