0 0.244140625 0.173828125 0.0537109375 0.0546875
0 0.1494140625 0.234375 0.0791015625 0.046875
0 0.146484375 0.28125 0.09375 0.0400390625
0 0.2333984375 0.2978515625 0.103515625 0.0380859375
0 0.1103515625 0.4140625 0.1103515625 0.078125
0 0.296875 0.3681640625 0.1123046875 0.044921875
0 0.337890625 0.3876953125 0.0546875 0.04296875
0 0.4267578125 0.326171875 0.1025390625 0.0517578125
0 0.4736328125 0.2626953125 0.095703125 0.0390625
0 0.3369140625 0.2158203125 0.0947265625 0.06640625
0 0.45703125 0.146484375 0.11328125 0.0439453125
0 0.52734375 0.16796875 0.0380859375 0.0283203125
0 0.6318359375 0.2626953125 0.134765625 0.041015625
0 0.6455078125 0.283203125 0.041015625 0.04296875
0 0.4794921875 0.4365234375 0.0673828125 0.064453125
0 0.7158203125 0.3818359375 0.1298828125 0.0791015625
0 0.759765625 0.35546875 0.107421875 0.04296875
0 0.8935546875 0.3642578125 0.08203125 0.064453125
0 0.9072265625 0.4775390625 0.0732421875 0.04296875
0 0.796875 0.2861328125 0.072265625 0.0302734375
0 0.818359375 0.2587890625 0.1513671875 0.04296875
0 0.8056640625 0.216796875 0.0419921875 0.08203125
0 0.8701171875 0.1962890625 0.083984375 0.0849609375
0 0.79296875 0.1416015625 0.0673828125 0.056640625
0 0.685546875 0.1318359375 0.1279296875 0.0732421875
0 1.0 0.15625 0.048828125 0.044921875
0 1.0 0.3017578125 0.041015625 0.0419921875
0 0.884765625 0.7314453125 0.0673828125 0.0546875
0 0.8076171875 0.830078125 0.10546875 0.078125
0 0.72265625 0.7216796875 0.1015625 0.0517578125
0 0.62109375 0.65234375 0.056640625 0.0390625
0 0.607421875 0.619140625 0.052734375 0.0341796875
0 0.431640625 0.6875 0.046875 0.0322265625
0 0.583984375 0.87109375 0.0439453125 0.0693359375
0 0.5927734375 1.0 0.13671875 0.083984375
0 0.5087890625 0.8486328125 0.0888671875 0.05859375
0 0.4638671875 0.861328125 0.046875 0.06640625
0 0.3515625 0.85546875 0.0546875 0.091796875
0 0.318359375 0.8681640625 0.09765625 0.0556640625
0 0.2392578125 0.865234375 0.0908203125 0.037109375
0 0.255859375 0.724609375 0.130859375 0.0361328125
0 0.1005859375 0.775390625 0.1005859375 0.0634765625
0 0.576171875 0.109375 0.0986328125 0.0888671875
