0 0.0498046875 0.16015625 0.0498046875 0.1162109375
0 0.1259765625 0.3798828125 0.0595703125 0.0927734375
0 0.2548828125 0.349609375 0.1123046875 0.0517578125
0 0.400390625 0.3525390625 0.1171875 0.0732421875
0 0.5986328125 0.306640625 0.12109375 0.0634765625
0 0.5458984375 0.244140625 0.1005859375 0.068359375
0 0.3212890625 0.404296875 0.099609375 0.0625
0 0.37109375 0.4970703125 0.0712890625 0.0673828125
0 0.1826171875 0.5537109375 0.083984375 0.0712890625
0 0.068359375 0.4912109375 0.068359375 0.0859375
0 0.25390625 0.697265625 0.1083984375 0.0703125
0 0.7724609375 0.6298828125 0.2333984375 0.1884765625
0 0.7041015625 0.509765625 0.0849609375 0.0615234375
0 0.8271484375 0.4931640625 0.083984375 0.06640625
0 1.0 0.73046875 0.0732421875 0.078125
0 0.791015625 0.3291015625 0.0576171875 0.0732421875
0 0.5830078125 0.1318359375 0.087890625 0.0556640625
0 0.283203125 0.08203125 0.076171875 0.0712890625
0 0.4111328125 0.08984375 0.0986328125 0.08984375
0 0.8828125 0.1708984375 0.080078125 0.0732421875
0 0.9423828125 0.2958984375 0.087890625 0.0908203125
0 0.9931640625 0.34375 0.0556640625 0.095703125
0 0.2509765625 0.923828125 0.0986328125 0.080078125
0 0.23046875 0.9765625 0.1005859375 0.0615234375
0 0.4345703125 0.7431640625 0.1103515625 0.0654296875
0 0.4306640625 0.7802734375 0.0986328125 0.0576171875
0 0.6640625 0.7890625 0.099609375 0.0791015625
0 0.755859375 0.8173828125 0.1025390625 0.05078125
0 0.65625 0.845703125 0.0703125 0.0615234375
0 0.7431640625 0.8828125 0.0986328125 0.0732421875
0 0.927734375 0.83984375 0.111328125 0.0751953125
0 0.94921875 0.958984375 0.0810546875 0.083984375
0 0.8232421875 1.0 0.0751953125 0.072265625
0 0.6025390625 0.9931640625 0.109375 0.1103515625
0 0.4072265625 1.0 0.0966796875 0.06640625
