0 0.8095703125 0.1015625 0.0947265625 0.0869140625
0 0.8916015625 0.2392578125 0.0869140625 0.09765625
0 1.0 0.0673828125 0.09765625 0.0673828125
0 0.7744140625 0.369140625 0.08984375 0.1767578125
0 0.8046875 0.4794921875 0.08984375 0.072265625
0 0.994140625 0.3349609375 0.072265625 0.142578125
0 0.89453125 0.3466796875 0.0673828125 0.0947265625
0 0.1005859375 0.359375 0.1005859375 0.0771484375
0 0.9296875 1.0 0.0498046875 0.0703125
0 0.986328125 0.6171875 0.0849609375 0.0849609375
0 0.9375 0.5390625 0.140625 0.1318359375
0 0.7236328125 0.90234375 0.1015625 0.111328125
0 0.7236328125 0.828125 0.0810546875 0.1240234375
