0 0.1337890625 0.044921875 0.087890625 0.044921875
0 0.5146484375 0.087890625 0.0888671875 0.087890625
0 0.7626953125 0.3525390625 0.1005859375 0.10546875
0 0.421875 0.306640625 0.12890625 0.107421875
0 0.279296875 0.2060546875 0.1298828125 0.1015625
0 0.123046875 0.345703125 0.0859375 0.1328125
0 0.8671875 0.537109375 0.09375 0.103515625
0 0.76171875 0.798828125 0.150390625 0.185546875
0 0.95703125 0.6982421875 0.11328125 0.1669921875
0 0.3564453125 0.419921875 0.080078125 0.1611328125
0 0.4658203125 0.59375 0.1142578125 0.1708984375
0 0.146484375 0.625 0.12109375 0.21484375
0 0.2158203125 0.326171875 0.0673828125 0.111328125
0 0.267578125 0.4560546875 0.064453125 0.1123046875
0 0.248046875 0.640625 0.1044921875 0.103515625
0 0.3642578125 0.8935546875 0.08984375 0.099609375
0 0.4072265625 0.98828125 0.138671875 0.0751953125
0 0.556640625 0.9384765625 0.1279296875 0.083984375
0 0.5712890625 1.0 0.12109375 0.0908203125
0 0.884765625 0.1025390625 0.1455078125 0.09375
0 0.8203125 0.1845703125 0.0751953125 0.0634765625
0 0.7607421875 0.5810546875 0.091796875 0.0810546875
0 0.8466796875 0.939453125 0.1396484375 0.125
0 0.1220703125 1.0 0.107421875 0.0478515625
0 0.3212890625 0.1162109375 0.1044921875 0.080078125
0 0.4873046875 0.345703125 0.1533203125 0.2041015625
