0 0.1044921875 0.4970703125 0.0947265625 0.10546875
0 0.51171875 0.375 0.099609375 0.1083984375
0 0.9091796875 0.3291015625 0.072265625 0.0849609375
0 0.1796875 0.716796875 0.087890625 0.109375
0 1.0 0.52734375 0.068359375 0.10546875
0 0.3720703125 0.3193359375 0.0751953125 0.08984375
0 0.544921875 0.5419921875 0.0751953125 0.1328125
0 0.919921875 0.3916015625 0.080078125 0.0673828125
0 0.39453125 0.841796875 0.0947265625 0.1201171875
0 0.9521484375 0.162109375 0.08984375 0.0673828125
0 0.3017578125 0.439453125 0.0517578125 0.1044921875
0 0.814453125 0.8623046875 0.0673828125 0.140625
0 0.88671875 0.6796875 0.072265625 0.1025390625
0 0.38671875 0.5341796875 0.0673828125 0.072265625
0 0.322265625 0.2041015625 0.0625 0.064453125
0 0.7119140625 0.9921875 0.0927734375 0.1005859375
0 0.439453125 0.20703125 0.0849609375 0.080078125
0 0.2470703125 0.8271484375 0.072265625 0.087890625
0 0.51953125 0.6591796875 0.0751953125 0.107421875
0 0.2392578125 0.9990234375 0.0478515625 0.1484375
0 0.4619140625 0.4873046875 0.0625 0.0849609375
0 0.8349609375 0.3125 0.0703125 0.080078125
0 0.3720703125 0.65234375 0.0849609375 0.125
0 0.2998046875 0.984375 0.0791015625 0.142578125
0 0.822265625 0.0390625 0.0751953125 0.0390625
0 0.3623046875 0.7265625 0.107421875 0.1044921875
0 0.0654296875 0.5751953125 0.0654296875 0.080078125
0 0.248046875 0.37890625 0.087890625 0.080078125
0 0.19921875 0.4541015625 0.07421875 0.107421875
0 0.30859375 0.4375 0.1171875 0.125
0 0.33984375 0.6748046875 0.0849609375 0.115234375
0 0.0947265625 0.9443359375 0.0927734375 0.1396484375
0 0.3203125 0.998046875 0.056640625 0.123046875
0 0.5498046875 0.994140625 0.080078125 0.162109375
0 0.9404296875 1.0 0.0791015625 0.0673828125
0 1.0 0.384765625 0.0224609375 0.1220703125
