0 1.0 0.3974609375 0.0732421875 0.09765625
0 0.9970703125 0.5869140625 0.1298828125 0.08203125
0 0.876953125 0.375 0.0849609375 0.0751953125
0 0.984375 0.169921875 0.08203125 0.076171875
0 0.876953125 0.2841796875 0.0751953125 0.0849609375
0 0.751953125 0.3173828125 0.08203125 0.0849609375
0 0.814453125 0.259765625 0.0595703125 0.060546875
0 1.0 0.2666015625 0.0703125 0.072265625
0 0.0771484375 0.1953125 0.05078125 0.06640625
0 0.0361328125 0.134765625 0.0361328125 0.0537109375
0 0.859375 0.046875 0.052734375 0.044921875
0 1.0 0.294921875 0.0625 0.0576171875
