0 0.9267578125 0.671875 0.126953125 0.0703125
0 0.6298828125 0.814453125 0.125 0.15234375
0 0.654296875 0.1396484375 0.1494140625 0.09765625
0 0.375 0.546875 0.1181640625 0.126953125
0 0.76171875 0.6796875 0.1142578125 0.1025390625
0 0.83203125 0.4970703125 0.177734375 0.09765625
0 0.6455078125 0.919921875 0.1328125 0.0771484375
0 0.875 0.7724609375 0.060546875 0.1103515625
0 0.5166015625 0.232421875 0.1494140625 0.1328125
0 0.9375 0.572265625 0.0927734375 0.072265625
0 0.5224609375 0.9072265625 0.095703125 0.169921875
0 0.224609375 0.89453125 0.0771484375 0.0478515625
0 0.2568359375 0.431640625 0.1044921875 0.0693359375
0 0.2666015625 0.27734375 0.0849609375 0.0654296875
0 0.9873046875 0.3671875 0.09765625 0.072265625
0 0.57421875 0.3447265625 0.197265625 0.125
0 0.9599609375 0.4345703125 0.1904296875 0.0751953125
0 0.1494140625 0.8623046875 0.072265625 0.0625
0 0.716796875 0.5771484375 0.1396484375 0.1103515625
0 0.6875 0.994140625 0.1201171875 0.072265625
0 1.0 0.0888671875 0.09765625 0.0615234375
0 0.4423828125 0.83984375 0.169921875 0.078125
0 0.5341796875 0.4970703125 0.197265625 0.0673828125
0 0.7421875 0.40234375 0.09765625 0.15234375
0 1.0 0.9599609375 0.0556640625 0.10546875
0 0.5791015625 0.609375 0.0791015625 0.0546875
0 0.0947265625 0.7470703125 0.080078125 0.0849609375
0 0.412109375 0.1572265625 0.1796875 0.080078125
0 0.8349609375 0.0625 0.0927734375 0.0625
0 0.8896484375 0.341796875 0.177734375 0.2421875
0 0.8095703125 0.9716796875 0.1455078125 0.3017578125
0 0.1318359375 0.25 0.1298828125 0.2080078125
0 0.4443359375 0.447265625 0.0625 0.060546875
0 0.1943359375 1.0 0.126953125 0.1025390625
0 0.8720703125 0.3447265625 0.072265625 0.072265625
0 0.1171875 0.5791015625 0.0703125 0.0771484375
0 0.7998046875 0.1298828125 0.0732421875 0.0673828125
0 0.859375 0.3896484375 0.099609375 0.044921875
0 0.9765625 0.4873046875 0.0849609375 0.0498046875
0 0.416015625 0.05859375 0.0791015625 0.05859375
0 0.0498046875 0.6640625 0.0478515625 0.0947265625
0 0.0654296875 0.998046875 0.0634765625 0.0859375
0 0.359375 0.109375 0.107421875 0.109375
0 1.0 0.044921875 0.068359375 0.044921875
0 0.0546875 0.419921875 0.052734375 0.1103515625
0 0.2548828125 0.3896484375 0.060546875 0.0703125
0 0.904296875 0.537109375 0.044921875 0.0830078125
0 0.7216796875 1.0 0.0517578125 0.078125
0 0.5625 0.9541015625 0.0654296875 0.0791015625
0 0.814453125 0.83984375 0.1396484375 0.1103515625
0 0.919921875 0.83203125 0.107421875 0.134765625
