0 0.27734375 0.259765625 0.115234375 0.10546875
0 0.1796875 0.982421875 0.107421875 0.1025390625
0 0.40234375 0.1640625 0.107421875 0.0693359375
0 0.9521484375 0.8291015625 0.1826171875 0.091796875
0 0.95703125 1.0 0.14453125 0.123046875
0 0.669921875 0.5341796875 0.1005859375 0.08984375
0 0.119140625 0.7265625 0.0849609375 0.1748046875
0 0.5146484375 0.1123046875 0.087890625 0.1103515625
0 0.9423828125 0.1123046875 0.158203125 0.080078125
0 0.4375 0.9970703125 0.1025390625 0.1123046875
0 0.2197265625 1.0 0.1728515625 0.03515625
0 0.5869140625 1.0 0.1572265625 0.0400390625
0 0.591796875 0.689453125 0.1298828125 0.0673828125
0 0.2724609375 0.6318359375 0.078125 0.064453125
0 0.8720703125 0.75 0.1279296875 0.0859375
0 0.90234375 0.4375 0.2001953125 0.068359375
0 0.75 0.5166015625 0.0830078125 0.1123046875
0 0.8916015625 0.64453125 0.1396484375 0.0703125
0 0.5947265625 0.564453125 0.107421875 0.0771484375
0 0.216796875 0.8642578125 0.08984375 0.064453125
0 0.6591796875 1.0 0.0771484375 0.04296875
0 0.7265625 0.3125 0.08984375 0.10546875
0 0.296875 0.82421875 0.0625 0.1025390625
0 0.181640625 0.5166015625 0.0869140625 0.1220703125
0 0.431640625 0.76953125 0.14453125 0.0849609375
0 0.5224609375 0.5048828125 0.11328125 0.0908203125
0 0.654296875 0.1796875 0.08203125 0.107421875
0 0.52734375 0.724609375 0.0927734375 0.060546875
0 0.494140625 0.384765625 0.251953125 0.1298828125
0 0.76171875 0.1796875 0.142578125 0.16796875
0 0.9140625 0.2568359375 0.1669921875 0.125
0 0.27734375 0.7392578125 0.0927734375 0.0625
0 0.296875 0.5322265625 0.08984375 0.125
0 0.3544921875 0.599609375 0.0478515625 0.0771484375
0 0.5849609375 0.27734375 0.1328125 0.0732421875
0 0.9697265625 0.6123046875 0.080078125 0.125
0 0.609375 0.787109375 0.0751953125 0.060546875
0 0.14453125 0.83984375 0.0625 0.0732421875
0 1.0 0.7099609375 0.1201171875 0.0908203125
0 0.07421875 0.064453125 0.07421875 0.0625
0 0.439453125 0.5791015625 0.0947265625 0.1767578125
0 0.7197265625 0.9443359375 0.0673828125 0.0625
0 0.296875 0.0546875 0.134765625 0.052734375
0 0.357421875 0.51953125 0.087890625 0.080078125
0 0.8466796875 0.3818359375 0.0966796875 0.16015625
0 0.9072265625 0.6923828125 0.1103515625 0.16015625
0 0.4765625 0.7919921875 0.08984375 0.0625
0 0.5849609375 0.2890625 0.0625 0.0869140625
0 0.77734375 0.046875 0.1025390625 0.044921875
0 0.044921875 0.1298828125 0.044921875 0.0703125
0 0.6494140625 0.9716796875 0.0869140625 0.0576171875
0 0.6591796875 0.029296875 0.1044921875 0.02734375
0 0.912109375 0.359375 0.08984375 0.0947265625
0 0.1767578125 0.4267578125 0.0673828125 0.0517578125
0 1.0 0.3974609375 0.0654296875 0.0927734375
