0 0.564453125 0.25 0.0712890625 0.080078125
0 0.4541015625 0.1806640625 0.068359375 0.095703125
0 0.5390625 0.4970703125 0.052734375 0.091796875
0 0.1845703125 0.5859375 0.0966796875 0.1201171875
0 0.2421875 0.306640625 0.12109375 0.078125
0 0.2421875 0.6005859375 0.0615234375 0.103515625
0 0.6943359375 0.3994140625 0.056640625 0.0810546875
0 0.283203125 0.4052734375 0.083984375 0.0546875
0 0.1220703125 0.943359375 0.072265625 0.087890625
0 0.6923828125 0.2841796875 0.087890625 0.1005859375
0 0.19140625 0.4091796875 0.0732421875 0.0751953125
0 0.9697265625 0.1689453125 0.0546875 0.0908203125
0 0.4736328125 0.728515625 0.060546875 0.103515625
0 0.41015625 0.775390625 0.0947265625 0.0546875
0 0.6611328125 0.732421875 0.0751953125 0.08203125
0 0.3056640625 0.634765625 0.056640625 0.15234375
0 0.09375 0.658203125 0.091796875 0.15625
0 0.1318359375 0.845703125 0.0947265625 0.0849609375
0 0.6220703125 0.90625 0.140625 0.05859375
0 0.4873046875 0.9345703125 0.09765625 0.0537109375
0 0.6953125 0.767578125 0.0888671875 0.0458984375
0 0.3115234375 0.177734375 0.09765625 0.0380859375
0 0.6826171875 0.9765625 0.1328125 0.0458984375
0 0.4052734375 0.3916015625 0.064453125 0.0947265625
0 0.5888671875 0.064453125 0.06640625 0.064453125
0 0.9052734375 0.6103515625 0.123046875 0.095703125
0 0.283203125 0.28515625 0.037109375 0.1240234375
0 0.423828125 0.30078125 0.0693359375 0.134765625
0 0.787109375 0.16796875 0.0556640625 0.1123046875
0 0.19140625 0.5595703125 0.0634765625 0.109375
0 0.94921875 0.2451171875 0.0634765625 0.0732421875
0 0.7724609375 1.0 0.0302734375 0.072265625
0 0.6259765625 0.6484375 0.0478515625 0.07421875
0 0.501953125 0.4072265625 0.076171875 0.1005859375
0 0.7412109375 0.3583984375 0.05859375 0.0830078125
0 0.1025390625 0.2646484375 0.09765625 0.08203125
0 0.4794921875 0.556640625 0.0439453125 0.1494140625
0 0.1943359375 0.3291015625 0.0576171875 0.05078125
0 0.8955078125 1.0 0.029296875 0.068359375
0 0.923828125 0.0537109375 0.03125 0.0537109375
0 0.7900390625 0.427734375 0.025390625 0.0732421875
0 0.40234375 0.05078125 0.0322265625 0.05078125
0 0.1337890625 1.0 0.048828125 0.0341796875
0 0.8095703125 0.3515625 0.068359375 0.126953125
0 0.9140625 0.7939453125 0.041015625 0.0654296875
0 0.7724609375 0.703125 0.080078125 0.04296875
0 0.5458984375 0.998046875 0.04296875 0.068359375
0 0.2119140625 0.263671875 0.076171875 0.0869140625
0 0.546875 0.6474609375 0.123046875 0.0693359375
0 0.037109375 0.9091796875 0.037109375 0.060546875
0 0.90234375 0.9033203125 0.083984375 0.0439453125
0 0.2451171875 0.0859375 0.0771484375 0.03515625
0 0.9326171875 0.3955078125 0.046875 0.037109375
0 0.74609375 0.244140625 0.1396484375 0.095703125
0 0.84765625 0.9501953125 0.0654296875 0.0693359375
0 0.3310546875 0.7158203125 0.0732421875 0.064453125
0 0.4453125 0.9697265625 0.1396484375 0.041015625
0 0.615234375 0.51953125 0.10546875 0.1064453125
0 0.7587890625 0.900390625 0.0302734375 0.0703125
0 0.8916015625 0.2119140625 0.0458984375 0.052734375
0 0.5146484375 0.861328125 0.091796875 0.0859375
0 0.3251953125 0.96484375 0.083984375 0.0458984375
0 0.4423828125 0.45703125 0.0595703125 0.0693359375
