0 0.61328125 0.4091796875 0.083984375 0.0908203125
0 0.6162109375 0.9794921875 0.083984375 0.07421875
0 0.41015625 0.060546875 0.05859375 0.060546875
0 0.478515625 0.072265625 0.07421875 0.072265625
0 1.0 0.5654296875 0.0576171875 0.11328125
0 0.7490234375 0.4443359375 0.083984375 0.0537109375
0 0.037109375 0.0869140625 0.037109375 0.0615234375
0 0.46875 0.658203125 0.046875 0.0546875
0 0.5673828125 0.5048828125 0.09765625 0.0908203125
0 0.5966796875 0.0673828125 0.05078125 0.0673828125
0 0.6064453125 0.2841796875 0.07421875 0.1533203125
0 0.5205078125 0.7255859375 0.05859375 0.0556640625
0 0.455078125 1.0 0.083984375 0.0625
0 0.451171875 0.55859375 0.064453125 0.0595703125
0 0.5888671875 0.8935546875 0.0576171875 0.078125
0 0.4990234375 0.1884765625 0.072265625 0.0732421875
0 0.541015625 0.2939453125 0.0654296875 0.103515625
0 0.3916015625 0.1025390625 0.0859375 0.0546875
0 0.119140625 0.052734375 0.07421875 0.052734375
0 0.2783203125 0.0927734375 0.1123046875 0.072265625
0 0.767578125 0.6923828125 0.09375 0.09375
0 0.669921875 0.26171875 0.0537109375 0.05078125
0 0.6953125 0.7216796875 0.0966796875 0.107421875
0 0.6328125 0.875 0.0546875 0.0673828125
0 0.0908203125 0.255859375 0.0634765625 0.0654296875
0 0.943359375 0.0751953125 0.1455078125 0.0751953125
0 0.0703125 0.8310546875 0.0703125 0.083984375
0 0.2841796875 1.0 0.1005859375 0.037109375
0 0.7353515625 0.2021484375 0.0947265625 0.13671875
0 0.052734375 0.537109375 0.052734375 0.0986328125
0 0.6396484375 0.53515625 0.0595703125 0.0703125
0 0.51171875 0.330078125 0.0732421875 0.0478515625
0 0.6953125 0.0703125 0.0625 0.0576171875
0 0.5029296875 0.5693359375 0.0400390625 0.041015625
0 0.5048828125 0.8203125 0.037109375 0.0439453125
