0 0.72265625 0.072265625 0.0830078125 0.072265625
0 0.572265625 0.08203125 0.087890625 0.0751953125
0 0.48828125 0.103515625 0.0830078125 0.0732421875
0 0.1396484375 0.1708984375 0.1337890625 0.0869140625
0 0.2109375 0.2568359375 0.0771484375 0.0712890625
0 0.2880859375 0.220703125 0.0712890625 0.0771484375
0 0.21484375 0.3134765625 0.083984375 0.056640625
0 0.2587890625 0.455078125 0.080078125 0.107421875
0 0.345703125 0.376953125 0.0751953125 0.0830078125
0 0.125 0.4970703125 0.0771484375 0.0859375
0 0.6416015625 0.353515625 0.0830078125 0.0830078125
0 0.71875 0.2109375 0.0634765625 0.0615234375
0 0.7900390625 0.1533203125 0.0673828125 0.0634765625
0 0.7998046875 0.234375 0.0732421875 0.0673828125
0 1.0 0.08984375 0.015625 0.08984375
0 1.0 0.431640625 0.0576171875 0.08984375
0 0.9287109375 0.322265625 0.0615234375 0.0751953125
0 0.830078125 0.3994140625 0.078125 0.0771484375
0 0.48828125 0.556640625 0.0810546875 0.078125
0 0.3203125 0.673828125 0.1357421875 0.087890625
0 0.337890625 0.748046875 0.119140625 0.1005859375
0 0.1552734375 0.6171875 0.126953125 0.0732421875
0 0.1435546875 0.919921875 0.1279296875 0.0859375
0 0.0380859375 0.80859375 0.0380859375 0.076171875
0 0.234375 0.984375 0.1162109375 0.0751953125
0 0.361328125 1.0 0.0888671875 0.0576171875
0 0.6533203125 1.0 0.0791015625 0.0693359375
0 0.833984375 0.8173828125 0.0693359375 0.1083984375
0 0.828125 0.703125 0.0830078125 0.0517578125
0 0.8857421875 0.595703125 0.0791015625 0.0673828125
0 0.95703125 0.7861328125 0.0595703125 0.0791015625
0 0.94921875 0.6767578125 0.0615234375 0.0751953125
0 0.9384765625 0.947265625 0.0751953125 0.0771484375
0 0.751953125 1.0 0.072265625 0.0400390625
0 0.564453125 1.0 0.099609375 0.0556640625
