0 0.212890625 0.345703125 0.083984375 0.064453125
0 0.251953125 0.9033203125 0.0859375 0.05859375
0 0.5458984375 0.380859375 0.078125 0.072265625
0 0.53125 0.0966796875 0.0712890625 0.0693359375
0 0.91796875 0.0927734375 0.0732421875 0.0927734375
0 0.47265625 0.146484375 0.0849609375 0.064453125
0 0.3662109375 0.7392578125 0.0859375 0.0556640625
0 0.9384765625 0.5703125 0.060546875 0.0654296875
0 0.763671875 0.9697265625 0.04296875 0.0634765625
0 0.29296875 0.1142578125 0.0869140625 0.0693359375
0 0.8515625 0.39453125 0.0703125 0.0439453125
0 0.7978515625 0.197265625 0.1318359375 0.080078125
0 0.58203125 0.0595703125 0.0595703125 0.05859375
0 0.9765625 0.68359375 0.0654296875 0.0478515625
0 0.818359375 0.0380859375 0.0908203125 0.037109375
0 0.8759765625 0.37109375 0.0537109375 0.05859375
0 0.419921875 0.9326171875 0.09765625 0.033203125
0 0.41796875 0.431640625 0.0615234375 0.033203125
0 0.6591796875 0.9150390625 0.056640625 0.0478515625
0 0.2451171875 0.0458984375 0.08203125 0.037109375
0 0.53515625 0.75 0.05859375 0.041015625
0 0.39453125 0.2685546875 0.0498046875 0.0380859375
0 0.474609375 0.91796875 0.02734375 0.0654296875
0 0.732421875 0.5771484375 0.060546875 0.068359375
0 0.607421875 0.646484375 0.0576171875 0.046875
0 0.4697265625 0.990234375 0.0712890625 0.0390625
0 0.173828125 0.5 0.09375 0.0693359375
0 0.8662109375 0.8662109375 0.080078125 0.04296875
0 0.5732421875 0.673828125 0.048828125 0.033203125
0 0.3564453125 0.998046875 0.095703125 0.04296875
0 0.5595703125 0.4833984375 0.044921875 0.0595703125
0 0.1220703125 0.849609375 0.072265625 0.0185546875
0 0.4658203125 0.0234375 0.05078125 0.0224609375
0 0.9462890625 0.998046875 0.0498046875 0.0302734375
0 0.9462890625 0.70703125 0.0712890625 0.0546875
0 0.1103515625 0.1328125 0.0732421875 0.025390625
0 0.228515625 0.796875 0.05859375 0.0390625
0 0.3759765625 0.3193359375 0.052734375 0.0341796875
0 0.8798828125 0.08203125 0.05078125 0.0439453125
0 0.1103515625 0.115234375 0.0517578125 0.052734375
0 0.85546875 1.0 0.0400390625 0.03515625
0 0.2705078125 0.0244140625 0.05078125 0.0244140625
0 0.40771484375 0.5416015625 0.07177734375 0.04541015625
0 1.0 0.6142578125 0.0810546875 0.0419921875
0 0.8408203125 0.796875 0.0478515625 0.0361328125
0 0.6708984375 0.818359375 0.07421875 0.0576171875
0 0.6025390625 0.896484375 0.0732421875 0.0439453125
0 0.345703125 0.6611328125 0.03125 0.0478515625
0 0.1181640625 0.6904296875 0.0654296875 0.025390625
0 0.2470703125 0.9111328125 0.07421875 0.048828125
0 0.3759765625 0.3330078125 0.052734375 0.037109375
0 0.884765625 0.1025390625 0.05859375 0.0634765625
0 0.275390625 0.69921875 0.0859375 0.044921875
0 0.8994140625 0.734375 0.044921875 0.05078125
0 0.6591796875 0.6767578125 0.041015625 0.041015625
0 0.89580078125 0.830078125 0.09794921874999996 0.02880859375
0 0.8203125 0.759765625 0.056640625 0.048828125
0 0.7138671875 0.5419921875 0.08984375 0.02734375
0 0.134765625 0.8330078125 0.0732421875 0.029296875
0 0.6806640625 0.8359375 0.052734375 0.0537109375
0 0.6865234375 0.6630859375 0.0517578125 0.04296875
0 0.8798828125 0.71875 0.056640625 0.04296875
0 0.5830078125 0.8642578125 0.05859375 0.0419921875
0 0.87890625 0.978515625 0.060546875 0.0419921875
0 0.263671875 0.736328125 0.0458984375 0.046875
