0 0.025390625 0.6279296875 0.025390625 0.111328125
0 0.1083984375 0.498046875 0.1083984375 0.091796875
0 0.0791015625 0.38671875 0.0791015625 0.1455078125
0 0.787109375 0.1982421875 0.07421875 0.087890625
0 0.89453125 0.3154296875 0.0810546875 0.0859375
0 0.962890625 0.521484375 0.185546875 0.177734375
0 0.6162109375 0.47265625 0.0771484375 0.107421875
0 0.6591796875 0.7822265625 0.11328125 0.1318359375
0 0.533203125 0.400390625 0.1015625 0.15234375
0 0.296875 0.5615234375 0.0810546875 0.1064453125
0 0.1337890625 1.0 0.087890625 0.095703125
0 0.4091796875 0.9599609375 0.1005859375 0.0966796875
0 0.5146484375 1.0 0.0888671875 0.0224609375
0 0.8896484375 0.94140625 0.107421875 0.1181640625
0 0.033203125 0.8427734375 0.033203125 0.1044921875
0 0.1357421875 0.869140625 0.0595703125 0.0615234375
0 0.10546875 0.806640625 0.068359375 0.05859375
0 0.6025390625 1.0 0.083984375 0.0478515625
0 0.4736328125 0.6591796875 0.1142578125 0.1337890625
0 0.388671875 0.5068359375 0.068359375 0.08203125
0 0.3759765625 0.306640625 0.0712890625 0.0625
0 0.3154296875 0.3232421875 0.0888671875 0.1708984375
0 0.134765625 0.2890625 0.0458984375 0.0595703125
0 0.181640625 0.2900390625 0.056640625 0.048828125
0 0.9931640625 0.056640625 0.0712890625 0.056640625
0 1.0 0.34375 0.0361328125 0.1181640625
0 0.9150390625 0.638671875 0.078125 0.0810546875
0 0.361328125 0.763671875 0.1015625 0.068359375
0 0.4755859375 0.869140625 0.0888671875 0.091796875
0 0.4033203125 0.119140625 0.0498046875 0.07421875
0 0.6708984375 0.509765625 0.08203125 0.134765625
0 0.7099609375 0.333984375 0.080078125 0.060546875
