0 1.0 0.43359375 0.0595703125 0.119140625
0 0.8935546875 0.341796875 0.09765625 0.146484375
0 0.41796875 0.0625 0.1123046875 0.0625
0 0.2158203125 0.09375 0.1005859375 0.0517578125
0 0.26171875 0.046875 0.083984375 0.046875
0 0.0830078125 0.1044921875 0.0732421875 0.060546875
0 0.08984375 0.265625 0.08984375 0.119140625
0 0.1611328125 0.236328125 0.0927734375 0.0498046875
0 0.21875 0.3291015625 0.078125 0.1044921875
0 0.318359375 0.3427734375 0.0859375 0.11328125
0 0.408203125 0.283203125 0.0732421875 0.1201171875
0 0.4697265625 0.4189453125 0.1015625 0.1240234375
0 0.5263671875 0.419921875 0.07421875 0.109375
0 0.6201171875 0.37109375 0.083984375 0.083984375
0 0.615234375 0.44140625 0.0791015625 0.0830078125
0 0.6630859375 0.3291015625 0.1337890625 0.1435546875
0 0.734375 0.39453125 0.0751953125 0.0712890625
0 0.78125 0.474609375 0.0927734375 0.08203125
0 0.2470703125 0.451171875 0.0869140625 0.0908203125
0 0.142578125 0.4873046875 0.080078125 0.046875
0 0.056640625 0.4189453125 0.056640625 0.0478515625
0 0.4736328125 0.5166015625 0.09375 0.0654296875
0 0.529296875 0.70703125 0.0986328125 0.111328125
0 0.3759765625 0.849609375 0.1318359375 0.06640625
0 0.1298828125 0.7841796875 0.078125 0.05859375
0 0.2158203125 0.869140625 0.0966796875 0.0927734375
0 0.08984375 0.8974609375 0.0732421875 0.046875
0 0.0869140625 0.84375 0.0732421875 0.0771484375
0 0.2646484375 0.9482421875 0.1259765625 0.064453125
0 0.1298828125 0.9814453125 0.1220703125 0.0576171875
0 0.357421875 0.9736328125 0.0810546875 0.0732421875
0 0.4404296875 0.9658203125 0.0869140625 0.083984375
0 0.7392578125 0.955078125 0.0869140625 0.0576171875
0 0.75390625 0.8740234375 0.0546875 0.072265625
0 0.8310546875 0.7919921875 0.1015625 0.0556640625
0 0.615234375 0.810546875 0.09375 0.0654296875
0 0.5712890625 0.8818359375 0.078125 0.068359375
0 0.64453125 0.9375 0.08984375 0.0732421875
0 1.0 0.955078125 0.041015625 0.087890625
0 0.1787109375 0.1416015625 0.0439453125 0.0380859375
0 0.7978515625 0.8662109375 0.06640625 0.046875
0 0.615234375 0.4677734375 0.0595703125 0.0458984375
0 0.94921875 0.5556640625 0.0537109375 0.0556640625
