0 0.544921875 0.099609375 0.1533203125 0.080078125
0 0.0703125 0.5703125 0.0703125 0.1005859375
0 0.259765625 0.8291015625 0.125 0.08203125
0 0.986328125 0.453125 0.099609375 0.0908203125
0 0.912109375 0.4794921875 0.087890625 0.0751953125
0 0.8896484375 0.1923828125 0.09765625 0.0751953125
0 0.037109375 0.2265625 0.037109375 0.072265625
0 0.7890625 0.4267578125 0.064453125 0.072265625
0 0.982421875 0.306640625 0.10546875 0.08203125
0 0.9716796875 0.8369140625 0.1171875 0.0751953125
0 0.251953125 0.38671875 0.099609375 0.0693359375
0 0.166015625 0.96484375 0.115234375 0.0947265625
0 0.306640625 0.96484375 0.1171875 0.08984375
0 0.169921875 0.0390625 0.0732421875 0.0390625
0 0.2041015625 0.3173828125 0.0771484375 0.076171875
0 1.0 0.8896484375 0.0830078125 0.0751953125
0 0.9990234375 0.681640625 0.0703125 0.0849609375
0 0.279296875 0.322265625 0.080078125 0.0625
0 0.9892578125 0.3466796875 0.08984375 0.0576171875
0 0.162109375 1.0 0.10546875 0.0654296875
0 1.0 0.2392578125 0.0478515625 0.068359375
