0 0.462890625 0.07421875 0.0712890625 0.07421875
0 0.1220703125 0.2470703125 0.0703125 0.0634765625
0 0.25390625 0.5947265625 0.0810546875 0.0654296875
0 0.041015625 0.6669921875 0.041015625 0.0634765625
0 0.1171875 0.6806640625 0.0947265625 0.072265625
0 0.7783203125 0.111328125 0.080078125 0.0771484375
0 0.69921875 0.1650390625 0.06640625 0.0546875
0 0.6015625 0.2333984375 0.0595703125 0.0458984375
0 0.412109375 0.2314453125 0.0625 0.0517578125
0 0.45703125 0.2734375 0.0791015625 0.076171875
0 0.5390625 0.265625 0.091796875 0.0673828125
0 0.36328125 0.3291015625 0.072265625 0.0625
0 0.4541015625 0.37109375 0.07421875 0.078125
0 0.3544921875 0.59375 0.08984375 0.068359375
0 0.328125 0.841796875 0.0654296875 0.0859375
0 0.1845703125 0.8505859375 0.068359375 0.0751953125
0 0.435546875 0.82421875 0.068359375 0.0732421875
0 0.4814453125 0.802734375 0.0576171875 0.068359375
0 0.5712890625 0.802734375 0.0537109375 0.0556640625
0 0.6943359375 0.7626953125 0.0712890625 0.076171875
0 0.8310546875 0.7744140625 0.1259765625 0.0732421875
0 0.896484375 0.767578125 0.0712890625 0.0693359375
0 0.9521484375 0.6904296875 0.0810546875 0.0615234375
0 0.73828125 0.99609375 0.0625 0.111328125
0 0.7900390625 0.986328125 0.0625 0.1064453125
0 0.8427734375 0.955078125 0.056640625 0.07421875
0 0.986328125 1.0 0.068359375 0.041015625
0 0.9365234375 0.6328125 0.0625 0.05078125
0 0.8779296875 0.6416015625 0.0595703125 0.080078125
0 0.79296875 0.5185546875 0.068359375 0.05859375
0 0.9326171875 0.2939453125 0.07421875 0.0517578125
0 0.86328125 0.205078125 0.064453125 0.06640625
0 1.0 0.103515625 0.0390625 0.0791015625
0 1.0 0.2021484375 0.0322265625 0.0888671875
0 0.859375 0.3046875 0.107421875 0.09375
0 0.88671875 1.0 0.0966796875 0.0244140625
