0 0.123046875 0.0869140625 0.0576171875 0.060546875
0 0.1748046875 0.0859375 0.04296875 0.0673828125
0 0.19140625 0.677734375 0.0908203125 0.1142578125
0 0.0146484375 0.1064453125 0.0146484375 0.056640625
0 0.6337890625 0.3330078125 0.087890625 0.1337890625
0 0.5498046875 0.3984375 0.064453125 0.1455078125
0 0.3359375 0.494140625 0.064453125 0.0693359375
0 0.2958984375 0.6396484375 0.068359375 0.0615234375
0 0.28125 0.7109375 0.0625 0.064453125
0 0.455078125 0.7119140625 0.0498046875 0.0751953125
0 0.5859375 0.681640625 0.0712890625 0.0625
0 0.56640625 0.599609375 0.0595703125 0.044921875
0 0.724609375 0.576171875 0.064453125 0.068359375
0 0.7587890625 0.470703125 0.064453125 0.0849609375
0 0.8603515625 0.6357421875 0.0673828125 0.068359375
0 0.84765625 0.7548828125 0.1025390625 0.0830078125
0 0.6904296875 0.6171875 0.0712890625 0.0458984375
0 0.69140625 0.662109375 0.0712890625 0.0458984375
0 0.740234375 0.662109375 0.05859375 0.0615234375
0 0.8212890625 0.94140625 0.06640625 0.0654296875
0 1.0 0.9072265625 0.107421875 0.08984375
0 1.0 0.6162109375 0.044921875 0.04296875
0 0.990234375 0.5185546875 0.0576171875 0.09765625
0 1.0 0.5517578125 0.0625 0.0556640625
0 0.970703125 0.38671875 0.060546875 0.1162109375
0 1.0 0.3759765625 0.044921875 0.076171875
0 0.9580078125 0.26171875 0.1103515625 0.1123046875
0 1.0 0.275390625 0.078125 0.0869140625
0 0.74609375 0.10546875 0.0556640625 0.05078125
0 0.9130859375 0.0634765625 0.0869140625 0.0595703125
0 0.9375 0.11328125 0.0546875 0.037109375
0 1.0 0.0517578125 0.0478515625 0.0478515625
