0 0.787109375 0.724609375 0.185546875 0.0771484375
0 0.2900390625 0.380859375 0.107421875 0.1494140625
0 0.0390625 0.779296875 0.0390625 0.072265625
0 0.55859375 0.556640625 0.1005859375 0.0595703125
0 0.5390625 1.0 0.0947265625 0.0703125
0 0.9169921875 1.0 0.1025390625 0.1083984375
0 0.3671875 0.5869140625 0.1298828125 0.1171875
0 0.0498046875 0.44921875 0.0498046875 0.0625
0 0.7919921875 0.6494140625 0.099609375 0.0947265625
0 0.134765625 0.9345703125 0.134765625 0.1376953125
0 0.125 1.0 0.125 0.0576171875
0 0.203125 0.890625 0.095703125 0.115234375
0 0.5546875 0.0849609375 0.1298828125 0.0703125
0 0.8349609375 0.8291015625 0.1005859375 0.064453125
0 0.970703125 0.7783203125 0.1044921875 0.0625
0 0.7373046875 0.232421875 0.212890625 0.185546875
0 0.46484375 0.6943359375 0.095703125 0.072265625
0 0.8994140625 0.6591796875 0.08984375 0.142578125
0 0.7841796875 0.974609375 0.14453125 0.1904296875
0 0.4716796875 0.4765625 0.162109375 0.1220703125
0 0.8447265625 0.537109375 0.0927734375 0.1650390625
0 0.060546875 0.5517578125 0.060546875 0.107421875
0 0.63671875 0.4248046875 0.109375 0.205078125
0 0.4892578125 0.6474609375 0.0947265625 0.0732421875
0 0.2802734375 0.15234375 0.16796875 0.1376953125
0 0.1796875 0.2568359375 0.134765625 0.0849609375
0 0.162109375 0.375 0.1279296875 0.130859375
0 0.220703125 0.5576171875 0.052734375 0.052734375
0 0.0869140625 0.3876953125 0.0869140625 0.1103515625
0 0.7041015625 0.9892578125 0.0771484375 0.109375
0 0.787109375 0.3369140625 0.1123046875 0.0771484375
0 0.9765625 0.20703125 0.1171875 0.150390625
0 0.7373046875 0.4541015625 0.203125 0.08984375
0 0.95703125 0.3974609375 0.22265625 0.0849609375
0 0.7041015625 0.2998046875 0.0625 0.078125
0 0.8603515625 0.044921875 0.1376953125 0.044921875
0 0.3408203125 0.5126953125 0.0439453125 0.0693359375
0 0.94921875 0.9765625 0.0400390625 0.0576171875
0 0.7822265625 0.39453125 0.0947265625 0.08203125
0 0.931640625 0.2470703125 0.0693359375 0.0927734375
0 0.1318359375 0.232421875 0.080078125 0.060546875
0 0.2138671875 0.08984375 0.1650390625 0.08984375
0 0.2353515625 0.0947265625 0.0478515625 0.08984375
0 0.1318359375 0.919921875 0.1044921875 0.11328125
0 0.654296875 0.6640625 0.0595703125 0.0869140625
0 1.0 0.6298828125 0.060546875 0.1025390625
0 0.8369140625 0.5791015625 0.0625 0.0693359375
0 0.9990234375 0.1083984375 0.04296875 0.1083984375
0 0.8974609375 0.5146484375 0.078125 0.1328125
