0 0.09765625 0.6533203125 0.0810546875 0.1845703125
0 0.189453125 0.4072265625 0.1162109375 0.1083984375
0 0.2783203125 0.388671875 0.0947265625 0.1416015625
0 0.333984375 0.578125 0.1181640625 0.150390625
0 0.095703125 0.2294921875 0.0888671875 0.072265625
0 0.4794921875 0.0341796875 0.064453125 0.0341796875
0 0.3974609375 0.0888671875 0.0625 0.0703125
0 0.2734375 0.18359375 0.2001953125 0.18359375
0 0.2373046875 0.232421875 0.0693359375 0.07421875
0 0.1708984375 0.2802734375 0.09375 0.1240234375
0 0.439453125 0.2421875 0.0712890625 0.115234375
0 0.326171875 0.1787109375 0.0859375 0.0771484375
0 0.51953125 0.4208984375 0.12890625 0.0986328125
0 0.66796875 0.412109375 0.08203125 0.0888671875
0 0.7412109375 0.1337890625 0.0986328125 0.0615234375
0 0.4716796875 0.15625 0.0576171875 0.0986328125
0 0.87890625 0.0498046875 0.08984375 0.0498046875
0 0.939453125 0.1455078125 0.076171875 0.0673828125
0 0.7734375 0.4697265625 0.095703125 0.1005859375
0 0.888671875 0.3935546875 0.0751953125 0.080078125
0 0.7587890625 0.5478515625 0.0625 0.0546875
0 0.6728515625 0.6220703125 0.0712890625 0.10546875
0 0.4404296875 0.6669921875 0.078125 0.0712890625
0 0.1826171875 0.9150390625 0.08203125 0.119140625
0 0.1708984375 1.0 0.1708984375 0.083984375
0 0.4990234375 0.7646484375 0.1767578125 0.0986328125
0 0.306640625 0.8095703125 0.0869140625 0.0703125
0 0.3779296875 0.8857421875 0.1484375 0.08984375
0 0.38671875 0.9228515625 0.1044921875 0.08984375
0 0.3544921875 0.978515625 0.115234375 0.0712890625
0 0.5556640625 1.0 0.0869140625 0.0478515625
0 0.560546875 0.9501953125 0.0810546875 0.076171875
0 0.69140625 0.8359375 0.140625 0.0791015625
0 0.80078125 0.9453125 0.1123046875 0.0703125
0 0.7275390625 1.0 0.0859375 0.0908203125
0 0.9033203125 1.0 0.05859375 0.0712890625
0 1.0 0.9501953125 0.0947265625 0.0888671875
0 0.8642578125 0.7822265625 0.08203125 0.0869140625
0 0.85546875 0.708984375 0.0703125 0.078125
0 1.0 0.7744140625 0.1650390625 0.0849609375
0 0.931640625 0.703125 0.060546875 0.091796875
0 0.9150390625 0.6142578125 0.078125 0.07421875
0 1.0 0.6787109375 0.072265625 0.125
0 0.904296875 0.9365234375 0.0732421875 0.0791015625
0 0.10546875 0.5634765625 0.0302734375 0.072265625
0 0.1826171875 0.890625 0.095703125 0.07421875
0 0.2802734375 1.0 0.0810546875 0.03125
0 0.3720703125 0.9990234375 0.119140625 0.076171875
0 0.9365234375 1.0 0.0595703125 0.0166015625
0 0.322265625 0.560546875 0.10546875 0.060546875
0 0.216796875 0.2294921875 0.11328125 0.15234375
0 1.0 0.1669921875 0.0302734375 0.0556640625
0 1.0 0.287109375 0.01953125 0.0751953125
