0 0.2119140625 1.0 0.0791015625 0.0654296875
0 0.2822265625 0.869140625 0.07421875 0.0732421875
0 0.37109375 0.955078125 0.0732421875 0.0751953125
0 0.3193359375 1.0 0.0908203125 0.0419921875
0 0.4609375 0.994140625 0.1376953125 0.076171875
0 1.0 0.6630859375 0.0302734375 0.076171875
0 0.7490234375 1.0 0.1220703125 0.0830078125
0 0.6328125 1.0 0.0615234375 0.0576171875
0 0.181640625 0.3515625 0.0869140625 0.1484375
0 0.1142578125 0.4736328125 0.0654296875 0.1162109375
0 0.0537109375 0.4658203125 0.0537109375 0.06640625
0 0.3173828125 0.4580078125 0.1318359375 0.130859375
0 0.2119140625 0.564453125 0.103515625 0.1279296875
0 0.2041015625 0.6474609375 0.09375 0.0791015625
0 0.2822265625 0.6220703125 0.0810546875 0.0751953125
0 0.3515625 0.6279296875 0.0771484375 0.0771484375
0 0.3046875 0.5546875 0.076171875 0.060546875
0 0.2060546875 0.7578125 0.0771484375 0.1083984375
0 0.4482421875 0.64453125 0.0751953125 0.064453125
0 0.6083984375 0.5771484375 0.068359375 0.11328125
0 0.5634765625 0.5078125 0.0810546875 0.064453125
0 0.564453125 0.44921875 0.060546875 0.0751953125
0 0.5185546875 0.3408203125 0.0859375 0.0888671875
0 0.6181640625 0.337890625 0.083984375 0.091796875
0 0.623046875 0.466796875 0.072265625 0.0625
0 0.8271484375 0.4541015625 0.171875 0.08203125
0 0.7109375 0.6474609375 0.103515625 0.0751953125
0 0.7490234375 0.65625 0.0654296875 0.1025390625
0 0.8125 0.580078125 0.07421875 0.0751953125
0 0.931640625 0.6240234375 0.0908203125 0.119140625
0 0.8642578125 0.50390625 0.0732421875 0.115234375
0 1.0 0.400390625 0.13671875 0.1748046875
0 0.8876953125 0.966796875 0.11328125 0.0810546875
0 0.9765625 1.0 0.08984375 0.0322265625
0 0.3583984375 0.326171875 0.0595703125 0.0751953125
0 0.5419921875 0.599609375 0.0625 0.080078125
0 0.84375 0.6591796875 0.0693359375 0.0771484375
0 0.658203125 0.4013671875 0.1015625 0.087890625
0 1.0 0.5400390625 0.0634765625 0.0986328125
0 0.810546875 0.4794921875 0.0419921875 0.0263671875
