0 0.7724609375 0.6220703125 0.078125 0.0849609375
0 0.5068359375 0.431640625 0.107421875 0.1025390625
0 1.0 0.5185546875 0.126953125 0.1044921875
0 0.001953125 0.171875 0.001953125 0.0947265625
0 0.654296875 0.306640625 0.1123046875 0.091796875
0 0.9873046875 0.3271484375 0.1103515625 0.1025390625
0 0.4794921875 0.9169921875 0.087890625 0.072265625
0 0.939453125 0.2099609375 0.0927734375 0.0927734375
0 0.994140625 0.75 0.107421875 0.0654296875
0 0.3037109375 0.171875 0.087890625 0.078125
0 0.3623046875 0.529296875 0.1201171875 0.08203125
0 0.5224609375 0.2099609375 0.1083984375 0.1181640625
0 0.947265625 0.609375 0.123046875 0.0771484375
0 0.1962890625 0.2099609375 0.072265625 0.0947265625
0 0.5595703125 0.5146484375 0.0947265625 0.0751953125
0 0.853515625 0.9130859375 0.1005859375 0.0771484375
0 0.7626953125 0.1923828125 0.087890625 0.09765625
0 0.9375 0.072265625 0.10546875 0.0703125
0 0.509765625 0.69140625 0.0859375 0.052734375
0 0.3359375 0.7021484375 0.08203125 0.0751953125
0 0.7041015625 0.2724609375 0.099609375 0.1025390625
0 0.431640625 0.2099609375 0.0771484375 0.087890625
0 0.8544921875 0.4892578125 0.08984375 0.0693359375
0 1.0 0.6943359375 0.09765625 0.064453125
0 0.25 0.130859375 0.0634765625 0.0830078125
0 1.0 0.3681640625 0.109375 0.0732421875
