0 0.1162109375 0.283203125 0.0703125 0.0791015625
0 0.09765625 0.3671875 0.072265625 0.056640625
0 0.0751953125 0.462890625 0.0751953125 0.08984375
0 0.1064453125 0.53125 0.083984375 0.064453125
0 0.146484375 0.857421875 0.0810546875 0.095703125
0 0.125 1.0 0.08203125 0.0693359375
0 0.2333984375 1.0 0.05859375 0.0810546875
0 0.404296875 0.9970703125 0.08984375 0.0556640625
0 0.4951171875 0.921875 0.064453125 0.068359375
0 1.0 0.9599609375 0.05078125 0.0703125
0 0.919921875 0.755859375 0.0625 0.07421875
0 0.94140625 0.83203125 0.0908203125 0.06640625
0 0.5771484375 0.7734375 0.07421875 0.0771484375
0 0.546875 0.841796875 0.076171875 0.064453125
0 0.6552734375 0.8798828125 0.080078125 0.080078125
0 0.6923828125 0.7958984375 0.0732421875 0.06640625
0 0.3095703125 0.69921875 0.0947265625 0.072265625
0 0.36328125 0.6962890625 0.064453125 0.060546875
0 0.3525390625 0.7724609375 0.08203125 0.0625
0 0.51171875 0.615234375 0.0849609375 0.0869140625
0 0.5791015625 0.5771484375 0.072265625 0.0673828125
0 0.6611328125 0.6279296875 0.08203125 0.0712890625
0 0.927734375 0.5869140625 0.1064453125 0.109375
0 0.87890625 0.67578125 0.076171875 0.0673828125
0 0.83203125 0.7578125 0.0556640625 0.064453125
0 0.7080078125 0.4111328125 0.078125 0.1240234375
0 0.4091796875 0.3896484375 0.06640625 0.05859375
0 0.2373046875 0.4599609375 0.0869140625 0.111328125
0 0.392578125 0.1962890625 0.0615234375 0.0810546875
0 0.4931640625 0.17578125 0.083984375 0.0927734375
0 0.4765625 0.2412109375 0.064453125 0.060546875
0 0.576171875 0.3134765625 0.05859375 0.0732421875
0 0.66796875 0.2294921875 0.07421875 0.1015625
0 0.60546875 0.1455078125 0.072265625 0.05859375
0 0.638671875 0.0771484375 0.1142578125 0.0771484375
0 0.451171875 0.04296875 0.08203125 0.04296875
0 0.2890625 0.060546875 0.0712890625 0.060546875
0 0.1318359375 0.0869140625 0.076171875 0.0869140625
0 0.787109375 0.083984375 0.0830078125 0.08203125
0 0.8671875 0.142578125 0.078125 0.078125
0 0.7939453125 0.21875 0.064453125 0.0810546875
0 0.8359375 0.244140625 0.0517578125 0.0576171875
0 0.841796875 0.3603515625 0.060546875 0.0693359375
0 0.8974609375 0.4130859375 0.0546875 0.0546875
0 0.98828125 0.3857421875 0.060546875 0.087890625
0 0.9404296875 0.244140625 0.0830078125 0.068359375
0 0.9189453125 0.32421875 0.0625 0.076171875
0 0.6865234375 0.451171875 0.056640625 0.0546875
0 0.107421875 0.7529296875 0.0859375 0.078125
0 0.470703125 0.9892578125 0.0654296875 0.046875
0 0.931640625 0.0771484375 0.052734375 0.052734375
0 0.1591796875 0.982421875 0.044921875 0.0712890625
0 0.9990234375 1.0 0.06640625 0.064453125
