0 0.68359375 0.34765625 0.0947265625 0.0908203125
0 0.876953125 0.4599609375 0.087890625 0.0791015625
0 0.841796875 0.1591796875 0.0693359375 0.1240234375
0 0.9169921875 0.3701171875 0.0791015625 0.0908203125
0 0.4228515625 0.4482421875 0.0966796875 0.0859375
0 0.9892578125 0.814453125 0.080078125 0.060546875
0 0.4765625 0.318359375 0.0712890625 0.1171875
0 0.8955078125 0.392578125 0.109375 0.1162109375
0 0.224609375 0.783203125 0.0869140625 0.0888671875
0 0.6162109375 1.0 0.0927734375 0.05078125
0 0.900390625 0.4404296875 0.0693359375 0.0634765625
0 0.5263671875 0.3857421875 0.0751953125 0.064453125
0 0.7578125 0.578125 0.109375 0.07421875
0 0.1767578125 0.37109375 0.0986328125 0.11328125
0 0.1396484375 0.4130859375 0.1103515625 0.08203125
0 0.763671875 0.759765625 0.0654296875 0.064453125
0 0.1220703125 0.177734375 0.1201171875 0.0517578125
0 0.6220703125 0.5263671875 0.0654296875 0.064453125
0 0.326171875 0.2021484375 0.0947265625 0.041015625
0 0.625 0.7177734375 0.0830078125 0.0546875
0 0.1513671875 0.3779296875 0.1396484375 0.0908203125
0 0.7119140625 0.7314453125 0.0654296875 0.0771484375
0 0.5966796875 0.86328125 0.080078125 0.0439453125
0 0.896484375 0.84765625 0.0771484375 0.0537109375
0 1.0 0.900390625 0.0634765625 0.0517578125
0 0.73828125 0.4365234375 0.1064453125 0.044921875
0 0.0947265625 0.8701171875 0.0947265625 0.0556640625
0 0.326171875 0.4248046875 0.0810546875 0.0576171875
0 0.552734375 0.4287109375 0.0810546875 0.046875
0 0.291015625 1.0 0.103515625 0.1591796875
0 0.98046875 0.619140625 0.1279296875 0.0419921875
0 0.498046875 0.5078125 0.1015625 0.0478515625
0 0.814453125 0.173828125 0.072265625 0.056640625
0 0.5732421875 0.8876953125 0.111328125 0.037109375
0 0.7470703125 0.2353515625 0.06640625 0.052734375
0 1.0 0.578125 0.052734375 0.033203125
0 0.064453125 0.72265625 0.064453125 0.0390625
0 0.3427734375 0.8837890625 0.107421875 0.046875
0 0.7470703125 0.2841796875 0.1474609375 0.0458984375
0 1.0 0.4365234375 0.01953125 0.0673828125
0 0.4169921875 0.0537109375 0.0615234375 0.0537109375
0 0.482421875 0.111328125 0.072265625 0.0849609375
0 0.3759765625 0.15234375 0.111328125 0.0478515625
0 0.5673828125 0.1923828125 0.0615234375 0.0634765625
0 0.3056640625 0.5712890625 0.115234375 0.05078125
0 0.6513671875 0.2080078125 0.0771484375 0.0400390625
0 0.359375 0.7978515625 0.0615234375 0.0400390625
0 1.0 0.4638671875 0.048828125 0.0458984375
0 0.6806640625 0.7763671875 0.0859375 0.0517578125
0 0.197265625 0.1591796875 0.154296875 0.0751953125
0 0.56640625 0.568359375 0.10546875 0.0419921875
0 0.4833984375 0.5283203125 0.0849609375 0.03515625
0 1.0 0.802734375 0.02734375 0.0322265625
0 0.6865234375 0.7646484375 0.1044921875 0.0595703125
0 0.7646484375 0.484375 0.06640625 0.05859375
0 0.7666015625 0.908203125 0.0966796875 0.0380859375
0 0.8681640625 1.0 0.0830078125 0.0244140625
0 0.048828125 1.0 0.048828125 0.0234375
0 0.6923828125 0.9150390625 0.06640625 0.0390625
