0 1.0 0.4912109375 0.046875 0.15234375
0 0.8017578125 1.0 0.06640625 0.0595703125
0 0.6298828125 1.0 0.09765625 0.076171875
0 0.755859375 0.849609375 0.08203125 0.076171875
0 0.80859375 0.677734375 0.076171875 0.05859375
0 0.87109375 0.640625 0.052734375 0.09765625
0 0.8466796875 0.6708984375 0.052734375 0.0595703125
0 0.791015625 0.5830078125 0.1455078125 0.1552734375
0 0.6611328125 0.5751953125 0.0927734375 0.1484375
0 0.533203125 0.50390625 0.0517578125 0.1142578125
0 0.5224609375 0.6083984375 0.1435546875 0.123046875
0 0.5185546875 0.6826171875 0.1240234375 0.134765625
0 0.7578125 0.087890625 0.0673828125 0.087890625
0 0.6865234375 0.197265625 0.0546875 0.16796875
0 0.6240234375 0.1416015625 0.0654296875 0.1201171875
0 0.54296875 0.1826171875 0.0703125 0.07421875
0 0.427734375 0.173828125 0.0986328125 0.0859375
0 0.3271484375 0.21875 0.0478515625 0.134765625
0 0.251953125 0.1884765625 0.1259765625 0.0654296875
0 0.322265625 0.4091796875 0.0947265625 0.12109375
0 0.4619140625 0.4521484375 0.072265625 0.1201171875
0 0.5 0.3349609375 0.0732421875 0.0625
0 0.546875 0.259765625 0.068359375 0.0712890625
0 0.556640625 0.310546875 0.0498046875 0.0712890625
0 0.6572265625 0.3271484375 0.08203125 0.0712890625
0 0.2265625 0.546875 0.056640625 0.1455078125
0 0.1630859375 0.6416015625 0.091796875 0.0478515625
0 0.251953125 0.673828125 0.1025390625 0.056640625
0 0.3291015625 0.638671875 0.06640625 0.0556640625
0 0.228515625 0.7666015625 0.0693359375 0.0615234375
0 0.451171875 0.8525390625 0.0966796875 0.09765625
0 0.525390625 0.7744140625 0.0927734375 0.064453125
0 0.2978515625 0.8837890625 0.09375 0.0732421875
0 0.244140625 0.97265625 0.07421875 0.10546875
0 0.2412109375 1.0 0.154296875 0.1494140625
0 0.05859375 0.7431640625 0.05859375 0.0810546875
0 0.0869140625 0.6572265625 0.0869140625 0.1416015625
0 0.0947265625 0.1865234375 0.076171875 0.091796875
0 0.2373046875 0.08984375 0.11328125 0.08984375
0 0.3232421875 0.0732421875 0.10546875 0.0732421875
0 0.8671875 0.8173828125 0.0498046875 0.0380859375
0 0.1025390625 0.9716796875 0.0673828125 0.0498046875
0 0.978515625 0.69921875 0.05859375 0.0595703125
0 0.81640625 0.4609375 0.1103515625 0.09765625
0 0.958984375 0.361328125 0.0498046875 0.087890625
0 0.9501953125 0.140625 0.0693359375 0.123046875
