0 0.2802734375 0.1513671875 0.0986328125 0.134765625
0 0.3671875 0.1455078125 0.0869140625 0.08203125
0 0.5107421875 0.091796875 0.138671875 0.091796875
0 0.56640625 0.0517578125 0.109375 0.0517578125
0 0.6748046875 0.1796875 0.1015625 0.1494140625
0 0.8037109375 0.0478515625 0.12890625 0.0478515625
0 0.85546875 0.1767578125 0.11328125 0.0693359375
0 0.9384765625 0.1923828125 0.0751953125 0.1142578125
0 0.9228515625 0.2802734375 0.0908203125 0.0771484375
0 0.71484375 0.4169921875 0.130859375 0.1796875
0 0.63671875 0.3935546875 0.125 0.154296875
0 0.4677734375 0.4541015625 0.2861328125 0.150390625
0 0.4169921875 0.490234375 0.126953125 0.0830078125
0 0.326171875 0.55859375 0.126953125 0.083984375
0 0.111328125 0.5634765625 0.0693359375 0.0771484375
0 0.1708984375 0.318359375 0.0576171875 0.0712890625
0 0.3837890625 0.2744140625 0.1767578125 0.0712890625
0 0.09765625 0.251953125 0.0634765625 0.037109375
0 0.4638671875 0.7431640625 0.166015625 0.24609375
0 0.208984375 0.6904296875 0.12109375 0.068359375
0 0.2421875 0.80859375 0.0849609375 0.072265625
0 0.111328125 0.869140625 0.1064453125 0.0791015625
0 0.0703125 0.947265625 0.0703125 0.09375
0 0.62109375 0.6884765625 0.138671875 0.2041015625
0 1.0 0.46875 0.19140625 0.1416015625
0 0.892578125 0.6572265625 0.1787109375 0.173828125
0 0.98828125 0.669921875 0.1943359375 0.1591796875
0 0.884765625 0.84375 0.0830078125 0.16015625
0 0.9228515625 0.708984375 0.05078125 0.0634765625
0 0.970703125 0.9404296875 0.0732421875 0.1484375
0 0.81640625 1.0 0.12109375 0.0966796875
0 0.599609375 0.974609375 0.1064453125 0.125
0 0.1533203125 0.1572265625 0.1494140625 0.0595703125
0 0.4228515625 0.205078125 0.0947265625 0.1474609375
0 0.4609375 0.7763671875 0.1064453125 0.2978515625
0 0.1767578125 0.7431640625 0.091796875 0.0634765625
0 0.125 0.65234375 0.1064453125 0.1005859375
0 0.38671875 1.0 0.0869140625 0.0703125
0 0.53515625 0.9609375 0.080078125 0.1416015625
0 0.8251953125 1.0 0.0888671875 0.099609375
0 1.0 0.6142578125 0.0322265625 0.1396484375
0 0.6259765625 0.6328125 0.140625 0.15625
0 0.9443359375 0.453125 0.1044921875 0.1044921875
