0 0.7197265625 0.4765625 0.107421875 0.0771484375
0 0.2548828125 0.697265625 0.09765625 0.0703125
0 0.419921875 0.546875 0.0751953125 0.0849609375
0 0.607421875 0.1748046875 0.080078125 0.0830078125
0 0.7646484375 0.3798828125 0.0654296875 0.1181640625
0 0.279296875 0.95703125 0.0751953125 0.080078125
0 0.572265625 0.64453125 0.16015625 0.0654296875
0 0.8447265625 0.8544921875 0.087890625 0.087890625
0 0.3193359375 0.90234375 0.0751953125 0.1005859375
0 0.08984375 0.6640625 0.0673828125 0.064453125
0 0.4765625 0.431640625 0.08984375 0.0849609375
0 0.119140625 0.494140625 0.119140625 0.1318359375
0 0.537109375 1.0 0.1298828125 0.0029296875
0 0.25 0.619140625 0.11328125 0.1943359375
0 0.5 0.3466796875 0.16796875 0.0595703125
0 0.7021484375 0.8046875 0.115234375 0.1025390625
0 0.2822265625 0.376953125 0.0927734375 0.14453125
0 0.9755859375 0.5224609375 0.1240234375 0.0869140625
0 0.5390625 1.0 0.0869140625 0.0478515625
0 0.1298828125 0.3271484375 0.1298828125 0.2578125
0 0.6015625 0.4296875 0.1220703125 0.134765625
0 0.9521484375 0.08984375 0.294921875 0.087890625
0 0.3818359375 0.7265625 0.09765625 0.0693359375
0 0.6943359375 0.3095703125 0.189453125 0.125
0 0.7548828125 1.0 0.10546875 0.0205078125
0 0.8642578125 0.25 0.0849609375 0.1484375
0 0.1923828125 0.921875 0.107421875 0.1552734375
0 0.75 0.974609375 0.283203125 0.134765625
0 0.9072265625 1.0 0.2822265625 0.0654296875
0 0.2568359375 0.8974609375 0.109375 0.123046875
0 0.58203125 0.8349609375 0.08984375 0.11328125
0 0.4423828125 0.1669921875 0.373046875 0.072265625
0 0.724609375 0.5517578125 0.294921875 0.0751953125
0 0.412109375 0.4169921875 0.294921875 0.08984375
0 0.306640625 0.625 0.064453125 0.1806640625
0 0.234375 0.7744140625 0.0498046875 0.0546875
0 0.8544921875 1.0 0.1103515625 0.1103515625
0 0.6015625 1.0 0.0771484375 0.0732421875
0 0.2890625 0.796875 0.0693359375 0.109375
0 0.3095703125 0.0205078125 0.09765625 0.0205078125
0 0.9970703125 0.3974609375 0.087890625 0.1376953125
0 0.9375 0.1923828125 0.060546875 0.1201171875
0 0.259765625 0.2373046875 0.087890625 0.060546875
0 0.724609375 0.779296875 0.1728515625 0.08984375
0 0.529296875 0.609375 0.0673828125 0.2119140625
0 0.5771484375 0.6875 0.0498046875 0.1025390625
0 0.412109375 0.4794921875 0.052734375 0.150390625
0 1.0 0.51171875 0.0400390625 0.1025390625
0 0.2392578125 0.1923828125 0.08984375 0.04296875
