0 0.98828125 0.130859375 0.0751953125 0.095703125
0 0.9296875 0.26953125 0.0654296875 0.05078125
0 0.84375 0.294921875 0.0498046875 0.09375
0 0.810546875 0.259765625 0.052734375 0.06640625
0 0.7587890625 0.1591796875 0.07421875 0.0791015625
0 0.6494140625 0.240234375 0.109375 0.1064453125
0 0.6884765625 0.314453125 0.0859375 0.0673828125
0 0.54296875 0.318359375 0.0537109375 0.07421875
0 0.5078125 0.3681640625 0.044921875 0.0615234375
0 0.671875 0.419921875 0.091796875 0.06640625
0 0.5029296875 0.453125 0.0703125 0.056640625
0 0.60546875 0.556640625 0.07421875 0.12890625
0 0.43359375 0.3603515625 0.0732421875 0.1015625
0 0.404296875 0.419921875 0.0693359375 0.056640625
0 0.3232421875 0.41796875 0.0615234375 0.099609375
0 0.2451171875 0.396484375 0.080078125 0.0908203125
0 0.2705078125 0.3212890625 0.0703125 0.0634765625
0 0.3818359375 0.21484375 0.05078125 0.076171875
0 0.3505859375 0.2099609375 0.0546875 0.111328125
0 0.298828125 0.1884765625 0.041015625 0.083984375
0 0.0771484375 0.17578125 0.0771484375 0.1064453125
0 0.900390625 0.05078125 0.0693359375 0.05078125
0 0.966796875 0.3583984375 0.0625 0.0703125
0 0.9033203125 0.4970703125 0.0791015625 0.0732421875
0 1.0 0.470703125 0.0556640625 0.0556640625
0 0.919921875 0.8125 0.0712890625 0.0947265625
0 1.0 0.783203125 0.0693359375 0.078125
0 0.9970703125 0.6748046875 0.060546875 0.0703125
0 0.9111328125 0.6533203125 0.0615234375 0.099609375
0 0.8681640625 0.6904296875 0.0693359375 0.091796875
0 0.984375 0.6123046875 0.0517578125 0.0654296875
0 0.2001953125 0.5810546875 0.09765625 0.0712890625
0 0.0751953125 0.5771484375 0.0712890625 0.11328125
0 0.19921875 0.6572265625 0.072265625 0.0712890625
0 0.2939453125 0.7548828125 0.1005859375 0.0595703125
0 0.1865234375 0.7705078125 0.0810546875 0.0732421875
0 0.0546875 0.8095703125 0.0546875 0.0556640625
0 0.0576171875 0.9306640625 0.0546875 0.0771484375
0 0.23046875 0.8544921875 0.0849609375 0.0693359375
0 0.4140625 1.0 0.103515625 0.08203125
0 0.6552734375 1.0 0.048828125 0.0341796875
0 0.6044921875 0.833984375 0.0908203125 0.052734375
0 0.4677734375 0.8349609375 0.083984375 0.0517578125
0 0.677734375 0.765625 0.068359375 0.0732421875
0 0.779296875 0.6865234375 0.0791015625 0.0703125
0 0.5830078125 0.6962890625 0.1083984375 0.095703125
0 0.4150390625 0.70703125 0.1240234375 0.0712890625
0 0.38671875 0.634765625 0.0830078125 0.0537109375
0 0.091796875 0.453125 0.060546875 0.08203125
0 0.828125 0.7998046875 0.0703125 0.08203125
0 0.6943359375 0.9140625 0.0849609375 0.05859375
