0 1.0 0.1416015625 0.08984375 0.046875
0 1.0 0.236328125 0.0263671875 0.0595703125
0 1.0 0.25 0.0625 0.056640625
0 1.0 0.1953125 0.103515625 0.0439453125
0 0.9091796875 0.2353515625 0.10546875 0.0400390625
0 0.74609375 0.0732421875 0.1171875 0.0693359375
0 0.6875 0.1083984375 0.19921875 0.0390625
0 0.63671875 0.177734375 0.07421875 0.052734375
0 0.4521484375 0.171875 0.1181640625 0.044921875
0 0.4130859375 0.1279296875 0.119140625 0.0439453125
0 0.341796875 0.103515625 0.1142578125 0.0625
0 0.2783203125 0.1044921875 0.08984375 0.0439453125
0 0.326171875 0.0634765625 0.078125 0.0634765625
0 0.29296875 0.1923828125 0.16015625 0.052734375
0 0.1884765625 0.18359375 0.0888671875 0.0400390625
0 0.2568359375 0.2451171875 0.1083984375 0.0400390625
0 0.3505859375 0.26953125 0.1142578125 0.0400390625
0 0.0693359375 0.138671875 0.0693359375 0.0673828125
0 0.0869140625 0.1953125 0.0869140625 0.0380859375
0 0.0400390625 0.248046875 0.0400390625 0.0517578125
0 0.1484375 0.3828125 0.1435546875 0.04296875
0 0.265625 0.3603515625 0.09375 0.04296875
0 0.49609375 0.29296875 0.0966796875 0.0703125
0 0.46484375 0.3701171875 0.12109375 0.0849609375
0 0.3369140625 0.4384765625 0.1103515625 0.052734375
0 0.4697265625 0.4140625 0.10546875 0.0634765625
0 0.529296875 0.4189453125 0.072265625 0.0625
0 0.58984375 0.404296875 0.0810546875 0.0380859375
0 0.6435546875 0.3505859375 0.095703125 0.07421875
0 0.77734375 0.31640625 0.125 0.0693359375
0 0.7333984375 0.3203125 0.0830078125 0.03125
0 0.560546875 0.58984375 0.12890625 0.0625
0 0.06640625 0.5146484375 0.06640625 0.048828125
0 1.0 0.4296875 0.0712890625 0.0771484375
0 0.9921875 0.29296875 0.109375 0.0537109375
0 0.9384765625 0.2587890625 0.05078125 0.02734375
0 1.0 0.3232421875 0.1181640625 0.04296875
0 0.96875 0.734375 0.1201171875 0.0458984375
0 0.95703125 0.7373046875 0.1484375 0.078125
0 0.919921875 0.693359375 0.0712890625 0.0205078125
0 0.796875 0.7548828125 0.1015625 0.056640625
0 0.7998046875 0.705078125 0.060546875 0.041015625
0 0.9853515625 0.765625 0.126953125 0.03125
0 0.9677734375 0.81640625 0.1279296875 0.060546875
0 0.97265625 0.8896484375 0.0556640625 0.08203125
0 0.9501953125 0.857421875 0.1416015625 0.060546875
0 0.9384765625 1.0 0.0908203125 0.0517578125
0 0.65234375 1.0 0.1025390625 0.0693359375
0 0.642578125 0.87109375 0.0830078125 0.0439453125
0 0.6455078125 0.8232421875 0.1064453125 0.05078125
0 0.6845703125 0.7451171875 0.1181640625 0.064453125
0 0.572265625 0.78125 0.0927734375 0.080078125
0 0.552734375 0.7080078125 0.111328125 0.072265625
0 0.3779296875 0.66015625 0.087890625 0.0576171875
0 0.28125 0.7021484375 0.1474609375 0.072265625
0 0.3857421875 0.779296875 0.1083984375 0.0556640625
0 0.2685546875 0.841796875 0.1162109375 0.046875
0 0.1884765625 0.775390625 0.1171875 0.0439453125
0 0.0869140625 0.720703125 0.08203125 0.0419921875
0 0.0634765625 0.6318359375 0.0634765625 0.0615234375
0 0.1484375 0.85546875 0.1064453125 0.0498046875
0 0.2587890625 0.8759765625 0.169921875 0.0517578125
0 0.1728515625 0.9755859375 0.138671875 0.1123046875
0 0.3291015625 0.931640625 0.1572265625 0.0654296875
0 0.2109375 0.998046875 0.12890625 0.087890625
