0 0.31640625 0.1455078125 0.08984375 0.091796875
0 0.568359375 0.1865234375 0.0625 0.1005859375
0 0.6337890625 0.3603515625 0.09765625 0.095703125
0 0.513671875 0.228515625 0.06640625 0.0390625
0 0.34375 0.4130859375 0.0625 0.05859375
0 0.2705078125 0.4931640625 0.078125 0.0458984375
0 0.16015625 0.5166015625 0.1376953125 0.0751953125
0 0.15625 0.0576171875 0.091796875 0.0576171875
0 0.453125 0.03125 0.080078125 0.03125
0 0.6064453125 0.0654296875 0.0810546875 0.0625
0 0.7451171875 0.05859375 0.080078125 0.05859375
0 1.0 0.0146484375 0.0078125 0.0146484375
0 1.0 0.1640625 0.0400390625 0.1162109375
0 0.8134765625 0.2138671875 0.083984375 0.080078125
0 0.83984375 0.3603515625 0.0654296875 0.0732421875
0 0.8935546875 0.427734375 0.0625 0.09375
0 0.759765625 0.37109375 0.087890625 0.0908203125
0 1.0 0.6015625 0.080078125 0.0810546875
0 0.15234375 0.673828125 0.087890625 0.064453125
0 0.0625 0.810546875 0.052734375 0.095703125
0 0.0830078125 0.7802734375 0.0361328125 0.0654296875
0 0.2890625 0.8251953125 0.099609375 0.0771484375
0 0.4091796875 0.814453125 0.0908203125 0.0810546875
0 0.232421875 0.8984375 0.0791015625 0.0810546875
0 0.2080078125 0.9560546875 0.0556640625 0.0546875
0 0.0576171875 0.984375 0.0546875 0.060546875
0 0.49609375 0.9873046875 0.05859375 0.083984375
0 0.3984375 0.8798828125 0.0732421875 0.0654296875
0 0.619140625 0.892578125 0.068359375 0.0537109375
0 0.673828125 0.9228515625 0.05859375 0.0693359375
0 0.736328125 0.9306640625 0.0771484375 0.05859375
0 0.673828125 0.7373046875 0.0732421875 0.1416015625
0 0.7958984375 0.703125 0.0849609375 0.0673828125
0 0.60546875 0.6669921875 0.0693359375 0.0732421875
0 0.458984375 0.5986328125 0.1171875 0.0908203125
0 0.927734375 0.9443359375 0.1240234375 0.0751953125
0 1.0 0.9990234375 0.0537109375 0.0908203125
0 0.7841796875 0.9970703125 0.0625 0.0732421875
0 0.5859375 0.99609375 0.0634765625 0.0703125
0 0.646484375 1.0 0.052734375 0.0595703125
0 0.4853515625 0.8759765625 0.072265625 0.0546875
0 0.638671875 0.4384765625 0.12109375 0.0810546875
0 0.576171875 0.853515625 0.0791015625 0.068359375
