0 0.0712890625 0.76171875 0.0712890625 0.1083984375
0 0.666015625 0.8115234375 0.107421875 0.072265625
0 0.1376953125 0.5537109375 0.091796875 0.083984375
0 0.17578125 0.216796875 0.072265625 0.158203125
0 0.11328125 0.353515625 0.11328125 0.1142578125
0 0.26171875 1.0 0.107421875 0.0791015625
0 0.359375 0.400390625 0.359375 0.3857421875
0 0.2216796875 0.0732421875 0.123046875 0.0732421875
0 0.9111328125 0.271484375 0.0732421875 0.09375
0 0.9580078125 0.3203125 0.0751953125 0.0693359375
0 0.7783203125 0.3798828125 0.1806640625 0.06640625
0 0.1005859375 0.9482421875 0.0966796875 0.0654296875
0 0.7939453125 0.4462890625 0.095703125 0.0888671875
0 0.7587890625 0.671875 0.169921875 0.0947265625
0 0.7412109375 0.4384765625 0.0927734375 0.1650390625
0 0.8955078125 0.515625 0.0556640625 0.0703125
0 0.794921875 0.7587890625 0.16796875 0.16015625
0 0.783203125 0.646484375 0.0634765625 0.0927734375
0 0.7822265625 0.9951171875 0.0595703125 0.1806640625
0 0.7060546875 0.5830078125 0.1015625 0.0966796875
0 0.986328125 0.2587890625 0.044921875 0.1025390625
0 0.9599609375 0.1611328125 0.064453125 0.05859375
0 0.8720703125 0.2197265625 0.09765625 0.0712890625
0 0.2939453125 0.1259765625 0.0595703125 0.060546875
0 0.12109375 0.2255859375 0.0634765625 0.044921875
0 0.173828125 0.279296875 0.044921875 0.0693359375
0 0.220703125 0.2548828125 0.06640625 0.068359375
0 0.330078125 0.203125 0.0263671875 0.04296875
0 0.453125 0.716796875 0.0458984375 0.09375
0 0.943359375 0.4609375 0.0634765625 0.0576171875
0 0.8779296875 0.458984375 0.0478515625 0.048828125
0 0.818359375 0.3193359375 0.09765625 0.0419921875
0 0.8232421875 0.375 0.0771484375 0.064453125
0 0.5966796875 0.9990234375 0.1142578125 0.0537109375
