0 0.0439453125 0.2099609375 0.0439453125 0.091796875
0 0.4599609375 0.654296875 0.060546875 0.0869140625
0 0.3564453125 0.6337890625 0.119140625 0.0634765625
0 0.140625 0.8984375 0.07421875 0.068359375
0 0.3359375 0.3212890625 0.0615234375 0.1015625
0 0.806640625 0.232421875 0.03515625 0.1044921875
0 0.9150390625 0.216796875 0.0419921875 0.083984375
0 0.5244140625 0.25 0.1103515625 0.05859375
0 0.2646484375 0.51953125 0.05859375 0.0908203125
0 0.31640625 0.24609375 0.044921875 0.099609375
0 0.5224609375 0.615234375 0.05078125 0.0712890625
0 0.890625 0.552734375 0.09765625 0.0556640625
0 0.552734375 0.5703125 0.041015625 0.087890625
0 0.9580078125 0.5126953125 0.0234375 0.0732421875
0 0.9072265625 0.9638671875 0.0556640625 0.0751953125
0 0.58984375 0.31640625 0.0400390625 0.0595703125
0 0.9833984375 0.0927734375 0.0439453125 0.0341796875
0 0.1171875 0.6806640625 0.025390625 0.072265625
0 0.029296875 0.9208984375 0.029296875 0.0537109375
0 0.3818359375 0.7314453125 0.044921875 0.05859375
0 0.921875 0.42578125 0.025390625 0.0498046875
0 0.755859375 0.6943359375 0.0576171875 0.05078125
0 0.7705078125 0.3076171875 0.0400390625 0.0732421875
0 0.361328125 0.060546875 0.0390625 0.0439453125
0 0.3115234375 1.0 0.0537109375 0.0234375
0 0.63671875 0.509765625 0.0517578125 0.0380859375
0 0.103515625 0.720703125 0.0517578125 0.04296875
0 0.037109375 0.9716796875 0.037109375 0.0361328125
0 0.2724609375 0.5556640625 0.05859375 0.060546875
0 0.6328125 0.9716796875 0.05078125 0.060546875
0 0.478515625 0.560546875 0.0546875 0.087890625
0 0.2763671875 0.044921875 0.0634765625 0.0263671875
0 0.6591796875 0.6552734375 0.03125 0.0595703125
0 0.72265625 0.4140625 0.0302734375 0.078125
0 0.92578125 0.9658203125 0.025390625 0.0732421875
0 0.865234375 0.5673828125 0.0732421875 0.0615234375
0 0.2265625 0.2646484375 0.0390625 0.05859375
0 0.869140625 0.98046875 0.0498046875 0.03125
0 0.830078125 0.3837890625 0.0400390625 0.05859375
0 0.892578125 0.0224609375 0.046875 0.0224609375
0 0.2353515625 0.9462890625 0.0556640625 0.0361328125
0 0.0625 0.6572265625 0.0625 0.0595703125
0 0.6181640625 0.0966796875 0.0361328125 0.0595703125
0 0.6396484375 0.8798828125 0.0537109375 0.0322265625
0 0.4384765625 0.951171875 0.0908203125 0.0361328125
0 0.68359375 0.578125 0.046875 0.0634765625
0 0.76171875 0.755859375 0.029296875 0.0634765625
0 0.935546875 0.2998046875 0.033203125 0.0654296875
0 0.1376953125 0.755859375 0.03515625 0.056640625
0 0.6845703125 0.275390625 0.029296875 0.0654296875
0 0.78515625 0.998046875 0.0283203125 0.0478515625
0 0.0263671875 0.0234375 0.0263671875 0.0224609375
0 0.0966796875 0.5673828125 0.0361328125 0.048828125
0 0.5625 0.984375 0.060546875 0.044921875
0 0.6259765625 0.6044921875 0.0322265625 0.0634765625
0 0.771484375 0.650390625 0.0654296875 0.0498046875
0 0.88671875 0.650390625 0.06640625 0.048828125
0 0.9228515625 0.7861328125 0.0546875 0.0478515625
0 0.7470703125 0.845703125 0.0771484375 0.0390625
0 0.6435546875 0.7373046875 0.1376953125 0.0361328125
0 0.5849609375 0.640625 0.0439453125 0.044921875
0 0.513671875 0.357421875 0.078125 0.05078125
0 0.48046875 0.9951171875 0.0517578125 0.0693359375
0 0.919921875 0.10546875 0.0947265625 0.05859375
0 0.486328125 0.0400390625 0.056640625 0.0400390625
0 1.0 0.9306640625 0.0458984375 0.0693359375
0 0.80859375 0.9375 0.056640625 0.048828125
0 0.7265625 0.94140625 0.048828125 0.046875
0 0.6328125 1.0 0.044921875 0.017578125
0 0.3896484375 1.0 0.0546875 0.0400390625
