0 0.423828125 0.0390625 0.10546875 0.0390625
0 0.392578125 0.1826171875 0.0625 0.0859375
0 0.4326171875 0.1220703125 0.07421875 0.0703125
0 0.5048828125 0.1357421875 0.0537109375 0.0751953125
0 0.4111328125 0.3330078125 0.076171875 0.1357421875
0 0.1728515625 0.357421875 0.0947265625 0.1357421875
0 0.306640625 0.2861328125 0.0654296875 0.072265625
0 0.0625 0.439453125 0.0595703125 0.0654296875
0 0.30859375 0.541015625 0.0712890625 0.0888671875
0 0.2021484375 0.57421875 0.0869140625 0.0849609375
0 0.2158203125 0.662109375 0.1591796875 0.05078125
0 0.3076171875 0.697265625 0.0810546875 0.0576171875
0 0.2333984375 0.7431640625 0.134765625 0.0673828125
0 0.1044921875 0.736328125 0.0751953125 0.0703125
0 0.0947265625 0.845703125 0.0947265625 0.072265625
0 0.05859375 0.7724609375 0.0576171875 0.064453125
0 0.275390625 0.8505859375 0.140625 0.0771484375
0 0.1826171875 0.8779296875 0.0791015625 0.0556640625
0 0.2236328125 0.921875 0.060546875 0.0703125
0 0.1484375 0.9453125 0.10546875 0.0712890625
0 0.43359375 1.0 0.056640625 0.0634765625
0 0.4970703125 0.708984375 0.068359375 0.0625
0 0.9501953125 0.8857421875 0.0634765625 0.0703125
0 0.88671875 0.9287109375 0.0947265625 0.06640625
0 0.7880859375 0.9287109375 0.1318359375 0.1162109375
0 0.8359375 0.828125 0.0869140625 0.0859375
0 0.8212890625 0.8642578125 0.0693359375 0.0419921875
0 0.8056640625 0.779296875 0.0751953125 0.1787109375
0 0.7451171875 0.6357421875 0.0634765625 0.091796875
0 0.53515625 0.5537109375 0.076171875 0.0712890625
0 0.80078125 0.431640625 0.103515625 0.1220703125
0 0.732421875 0.3076171875 0.0986328125 0.0634765625
0 0.623046875 0.33203125 0.09765625 0.1376953125
0 1.0 0.5283203125 0.07421875 0.1240234375
0 0.9072265625 0.1865234375 0.0830078125 0.1435546875
0 1.0 0.1279296875 0.072265625 0.1279296875
0 0.8427734375 0.607421875 0.1015625 0.125
0 0.765625 1.0 0.0498046875 0.0322265625
0 1.0 0.9755859375 0.02734375 0.05859375
0 0.017578125 0.6904296875 0.017578125 0.0498046875
