0 0.123046875 0.296875 0.1015625 0.0791015625
0 0.0419921875 0.169921875 0.0419921875 0.111328125
0 0.154296875 0.1435546875 0.0703125 0.0908203125
0 0.091796875 0.0224609375 0.08203125 0.0224609375
0 0.0380859375 0.703125 0.0380859375 0.123046875
0 0.1435546875 0.62890625 0.0908203125 0.1181640625
0 0.099609375 0.7099609375 0.04296875 0.0751953125
0 0.220703125 0.771484375 0.0654296875 0.1083984375
0 0.1015625 0.8466796875 0.0888671875 0.0654296875
0 0.1201171875 1.0 0.0712890625 0.087890625
0 0.03515625 1.0 0.03515625 0.0400390625
0 0.1875 1.0 0.060546875 0.0458984375
0 0.8720703125 0.1689453125 0.10546875 0.16796875
0 0.998046875 0.1640625 0.1416015625 0.1181640625
0 1.0 0.2724609375 0.07421875 0.10546875
0 0.6416015625 0.2783203125 0.0712890625 0.0654296875
0 0.6484375 0.3798828125 0.0810546875 0.1083984375
0 0.392578125 0.3515625 0.1123046875 0.0693359375
0 0.21484375 0.3076171875 0.04296875 0.0673828125
0 0.2998046875 0.2041015625 0.048828125 0.044921875
0 0.3701171875 0.1787109375 0.060546875 0.0830078125
0 0.935546875 0.3662109375 0.0986328125 0.0830078125
0 0.9921875 0.5078125 0.083984375 0.1240234375
0 0.9072265625 0.55078125 0.0625 0.0732421875
0 0.5966796875 0.490234375 0.0625 0.0986328125
0 0.525390625 0.48046875 0.080078125 0.083984375
0 0.69140625 0.5966796875 0.107421875 0.1005859375
0 0.8837890625 0.7275390625 0.119140625 0.1318359375
0 1.0 0.6357421875 0.0537109375 0.0859375
0 1.0 0.7919921875 0.0615234375 0.138671875
0 0.5302734375 0.7578125 0.0830078125 0.134765625
0 0.392578125 0.7314453125 0.1064453125 0.091796875
0 0.4052734375 0.5751953125 0.076171875 0.0947265625
0 0.42578125 0.42578125 0.0712890625 0.056640625
0 0.314453125 0.5966796875 0.1044921875 0.0712890625
0 0.3095703125 0.7998046875 0.078125 0.08984375
0 0.5107421875 0.90234375 0.1015625 0.1142578125
0 0.7177734375 0.89453125 0.09765625 0.111328125
0 0.5869140625 0.78125 0.07421875 0.08203125
0 0.90625 0.99609375 0.1123046875 0.09375
0 0.4384765625 1.0 0.0517578125 0.0400390625
0 0.27734375 0.947265625 0.05859375 0.056640625
0 0.9912109375 0.8779296875 0.080078125 0.1123046875
