0 0.39453125 0.41796875 0.0947265625 0.0888671875
0 0.5263671875 0.2939453125 0.1455078125 0.111328125
0 0.33203125 0.32421875 0.0859375 0.1015625
0 0.1708984375 0.2470703125 0.064453125 0.134765625
0 0.234375 0.216796875 0.0693359375 0.1025390625
0 0.27734375 0.1796875 0.06640625 0.0966796875
0 0.70703125 0.1865234375 0.0625 0.109375
0 0.0810546875 0.3525390625 0.0810546875 0.0986328125
0 0.083984375 0.4423828125 0.0625 0.0830078125
0 0.2060546875 0.392578125 0.07421875 0.0673828125
0 0.2275390625 0.458984375 0.0947265625 0.0712890625
0 0.171875 0.5322265625 0.0654296875 0.0595703125
0 0.12890625 0.6318359375 0.1015625 0.1083984375
0 0.2060546875 0.6435546875 0.08203125 0.1220703125
0 0.3623046875 0.6279296875 0.1494140625 0.1513671875
0 0.5224609375 0.4677734375 0.068359375 0.0634765625
0 0.5927734375 0.5966796875 0.126953125 0.056640625
0 0.5615234375 0.6640625 0.0888671875 0.0625
0 0.5439453125 0.775390625 0.130859375 0.091796875
0 0.69921875 0.6796875 0.080078125 0.0732421875
0 0.150390625 0.8544921875 0.07421875 0.0654296875
0 0.2509765625 0.5625 0.052734375 0.0703125
0 0.6748046875 0.4951171875 0.0732421875 0.142578125
0 0.6220703125 0.5517578125 0.06640625 0.076171875
0 0.7685546875 0.5302734375 0.0634765625 0.0771484375
0 0.8857421875 0.51171875 0.10546875 0.0634765625
0 0.6455078125 0.34375 0.09765625 0.10546875
0 0.7197265625 0.421875 0.0673828125 0.0859375
0 0.8994140625 0.4345703125 0.0712890625 0.1064453125
0 0.8642578125 0.2783203125 0.05859375 0.1123046875
0 0.951171875 0.2734375 0.087890625 0.0869140625
0 0.8798828125 0.3349609375 0.0625 0.064453125
0 0.8564453125 0.07421875 0.0654296875 0.0732421875
0 1.0 0.466796875 0.068359375 0.1103515625
0 0.984375 0.52734375 0.0732421875 0.0634765625
0 0.80859375 0.7744140625 0.103515625 0.0712890625
0 0.921875 0.796875 0.107421875 0.0625
0 0.982421875 0.8056640625 0.0615234375 0.103515625
0 1.0 0.7646484375 0.0341796875 0.07421875
0 1.0 0.869140625 0.0771484375 0.09375
0 0.91796875 1.0 0.1201171875 0.03125
0 0.73046875 0.9501953125 0.0693359375 0.142578125
0 0.712890625 1.0 0.08203125 0.0712890625
0 0.53515625 0.884765625 0.0732421875 0.0693359375
0 0.5263671875 1.0 0.0625 0.1181640625
0 0.625 0.974609375 0.064453125 0.0634765625
0 0.2802734375 1.0 0.0869140625 0.0537109375
0 0.0537109375 0.109375 0.0537109375 0.109375
0 0.0859375 1.0 0.072265625 0.0625
0 0.037109375 0.1953125 0.037109375 0.064453125
0 0.1162109375 0.5595703125 0.048828125 0.052734375
0 0.048828125 0.57421875 0.048828125 0.0546875
0 0.0703125 0.654296875 0.0546875 0.0556640625
0 0.5166015625 0.7041015625 0.076171875 0.052734375
0 0.5751953125 0.9794921875 0.056640625 0.06640625
0 0.4853515625 0.9833984375 0.0419921875 0.130859375
0 0.8115234375 1.0 0.064453125 0.0361328125
0 0.9990234375 0.4306640625 0.0361328125 0.087890625
0 0.2568359375 0.6455078125 0.0703125 0.072265625
0 0.1904296875 0.3408203125 0.0478515625 0.046875
