0 0.998046875 0.09375 0.0810546875 0.0712890625
0 0.9189453125 0.498046875 0.0703125 0.1005859375
0 0.9306640625 0.2421875 0.091796875 0.0390625
0 0.10546875 0.8583984375 0.10546875 0.0830078125
0 0.916015625 0.1162109375 0.078125 0.0966796875
0 0.9384765625 0.2021484375 0.0869140625 0.0751953125
0 0.3173828125 0.767578125 0.1171875 0.09375
0 1.0 0.5908203125 0.091796875 0.158203125
0 0.40234375 0.7802734375 0.130859375 0.091796875
0 1.0 0.048828125 0.033203125 0.048828125
0 0.7626953125 0.9482421875 0.111328125 0.06640625
0 0.32421875 0.5830078125 0.1474609375 0.07421875
0 0.546875 0.71484375 0.1201171875 0.0927734375
0 0.2265625 0.4931640625 0.1875 0.064453125
0 0.3369140625 0.0888671875 0.0966796875 0.068359375
0 0.8251953125 0.052734375 0.0654296875 0.05078125
0 0.4765625 0.16015625 0.111328125 0.0947265625
0 0.732421875 0.416015625 0.072265625 0.0703125
0 0.228515625 0.673828125 0.146484375 0.083984375
0 0.125 0.9736328125 0.125 0.08203125
0 0.107421875 1.0 0.1064453125 0.0234375
0 0.2578125 0.9482421875 0.1640625 0.0859375
0 0.9208984375 0.822265625 0.05859375 0.0673828125
0 0.9921875 0.890625 0.1494140625 0.1240234375
0 1.0 0.896484375 0.0693359375 0.1220703125
0 0.958984375 1.0 0.0458984375 0.08203125
0 0.951171875 1.0 0.12890625 0.078125
0 0.2470703125 0.876953125 0.1142578125 0.1015625
0 0.13671875 0.9130859375 0.13671875 0.0703125
