0 0.4423828125 0.61328125 0.119140625 0.15234375
0 0.2705078125 0.42578125 0.0791015625 0.087890625
0 0.8466796875 0.5634765625 0.09765625 0.0791015625
0 0.7333984375 0.9560546875 0.125 0.072265625
0 0.3203125 0.8203125 0.1201171875 0.1103515625
0 0.1904296875 0.9990234375 0.0537109375 0.025390625
0 0.5546875 0.0947265625 0.103515625 0.0810546875
0 0.3486328125 0.1357421875 0.0732421875 0.099609375
0 1.0 0.6904296875 0.05859375 0.0751953125
0 0.1103515625 0.7353515625 0.1103515625 0.0908203125
0 0.08984375 0.83984375 0.083984375 0.09375
0 0.9814453125 0.458984375 0.09375 0.1171875
0 0.716796875 0.7705078125 0.1015625 0.087890625
0 1.0 0.3466796875 0.0068359375 0.146484375
0 1.0 0.3466796875 0.0625 0.166015625
0 1.0 0.9365234375 0.044921875 0.07421875
0 0.46484375 0.751953125 0.14453125 0.087890625
0 0.7578125 0.9052734375 0.08984375 0.05859375
0 0.6240234375 0.8515625 0.111328125 0.10546875
0 0.80859375 0.7890625 0.0966796875 0.1015625
0 0.9287109375 0.916015625 0.060546875 0.056640625
0 0.6435546875 0.3701171875 0.0908203125 0.078125
0 0.7998046875 0.47265625 0.05859375 0.0546875
0 0.13671875 0.9833984375 0.091796875 0.052734375
0 0.2841796875 0.908203125 0.0859375 0.0615234375
0 0.40625 0.66015625 0.06640625 0.041015625
0 0.3505859375 0.82421875 0.0439453125 0.1015625
0 0.322265625 0.494140625 0.052734375 0.0810546875
0 0.388671875 0.5029296875 0.0732421875 0.0927734375
0 0.25390625 0.2802734375 0.0751953125 0.0927734375
