0 0.0712890625 0.58984375 0.0712890625 0.0849609375
0 0.9453125 0.5224609375 0.0791015625 0.0673828125
0 0.5673828125 0.4306640625 0.0693359375 0.1162109375
0 0.2236328125 0.2421875 0.0693359375 0.0810546875
0 0.12109375 0.3076171875 0.0498046875 0.0693359375
0 0.9765625 0.220703125 0.0546875 0.103515625
0 0.431640625 0.9541015625 0.0478515625 0.078125
0 0.4072265625 0.8046875 0.0693359375 0.0625
0 0.6298828125 0.1318359375 0.0732421875 0.072265625
0 0.978515625 0.34375 0.0576171875 0.0693359375
0 0.3701171875 0.552734375 0.0439453125 0.0908203125
0 0.6650390625 0.603515625 0.0283203125 0.0830078125
0 0.615234375 0.505859375 0.0263671875 0.103515625
0 0.18359375 0.169921875 0.0244140625 0.0888671875
0 0.69140625 0.1611328125 0.0546875 0.0712890625
0 0.873046875 0.625 0.0478515625 0.083984375
0 0.7412109375 0.5703125 0.0400390625 0.0751953125
0 0.048828125 0.892578125 0.048828125 0.048828125
0 0.1513671875 0.8212890625 0.072265625 0.044921875
0 0.2705078125 0.9384765625 0.0390625 0.0712890625
0 0.30078125 0.8154296875 0.0634765625 0.0595703125
0 0.78515625 0.771484375 0.029296875 0.080078125
0 0.4169921875 0.6572265625 0.0361328125 0.0576171875
0 0.5078125 0.6435546875 0.0390625 0.0810546875
0 0.3515625 0.6552734375 0.072265625 0.046875
0 0.0927734375 0.23828125 0.0361328125 0.0615234375
0 0.4111328125 0.2119140625 0.0498046875 0.1298828125
0 0.72265625 0.2890625 0.0302734375 0.076171875
0 0.94921875 0.8818359375 0.03125 0.0888671875
0 0.443359375 0.1572265625 0.037109375 0.072265625
0 0.494140625 0.2431640625 0.0576171875 0.087890625
0 0.3837890625 0.19140625 0.05078125 0.07421875
0 0.6591796875 0.94921875 0.0634765625 0.064453125
0 0.146484375 0.59375 0.05859375 0.052734375
0 0.9404296875 0.8798828125 0.03125 0.0908203125
0 1.0 0.73828125 0.0361328125 0.0732421875
0 0.1982421875 0.890625 0.076171875 0.0283203125
0 0.171875 0.03125 0.0390625 0.03125
0 0.0517578125 0.845703125 0.0517578125 0.0595703125
0 0.6220703125 0.208984375 0.0302734375 0.0986328125
0 0.900390625 0.9150390625 0.0546875 0.060546875
0 0.8447265625 0.2412109375 0.0654296875 0.04296875
0 0.6845703125 0.9111328125 0.041015625 0.056640625
0 0.01171875 0.677734375 0.01171875 0.03515625
0 0.7177734375 1.0 0.02734375 0.052734375
0 0.78125 0.2392578125 0.048828125 0.0654296875
0 0.6767578125 0.7470703125 0.0234375 0.0625
0 1.0 0.939453125 0.0283203125 0.05859375
0 0.503125 0.28896484375 0.10371093750000004 0.04853515624999999
0 0.55859375 0.9287109375 0.05078125 0.0439453125
0 0.4267578125 0.7314453125 0.04296875 0.0419921875
0 0.96484375 0.0458984375 0.0361328125 0.0458984375
0 0.173828125 0.2421875 0.041015625 0.0654296875
0 0.859375 0.0478515625 0.037109375 0.0478515625
0 0.5 1.0 0.03515625 0.0341796875
0 0.654296875 0.90625 0.0400390625 0.05078125
0 0.8623046875 0.859375 0.0556640625 0.0400390625
