0 0.1220703125 0.3447265625 0.1103515625 0.0947265625
0 0.0390625 0.599609375 0.0390625 0.1201171875
0 0.857421875 0.6669921875 0.1357421875 0.1220703125
0 0.4697265625 0.0693359375 0.1123046875 0.0693359375
0 0.3916015625 0.2373046875 0.109375 0.0927734375
0 0.197265625 0.556640625 0.087890625 0.099609375
0 0.8974609375 0.234375 0.125 0.072265625
0 0.3017578125 0.884765625 0.125 0.080078125
0 0.6396484375 0.2568359375 0.0927734375 0.0849609375
0 0.939453125 0.0595703125 0.169921875 0.0595703125
0 0.4345703125 0.4423828125 0.099609375 0.0908203125
0 0.259765625 0.3349609375 0.08984375 0.0703125
0 0.5517578125 0.6142578125 0.1923828125 0.1669921875
0 0.818359375 0.392578125 0.0927734375 0.07421875
0 0.4560546875 0.8974609375 0.08984375 0.1455078125
0 0.0224609375 0.8125 0.0224609375 0.0830078125
0 0.2841796875 0.046875 0.1142578125 0.046875
0 0.181640625 0.0498046875 0.107421875 0.0498046875
0 0.279296875 0.7197265625 0.08203125 0.080078125
0 0.26171875 0.9921875 0.125 0.115234375
0 0.529296875 0.21484375 0.064453125 0.0751953125
0 0.1298828125 0.4765625 0.1005859375 0.072265625
0 0.6572265625 0.76171875 0.080078125 0.08203125
0 0.9794921875 0.9619140625 0.115234375 0.08203125
0 0.857421875 0.724609375 0.0927734375 0.060546875
0 0.544921875 0.4619140625 0.1201171875 0.1123046875
0 0.287109375 0.5546875 0.0654296875 0.060546875
0 0.83203125 0.9892578125 0.1826171875 0.1298828125
0 1.0 0.1630859375 0.125 0.0830078125
0 0.9873046875 0.669921875 0.1103515625 0.0908203125
0 0.8466796875 0.1767578125 0.1923828125 0.0849609375
0 0.7119140625 0.44921875 0.080078125 0.0673828125
0 0.1796875 0.2421875 0.0576171875 0.0546875
0 0.234375 0.6474609375 0.072265625 0.068359375
0 0.3798828125 0.9892578125 0.078125 0.0947265625
0 0.7392578125 0.2119140625 0.109375 0.0869140625
0 0.349609375 0.9375 0.080078125 0.0732421875
0 1.0 0.0234375 0.064453125 0.0234375
0 0.07421875 0.7724609375 0.07421875 0.0927734375
0 1.0 0.779296875 0.0478515625 0.072265625
0 0.5068359375 0.6923828125 0.1123046875 0.060546875
0 0.7841796875 0.7744140625 0.080078125 0.08984375
0 1.0 0.4072265625 0.078125 0.078125
