0 0.5947265625 0.654296875 0.1328125 0.08984375
0 0.3603515625 0.9375 0.0927734375 0.0791015625
0 0.5146484375 0.1845703125 0.10546875 0.09765625
0 0.509765625 0.3544921875 0.1181640625 0.08984375
0 0.732421875 0.7626953125 0.125 0.078125
0 0.6044921875 0.919921875 0.1220703125 0.10546875
0 1.0 0.9013671875 0.14453125 0.078125
0 0.6162109375 0.8134765625 0.15625 0.0888671875
0 0.2666015625 0.5673828125 0.091796875 0.087890625
0 0.4375 0.8349609375 0.09375 0.09375
0 0.484375 0.9482421875 0.0791015625 0.0732421875
0 0.2548828125 0.189453125 0.080078125 0.0751953125
0 0.9375 0.681640625 0.0947265625 0.0771484375
0 0.2421875 0.349609375 0.1103515625 0.0830078125
0 0.5166015625 0.662109375 0.1494140625 0.0849609375
0 0.375 0.669921875 0.0830078125 0.142578125
0 0.306640625 0.6171875 0.119140625 0.0703125
0 0.0693359375 0.1298828125 0.0625 0.107421875
0 0.2548828125 0.0517578125 0.0927734375 0.0498046875
0 0.7763671875 0.3427734375 0.1328125 0.044921875
0 1.0 0.7783203125 0.0517578125 0.0673828125
