0 0.875 0.076171875 0.064453125 0.0556640625
0 0.78515625 0.0478515625 0.05078125 0.0478515625
0 0.4560546875 0.03125 0.142578125 0.03125
0 0.4599609375 0.0947265625 0.10546875 0.0634765625
0 0.59765625 0.1064453125 0.0556640625 0.044921875
0 0.427734375 0.224609375 0.1171875 0.0693359375
0 0.6953125 0.1455078125 0.0390625 0.0546875
0 0.205078125 0.0654296875 0.1103515625 0.0654296875
0 0.1650390625 0.337890625 0.1064453125 0.0830078125
0 0.3779296875 0.3486328125 0.0751953125 0.0546875
0 0.3095703125 0.3720703125 0.0791015625 0.0595703125
0 0.1884765625 0.501953125 0.1220703125 0.0615234375
0 0.2919921875 0.4912109375 0.1201171875 0.0419921875
0 0.3876953125 0.505859375 0.1005859375 0.0576171875
0 0.5 0.4912109375 0.076171875 0.0576171875
0 0.576171875 0.4697265625 0.0771484375 0.046875
0 0.4482421875 0.4423828125 0.1064453125 0.091796875
0 0.4765625 0.3095703125 0.072265625 0.046875
0 0.6455078125 0.3935546875 0.0771484375 0.0791015625
0 0.689453125 0.3828125 0.05859375 0.0888671875
0 0.5458984375 0.4111328125 0.064453125 0.08203125
0 0.6552734375 0.5244140625 0.123046875 0.0546875
0 0.7626953125 0.5244140625 0.046875 0.09765625
0 0.56640625 0.560546875 0.064453125 0.0537109375
0 0.423828125 0.650390625 0.0703125 0.0673828125
0 0.37890625 0.8134765625 0.076171875 0.0732421875
0 0.470703125 0.75390625 0.080078125 0.0537109375
0 0.5654296875 0.7431640625 0.0634765625 0.0732421875
0 0.732421875 0.6923828125 0.056640625 0.0546875
0 0.7705078125 0.5986328125 0.0625 0.05859375
0 0.9150390625 0.6259765625 0.1044921875 0.0634765625
0 0.9326171875 0.9970703125 0.0693359375 0.1328125
0 0.869140625 1.0 0.0625 0.0732421875
0 0.8125 1.0 0.0546875 0.087890625
0 0.7939453125 0.86328125 0.0595703125 0.0595703125
0 0.7216796875 0.8896484375 0.064453125 0.0546875
0 0.7548828125 0.7958984375 0.083984375 0.052734375
0 0.677734375 0.8095703125 0.072265625 0.05859375
0 0.615234375 0.8427734375 0.052734375 0.0625
0 0.5322265625 0.81640625 0.0849609375 0.064453125
0 0.5576171875 0.845703125 0.064453125 0.0693359375
0 0.2587890625 0.8681640625 0.0576171875 0.0732421875
0 0.2109375 0.8505859375 0.0498046875 0.056640625
0 0.1748046875 0.8037109375 0.0810546875 0.0595703125
0 0.232421875 0.7431640625 0.0625 0.05859375
0 0.15234375 0.7509765625 0.091796875 0.080078125
0 0.146484375 0.9423828125 0.1142578125 0.044921875
0 0.1279296875 1.0 0.10546875 0.05859375
0 0.240234375 0.9990234375 0.1025390625 0.0517578125
0 0.3544921875 0.955078125 0.12109375 0.0654296875
0 0.4306640625 0.9228515625 0.0517578125 0.0498046875
0 0.509765625 0.875 0.0966796875 0.060546875
0 0.572265625 0.9130859375 0.0751953125 0.052734375
0 0.5185546875 0.927734375 0.0810546875 0.048828125
0 0.5869140625 0.9677734375 0.083984375 0.0439453125
0 0.6015625 1.0 0.087890625 0.0400390625
0 0.689453125 0.75390625 0.068359375 0.046875
0 0.451171875 0.9658203125 0.0712890625 0.0419921875
0 0.3984375 0.9912109375 0.0546875 0.056640625
0 0.341796875 0.9970703125 0.0625 0.037109375
