0 0.7666015625 0.7919921875 0.1494140625 0.0751953125
0 0.80078125 0.6318359375 0.09765625 0.0927734375
0 0.51953125 1.0 0.09765625 0.041015625
0 0.54296875 0.7548828125 0.1162109375 0.0546875
0 0.3896484375 0.7197265625 0.1005859375 0.048828125
0 0.4931640625 0.505859375 0.107421875 0.087890625
0 0.330078125 0.1630859375 0.0615234375 0.09765625
0 0.1123046875 0.759765625 0.078125 0.0712890625
0 0.7275390625 0.34765625 0.08984375 0.08203125
0 0.44921875 0.0625 0.107421875 0.060546875
0 0.474609375 0.8583984375 0.0830078125 0.0478515625
0 0.4375 0.8408203125 0.09765625 0.0537109375
0 0.1220703125 0.8349609375 0.0703125 0.078125
0 0.1845703125 0.4658203125 0.0556640625 0.076171875
0 0.41015625 1.0 0.0908203125 0.0341796875
0 0.830078125 0.0625 0.0576171875 0.060546875
0 0.3349609375 0.314453125 0.0703125 0.107421875
