0 0.0537109375 0.1435546875 0.0537109375 0.091796875
0 0.1337890625 0.2822265625 0.11328125 0.109375
0 0.09375 0.3974609375 0.087890625 0.107421875
0 0.2509765625 0.302734375 0.0830078125 0.0966796875
0 0.5537109375 0.380859375 0.1904296875 0.0947265625
0 0.0205078125 0.65625 0.0205078125 0.1083984375
0 0.046875 0.740234375 0.046875 0.0849609375
0 0.080078125 0.7744140625 0.0517578125 0.0791015625
0 0.140625 0.8857421875 0.1220703125 0.158203125
0 0.095703125 1.0 0.0771484375 0.02734375
0 0.1953125 1.0 0.0634765625 0.150390625
0 0.447265625 1.0 0.158203125 0.044921875
0 0.3330078125 0.9453125 0.0771484375 0.064453125
0 0.314453125 0.720703125 0.107421875 0.0791015625
0 0.3837890625 0.7646484375 0.126953125 0.09765625
0 0.470703125 0.8720703125 0.0888671875 0.09375
0 0.462890625 0.6435546875 0.0810546875 0.0595703125
0 0.572265625 0.6337890625 0.0751953125 0.0576171875
0 0.5068359375 0.578125 0.095703125 0.228515625
0 0.6669921875 0.365234375 0.099609375 0.142578125
0 0.87890625 0.6337890625 0.15625 0.1533203125
0 1.0 0.6787109375 0.0849609375 0.2314453125
0 0.7900390625 0.98828125 0.0712890625 0.0576171875
0 0.9931640625 1.0 0.068359375 0.044921875
0 0.7802734375 0.1357421875 0.0830078125 0.068359375
0 0.626953125 0.0703125 0.0634765625 0.0703125
0 0.1904296875 0.34375 0.1318359375 0.076171875
0 0.04296875 0.2099609375 0.04296875 0.0625
0 0.505859375 0.2548828125 0.0615234375 0.080078125
0 0.89453125 0.759765625 0.109375 0.150390625
