0 0.1123046875 0.416015625 0.1123046875 0.0869140625
0 0.1337890625 0.376953125 0.0673828125 0.1142578125
0 0.1865234375 0.3193359375 0.072265625 0.0888671875
0 0.1796875 0.169921875 0.0712890625 0.0712890625
0 0.21875 0.4267578125 0.0654296875 0.064453125
0 0.294921875 0.4521484375 0.0830078125 0.1015625
0 0.279296875 0.328125 0.052734375 0.0546875
0 0.3154296875 0.6279296875 0.064453125 0.0869140625
0 0.3466796875 0.2255859375 0.06640625 0.07421875
0 0.359375 0.166015625 0.0771484375 0.0712890625
0 0.5830078125 0.091796875 0.0859375 0.091796875
0 0.703125 0.44921875 0.125 0.1259765625
0 0.669921875 0.4921875 0.099609375 0.0732421875
0 0.7119140625 0.564453125 0.095703125 0.0771484375
0 0.06640625 0.78515625 0.0615234375 0.0625
0 0.1357421875 0.82421875 0.083984375 0.068359375
0 0.1748046875 0.8720703125 0.0859375 0.0693359375
0 0.0791015625 0.8837890625 0.0615234375 0.0712890625
0 0.31640625 0.8671875 0.05078125 0.0693359375
0 0.40234375 0.87890625 0.078125 0.0673828125
0 0.5458984375 0.8125 0.0693359375 0.0703125
0 0.078125 1.0 0.0771484375 0.0390625
0 0.611328125 0.9794921875 0.107421875 0.1337890625
0 0.6533203125 0.8818359375 0.0859375 0.0615234375
0 0.73046875 0.97265625 0.0732421875 0.0712890625
0 0.8037109375 1.0 0.109375 0.060546875
0 1.0 0.904296875 0.0322265625 0.123046875
0 0.9716796875 0.87890625 0.0517578125 0.064453125
0 0.9658203125 0.67578125 0.068359375 0.0712890625
0 1.0 0.4228515625 0.0986328125 0.083984375
0 0.8837890625 0.2880859375 0.041015625 0.0634765625
0 0.9384765625 0.2216796875 0.0556640625 0.0830078125
0 0.9130859375 0.1669921875 0.09375 0.080078125
0 0.8193359375 0.1552734375 0.083984375 0.06640625
0 0.82421875 0.2490234375 0.0615234375 0.099609375
0 0.7373046875 0.2041015625 0.0654296875 0.078125
0 0.7685546875 0.287109375 0.0732421875 0.103515625
0 0.9287109375 0.0615234375 0.05078125 0.0615234375
0 0.76953125 0.0625 0.0595703125 0.0546875
0 0.41015625 0.7822265625 0.064453125 0.0498046875
0 0.1875 0.7978515625 0.0419921875 0.05078125
0 0.462890625 0.6279296875 0.056640625 0.04296875
0 0.916015625 1.0 0.091796875 0.044921875
0 0.1806640625 1.0 0.087890625 0.0263671875
0 0.2998046875 1.0 0.0576171875 0.02734375
0 0.6123046875 0.9990234375 0.09375 0.0537109375
