0 0.1416015625 0.2333984375 0.099609375 0.0810546875
0 0.1591796875 0.3037109375 0.0830078125 0.0595703125
0 0.21875 0.3095703125 0.0595703125 0.0732421875
0 0.3583984375 0.193359375 0.06640625 0.0625
0 0.404296875 0.259765625 0.0703125 0.0771484375
0 0.677734375 0.2294921875 0.0830078125 0.048828125
0 0.9111328125 0.1005859375 0.109375 0.072265625
0 0.947265625 0.068359375 0.1044921875 0.0498046875
0 0.2705078125 0.0849609375 0.0595703125 0.0849609375
0 0.119140625 0.05859375 0.05859375 0.05859375
0 0.173828125 0.1201171875 0.0537109375 0.0546875
0 0.0185546875 0.484375 0.0185546875 0.0966796875
0 0.0810546875 0.8095703125 0.0595703125 0.080078125
0 0.2666015625 0.6376953125 0.08203125 0.0546875
0 0.21484375 0.56640625 0.0732421875 0.05859375
0 0.146484375 0.564453125 0.052734375 0.064453125
0 0.470703125 0.5361328125 0.0830078125 0.06640625
0 0.427734375 0.703125 0.0791015625 0.0673828125
0 0.5361328125 0.7041015625 0.0517578125 0.0576171875
0 0.6005859375 0.7509765625 0.0947265625 0.072265625
0 0.5458984375 0.828125 0.0986328125 0.0869140625
0 0.642578125 0.8798828125 0.10546875 0.087890625
0 0.5478515625 0.9658203125 0.0771484375 0.087890625
0 0.298828125 0.9384765625 0.072265625 0.0654296875
0 0.185546875 0.857421875 0.064453125 0.076171875
0 0.1259765625 0.83984375 0.056640625 0.08984375
0 0.2177734375 1.0 0.068359375 0.044921875
0 0.046875 0.7060546875 0.03515625 0.0478515625
0 0.837890625 0.9150390625 0.0966796875 0.0830078125
0 0.779296875 0.779296875 0.080078125 0.0634765625
0 0.8212890625 0.6943359375 0.0703125 0.0849609375
0 0.8486328125 0.5869140625 0.0908203125 0.0546875
0 0.9228515625 0.525390625 0.0888671875 0.0576171875
0 0.8486328125 0.4560546875 0.0654296875 0.05859375
0 0.7978515625 0.49609375 0.052734375 0.0546875
0 0.9130859375 0.646484375 0.0810546875 0.0810546875
0 1.0 0.5625 0.0546875 0.0517578125
0 0.9765625 0.9873046875 0.0947265625 0.0673828125
0 0.88671875 0.9736328125 0.060546875 0.076171875
0 0.5498046875 0.583984375 0.05859375 0.0673828125
0 0.6552734375 0.546875 0.078125 0.0615234375
0 0.5751953125 0.44921875 0.09765625 0.0771484375
0 0.4697265625 0.41796875 0.076171875 0.0947265625
0 0.6552734375 0.3642578125 0.072265625 0.068359375
0 0.9912109375 0.3759765625 0.126953125 0.0693359375
0 0.89453125 0.3935546875 0.072265625 0.0703125
0 1.0 0.240234375 0.087890625 0.0595703125
0 0.4892578125 0.15625 0.0712890625 0.0615234375
0 0.3564453125 0.2734375 0.0576171875 0.048828125
0 0.18359375 0.0400390625 0.0693359375 0.0400390625
0 0.7822265625 0.837890625 0.076171875 0.0615234375
