0 0.044921875 0.5380859375 0.044921875 0.0458984375
0 0.1064453125 0.2099609375 0.1064453125 0.080078125
0 0.197265625 0.193359375 0.06640625 0.1435546875
0 0.0810546875 0.7744140625 0.0810546875 0.0947265625
0 0.0849609375 0.6767578125 0.0849609375 0.0693359375
0 0.4833984375 0.69140625 0.1220703125 0.1025390625
0 0.5927734375 0.55859375 0.091796875 0.1171875
0 0.0380859375 0.943359375 0.0380859375 0.08203125
0 0.095703125 0.8974609375 0.0869140625 0.1083984375
0 0.1669921875 0.9599609375 0.1220703125 0.0869140625
0 0.4365234375 1.0 0.2783203125 0.0712890625
0 0.4443359375 0.87109375 0.064453125 0.1005859375
0 0.390625 0.8994140625 0.078125 0.1123046875
0 0.580078125 0.9140625 0.1181640625 0.158203125
0 0.564453125 0.998046875 0.0693359375 0.1103515625
0 0.7958984375 0.158203125 0.0751953125 0.0947265625
0 0.9716796875 0.068359375 0.115234375 0.0673828125
0 1.0 0.279296875 0.119140625 0.111328125
0 0.998046875 0.1533203125 0.1162109375 0.0849609375
0 0.8203125 0.4697265625 0.087890625 0.09375
0 0.96875 0.4951171875 0.1240234375 0.1435546875
0 0.611328125 0.5498046875 0.2236328125 0.298828125
0 0.845703125 0.5771484375 0.201171875 0.0927734375
0 1.0 0.7021484375 0.146484375 0.078125
0 0.7890625 0.8857421875 0.123046875 0.0791015625
0 1.0 0.9228515625 0.1962890625 0.103515625
0 0.8076171875 1.0 0.0869140625 0.05078125
0 0.8974609375 1.0 0.1103515625 0.044921875
0 0.1376953125 0.2197265625 0.09765625 0.06640625
0 0.5087890625 0.880859375 0.072265625 0.046875
0 0.591796875 0.7763671875 0.048828125 0.044921875
0 0.462890625 0.0302734375 0.0478515625 0.0302734375
0 0.4130859375 0.0361328125 0.037109375 0.0361328125
0 0.48046875 0.23046875 0.140625 0.2138671875
0 1.0 0.6044921875 0.048828125 0.0458984375
0 1.0 0.6591796875 0.3056640625 0.17578125
0 1.0 0.08203125 0.0478515625 0.05078125
0 0.517578125 0.837890625 0.0810546875 0.0908203125
