0 0.9951171875 0.478515625 0.0625 0.107421875
0 0.5244140625 0.61328125 0.05859375 0.09375
0 0.8984375 0.9970703125 0.091796875 0.0693359375
0 0.88671875 0.2783203125 0.0869140625 0.0830078125
0 0.732421875 0.6142578125 0.11328125 0.0498046875
0 0.6552734375 0.46875 0.07421875 0.083984375
0 0.845703125 0.5244140625 0.0595703125 0.064453125
0 0.11328125 0.578125 0.03125 0.091796875
0 0.7021484375 0.8544921875 0.0869140625 0.072265625
0 0.220703125 0.1943359375 0.0595703125 0.064453125
0 0.673828125 0.154296875 0.03125 0.091796875
0 0.390625 0.1826171875 0.052734375 0.0712890625
0 0.5556640625 0.484375 0.0791015625 0.08203125
0 0.5654296875 0.8359375 0.05859375 0.1005859375
0 1.0 0.8017578125 0.03125 0.08203125
0 0.2919921875 0.6064453125 0.064453125 0.0439453125
0 0.0673828125 0.35546875 0.05859375 0.0517578125
0 0.5205078125 0.8369140625 0.060546875 0.0693359375
0 0.9501953125 0.5625 0.05078125 0.0390625
0 0.34375 0.25390625 0.0400390625 0.076171875
0 0.7529296875 0.80078125 0.0361328125 0.072265625
0 0.62109375 0.306640625 0.025390625 0.0791015625
0 0.4501953125 0.6005859375 0.03515625 0.0673828125
0 0.4765625 0.5302734375 0.1171875 0.0322265625
0 0.041015625 0.7158203125 0.041015625 0.0458984375
0 0.46484375 0.4619140625 0.0810546875 0.037109375
0 0.724609375 0.3193359375 0.046875 0.037109375
0 0.4111328125 0.3017578125 0.056640625 0.0400390625
0 0.2138671875 0.818359375 0.0517578125 0.06640625
0 0.2392578125 0.650390625 0.1064453125 0.048828125
0 0.78515625 0.583984375 0.029296875 0.0634765625
0 0.3525390625 0.8544921875 0.044921875 0.0380859375
0 0.5234375 0.91796875 0.0888671875 0.037109375
0 0.453125 0.1845703125 0.0244140625 0.076171875
0 0.23125 0.2630859375 0.07382812500000002 0.03359374999999998
0 0.3662109375 0.4814453125 0.0615234375 0.0595703125
0 0.5625 0.974609375 0.052734375 0.025390625
0 0.443359375 0.5029296875 0.07421875 0.037109375
0 0.421875 0.1943359375 0.033203125 0.0751953125
0 0.6279296875 0.8330078125 0.064453125 0.0576171875
0 0.1484375 0.595703125 0.0419921875 0.0390625
0 0.1552734375 0.4833984375 0.0400390625 0.0361328125
0 0.4052734375 0.3330078125 0.056640625 0.0498046875
0 0.1943359375 0.314453125 0.0546875 0.0205078125
0 0.267578125 0.18359375 0.0390625 0.064453125
0 0.28515625 0.318359375 0.0556640625 0.05078125
0 0.8603515625 1.0 0.03515625 0.02734375
0 0.314453125 0.064453125 0.0458984375 0.015625
0 0.6826171875 0.9091796875 0.056640625 0.0458984375
0 0.322265625 0.4365234375 0.046875 0.05078125
0 0.0888671875 0.767578125 0.0361328125 0.044921875
0 0.8310546875 0.921875 0.037109375 0.044921875
0 0.1904296875 0.560546875 0.0302734375 0.0390625
0 0.2333984375 0.8466796875 0.052734375 0.03125
0 0.4052734375 0.5625 0.0478515625 0.06640625
0 0.84375 0.2841796875 0.04296875 0.046875
0 0.99609375 0.84375 0.0380859375 0.060546875
0 0.5283203125 0.8818359375 0.048828125 0.0517578125
