0 0.53125 0.1845703125 0.0595703125 0.08203125
0 0.46484375 0.431640625 0.09765625 0.06640625
0 0.1923828125 0.5537109375 0.0888671875 0.09375
0 0.439453125 0.091796875 0.04296875 0.0751953125
0 0.3369140625 0.654296875 0.0576171875 0.087890625
0 0.4140625 0.251953125 0.052734375 0.0791015625
0 0.1923828125 0.5048828125 0.0498046875 0.095703125
0 0.486328125 0.8193359375 0.0458984375 0.078125
0 0.3330078125 0.5244140625 0.0654296875 0.0625
0 0.0458984375 0.666015625 0.0458984375 0.048828125
0 0.1943359375 0.296875 0.072265625 0.0498046875
0 0.7568359375 0.2607421875 0.046875 0.083984375
0 0.2119140625 0.4111328125 0.0927734375 0.0751953125
0 0.5537109375 0.5810546875 0.0390625 0.1025390625
0 1.0 0.6875 0.056640625 0.072265625
0 1.0 0.595703125 0.0517578125 0.060546875
0 0.259765625 0.998046875 0.087890625 0.04296875
0 0.26171875 0.9169921875 0.171875 0.095703125
0 0.123046875 0.16015625 0.0517578125 0.13671875
0 0.7646484375 0.55859375 0.0302734375 0.107421875
0 0.9423828125 0.935546875 0.0458984375 0.0830078125
0 0.3017578125 0.37109375 0.05859375 0.0673828125
0 0.9033203125 0.45703125 0.033203125 0.0908203125
0 0.7978515625 0.5927734375 0.03125 0.0634765625
0 0.9462890625 0.2998046875 0.083984375 0.0419921875
0 0.712890625 0.947265625 0.0390625 0.0703125
0 0.3583984375 0.3369140625 0.0458984375 0.064453125
0 0.7119140625 0.5419921875 0.029296875 0.05859375
0 0.142578125 0.6025390625 0.109375 0.087890625
0 0.4658203125 0.35546875 0.0419921875 0.0654296875
0 0.9755859375 0.83984375 0.080078125 0.0458984375
0 0.4404296875 0.9365234375 0.044921875 0.0625
0 1.0 0.0341796875 0.0634765625 0.033203125
0 0.56640625 0.3955078125 0.0478515625 0.0361328125
0 0.5927734375 1.0 0.037109375 0.0419921875
0 0.6357421875 0.1875 0.0751953125 0.0302734375
0 0.2470703125 0.705078125 0.041015625 0.072265625
0 0.494140625 0.9423828125 0.0478515625 0.0283203125
0 0.6357421875 0.2021484375 0.0791015625 0.0361328125
0 0.9111328125 0.8779296875 0.037109375 0.0546875
0 0.0224609375 0.201171875 0.0224609375 0.0537109375
0 0.296875 0.72265625 0.046875 0.0400390625
0 0.7431640625 0.552734375 0.048828125 0.109375
0 0.6552734375 0.8740234375 0.0595703125 0.0361328125
0 0.529296875 0.650390625 0.064453125 0.037109375
0 0.3857421875 0.6875 0.0380859375 0.0322265625
0 0.3681640625 0.986328125 0.046875 0.0322265625
0 0.0498046875 0.5302734375 0.048828125 0.0517578125
0 0.361328125 0.876953125 0.0341796875 0.0498046875
0 0.74326171875 0.60263671875 0.05400390625000007 0.04179687500000007
0 1.0 0.1171875 0.04296875 0.0712890625
0 1.0 0.552734375 0.0419921875 0.0576171875
0 0.822265625 1.0 0.0673828125 0.0390625
