0 0.90625 0.6962890625 0.0966796875 0.07421875
0 0.7822265625 0.787109375 0.142578125 0.107421875
0 0.7421875 0.294921875 0.1005859375 0.1201171875
0 0.404296875 0.830078125 0.0849609375 0.0693359375
0 0.5048828125 0.90234375 0.0673828125 0.0830078125
0 0.58203125 0.13671875 0.0849609375 0.0673828125
0 0.7421875 1.0 0.1279296875 0.0400390625
0 0.447265625 0.609375 0.0703125 0.0771484375
0 0.712890625 0.0693359375 0.080078125 0.048828125
0 0.15234375 0.1748046875 0.0849609375 0.0927734375
0 0.1640625 0.8447265625 0.08203125 0.08984375
0 0.662109375 0.7548828125 0.099609375 0.087890625
0 0.6220703125 0.9423828125 0.0751953125 0.087890625
0 0.51171875 0.33203125 0.0576171875 0.0576171875
0 0.599609375 0.6396484375 0.0751953125 0.0546875
0 0.20703125 0.939453125 0.0849609375 0.0576171875
0 0.5205078125 0.431640625 0.0654296875 0.041015625
0 0.69921875 0.466796875 0.07421875 0.107421875
0 0.404296875 0.58203125 0.107421875 0.080078125
0 0.900390625 0.1015625 0.0634765625 0.048828125
0 0.1533203125 0.05859375 0.087890625 0.056640625
0 0.044921875 0.3544921875 0.04296875 0.14453125
0 0.5 0.76953125 0.0654296875 0.099609375
0 0.349609375 0.6640625 0.0751953125 0.0673828125
0 0.13671875 0.2392578125 0.0849609375 0.072265625
0 0.404296875 0.662109375 0.0673828125 0.0673828125
0 0.76171875 0.0419921875 0.072265625 0.0400390625
0 0.099609375 0.513671875 0.0615234375 0.0458984375
0 0.529296875 0.7197265625 0.0673828125 0.1025390625
