0 0.4716796875 0.5810546875 0.064453125 0.0830078125
0 0.01953125 0.4697265625 0.01953125 0.0693359375
0 0.0341796875 0.83984375 0.0341796875 0.0751953125
0 0.806640625 0.587890625 0.052734375 0.0927734375
0 0.3955078125 0.4150390625 0.091796875 0.0625
0 0.5302734375 0.8984375 0.08984375 0.0791015625
0 0.5126953125 0.4716796875 0.09765625 0.0634765625
0 0.826171875 0.5 0.09375 0.1201171875
0 0.91796875 0.361328125 0.0302734375 0.09375
0 0.1875 0.890625 0.1123046875 0.06640625
0 0.0302734375 0.05859375 0.0302734375 0.0576171875
0 0.80859375 0.912109375 0.080078125 0.0732421875
0 0.322265625 0.2998046875 0.0751953125 0.1025390625
0 0.19921875 0.73046875 0.10546875 0.0986328125
0 0.4873046875 0.373046875 0.044921875 0.0810546875
0 0.396484375 0.7724609375 0.0625 0.0517578125
0 0.9677734375 0.2763671875 0.0576171875 0.0791015625
0 0.955078125 0.4716796875 0.0439453125 0.0791015625
0 0.755859375 0.625 0.0654296875 0.0537109375
0 0.6259765625 0.67578125 0.0556640625 0.072265625
0 0.40625 0.1572265625 0.083984375 0.060546875
0 0.1826171875 0.5888671875 0.0927734375 0.056640625
0 0.6552734375 0.4345703125 0.0556640625 0.05859375
0 0.662109375 0.2490234375 0.0283203125 0.1337890625
0 0.2529296875 0.662109375 0.0810546875 0.041015625
0 1.0 0.4794921875 0.0419921875 0.0771484375
0 0.1513671875 0.9501953125 0.080078125 0.0546875
0 0.509765625 0.0537109375 0.03515625 0.052734375
0 0.923828125 0.5224609375 0.056640625 0.04296875
0 0.3828125 0.576171875 0.103515625 0.060546875
0 0.1279296875 0.2373046875 0.0498046875 0.046875
0 0.330078125 0.2197265625 0.048828125 0.0625
0 0.0625 0.5009765625 0.04296875 0.0498046875
0 0.88671875 0.42578125 0.0595703125 0.029296875
0 0.09375 0.451171875 0.0673828125 0.041015625
0 0.685546875 0.509765625 0.060546875 0.0341796875
0 0.052734375 0.7744140625 0.052734375 0.046875
0 0.111328125 0.1689453125 0.0546875 0.064453125
0 0.84765625 0.0263671875 0.0634765625 0.0263671875
0 0.720703125 0.9716796875 0.0263671875 0.072265625
0 0.30859375 0.353515625 0.0732421875 0.1025390625
0 0.6875 0.8935546875 0.0791015625 0.0419921875
0 0.6 0.8716796875 0.03261718749999998 0.07089843750000002
0 0.4990234375 0.40625 0.033203125 0.10546875
0 0.58203125 0.2646484375 0.07421875 0.0361328125
0 0.310546875 0.8037109375 0.052734375 0.0390625
0 0.4970703125 0.9580078125 0.0390625 0.0517578125
0 0.607421875 0.796875 0.06640625 0.041015625
0 0.0791015625 0.619140625 0.0703125 0.0673828125
0 0.4912109375 0.234375 0.0458984375 0.056640625
0 0.7119140625 0.5771484375 0.087890625 0.044921875
0 0.380859375 0.998046875 0.033203125 0.0283203125
0 0.9326171875 0.6064453125 0.044921875 0.056640625
0 0.919921875 0.2783203125 0.0537109375 0.0625
0 0.8623046875 0.9765625 0.029296875 0.0517578125
0 0.6767578125 0.8623046875 0.07421875 0.0390625
0 0.9619140625 0.6435546875 0.0419921875 0.033203125
0 0.171875 0.2958984375 0.0419921875 0.0576171875
0 0.0146484375 0.8740234375 0.0146484375 0.0673828125
0 0.2958984375 0.8671875 0.0341796875 0.0693359375
0 0.9658203125 0.6376953125 0.0478515625 0.03515625
0 0.23828125 0.2900390625 0.0556640625 0.0791015625
0 0.3671875 0.8779296875 0.0546875 0.0693359375
