0 0.7998046875 0.115234375 0.080078125 0.0908203125
0 0.919921875 0.0908203125 0.1162109375 0.0830078125
0 0.9892578125 0.1171875 0.091796875 0.0859375
0 0.9189453125 0.2431640625 0.1123046875 0.0712890625
0 0.765625 0.232421875 0.08984375 0.0673828125
0 0.1875 0.0751953125 0.0654296875 0.0751953125
0 0.4013671875 0.0625 0.0927734375 0.0625
0 0.1552734375 0.2109375 0.109375 0.072265625
0 0.068359375 0.3544921875 0.068359375 0.087890625
0 0.2109375 0.3759765625 0.087890625 0.0576171875
0 0.43359375 0.3828125 0.0771484375 0.0810546875
0 0.5322265625 0.3681640625 0.06640625 0.080078125
0 0.4853515625 0.5390625 0.0732421875 0.1171875
0 0.6533203125 0.349609375 0.0810546875 0.064453125
0 0.86328125 0.513671875 0.08203125 0.1171875
0 0.75 0.517578125 0.0966796875 0.09375
0 0.67578125 0.44921875 0.0498046875 0.0654296875
0 0.732421875 0.4306640625 0.08203125 0.0908203125
0 0.9951171875 0.4365234375 0.0986328125 0.0654296875
0 1.0 0.634765625 0.0478515625 0.080078125
0 1.0 0.744140625 0.04296875 0.0869140625
0 0.0576171875 0.5615234375 0.0576171875 0.0966796875
0 0.1044921875 0.6005859375 0.056640625 0.1201171875
0 0.181640625 0.7802734375 0.0986328125 0.064453125
0 0.4765625 0.869140625 0.0830078125 0.0625
0 0.5283203125 0.7685546875 0.0693359375 0.0654296875
0 0.62109375 0.8017578125 0.091796875 0.0791015625
0 0.6748046875 0.9384765625 0.046875 0.0927734375
0 0.755859375 0.8798828125 0.0654296875 0.078125
0 0.865234375 0.896484375 0.0927734375 0.0791015625
0 0.7890625 0.9697265625 0.0546875 0.083984375
0 0.734375 0.9560546875 0.052734375 0.068359375
0 0.4677734375 0.94140625 0.0703125 0.0595703125
0 0.3125 0.9560546875 0.08984375 0.05859375
0 0.234375 0.9091796875 0.0703125 0.05078125
0 0.0830078125 0.8388671875 0.0791015625 0.0537109375
0 0.115234375 1.0 0.060546875 0.08203125
0 0.1533203125 0.9775390625 0.052734375 0.05859375
0 0.0478515625 1.0 0.0478515625 0.0615234375
0 0.92578125 0.951171875 0.060546875 0.083984375
0 0.97265625 0.484375 0.046875 0.0693359375
0 1.0 0.91015625 0.03515625 0.0947265625
0 0.7841796875 0.0498046875 0.0556640625 0.0498046875
0 0.509765625 0.06640625 0.0654296875 0.0478515625
0 0.1328125 0.8720703125 0.076171875 0.083984375
