0 0.1982421875 0.26171875 0.072265625 0.087890625
0 0.25 0.29296875 0.0556640625 0.05859375
0 0.4443359375 0.2724609375 0.0908203125 0.0966796875
0 0.146484375 0.595703125 0.078125 0.158203125
0 0.259765625 0.666015625 0.0908203125 0.076171875
0 0.1728515625 0.7470703125 0.1083984375 0.0810546875
0 0.232421875 0.7197265625 0.0556640625 0.0556640625
0 0.2998046875 0.7294921875 0.0703125 0.083984375
0 0.2724609375 0.7861328125 0.1083984375 0.0654296875
0 0.0986328125 0.8896484375 0.0986328125 0.09765625
0 0.2529296875 0.9765625 0.0869140625 0.1181640625
0 0.4501953125 0.865234375 0.10546875 0.072265625
0 0.5322265625 0.7216796875 0.095703125 0.0556640625
0 0.59765625 0.767578125 0.08984375 0.0517578125
0 0.9326171875 0.2392578125 0.08984375 0.1259765625
0 0.98828125 0.23046875 0.064453125 0.0751953125
0 0.9111328125 0.51953125 0.0859375 0.1455078125
0 0.9755859375 0.328125 0.0751953125 0.0625
0 0.822265625 0.74609375 0.1005859375 0.0771484375
0 0.8369140625 0.80078125 0.0712890625 0.0673828125
0 0.623046875 0.2451171875 0.107421875 0.068359375
0 0.5478515625 0.3046875 0.0615234375 0.0576171875
0 0.052734375 0.779296875 0.052734375 0.0869140625
