0 0.5478515625 0.5927734375 0.0634765625 0.09765625
0 0.751953125 0.58984375 0.0615234375 0.095703125
0 0.5888671875 0.4404296875 0.0517578125 0.0751953125
0 0.20703125 0.5419921875 0.056640625 0.103515625
0 0.3759765625 0.224609375 0.056640625 0.0810546875
0 0.2763671875 0.1875 0.0537109375 0.0849609375
0 0.322265625 0.541015625 0.0478515625 0.1123046875
0 0.1220703125 0.923828125 0.046875 0.0986328125
0 0.1845703125 0.203125 0.0908203125 0.0673828125
0 0.2939453125 0.5537109375 0.080078125 0.0693359375
0 0.6005859375 0.5927734375 0.0654296875 0.076171875
0 0.255859375 0.587890625 0.046875 0.078125
0 0.3955078125 0.103515625 0.0732421875 0.0751953125
0 0.6396484375 0.2353515625 0.0322265625 0.0986328125
0 0.4755859375 0.8486328125 0.041015625 0.0693359375
0 0.2021484375 0.677734375 0.095703125 0.0712890625
0 0.2099609375 0.3701171875 0.037109375 0.072265625
0 0.8095703125 0.09765625 0.064453125 0.09765625
0 0.6591796875 0.6396484375 0.025390625 0.05859375
0 0.669921875 0.3251953125 0.025390625 0.0947265625
0 0.90234375 0.343359375 0.03369140625 0.09042968750000002
0 0.9208984375 0.5595703125 0.0263671875 0.0732421875
0 0.8623046875 0.9775390625 0.0517578125 0.060546875
0 0.3564453125 0.9462890625 0.0478515625 0.0458984375
0 0.341796875 0.091796875 0.0546875 0.072265625
0 0.716796875 0.263671875 0.025390625 0.0791015625
0 0.9462890625 0.1669921875 0.04296875 0.10546875
0 0.9951171875 0.6875 0.052734375 0.04296875
0 0.3818359375 0.2890625 0.0400390625 0.0537109375
0 0.19140625 0.2822265625 0.04296875 0.06640625
0 0.94921875 0.283203125 0.0390625 0.0625
0 0.30859375 0.6806640625 0.048828125 0.0615234375
0 0.6845703125 0.90625 0.052734375 0.0556640625
0 0.9873046875 0.482421875 0.0263671875 0.05859375
0 0.7783203125 0.51171875 0.029296875 0.1337890625
0 0.0517578125 0.4833984375 0.0458984375 0.099609375
0 0.69140625 0.51953125 0.033203125 0.072265625
0 0.3701171875 0.6103515625 0.0302734375 0.06640625
0 0.26171875 0.3798828125 0.044921875 0.0419921875
0 0.728515625 0.83984375 0.02734375 0.05078125
0 0.8173828125 0.9775390625 0.0361328125 0.0615234375
0 0.361328125 0.0458984375 0.0302734375 0.0458984375
0 0.8623046875 0.142578125 0.033203125 0.0546875
0 0.3330078125 0.033203125 0.0322265625 0.033203125
0 0.83203125 0.6787109375 0.06640625 0.037109375
0 0.3701171875 0.7421875 0.0712890625 0.0556640625
0 1.0 0.234375 0.0380859375 0.068359375
0 0.68359375 0.0732421875 0.025390625 0.0693359375
0 0.298828125 0.0546875 0.046875 0.0546875
0 1.0 0.18359375 0.0185546875 0.0703125
0 0.740234375 0.46875 0.048828125 0.046875
0 0.8984375 0.0205078125 0.0341796875 0.0205078125
0 0.3623046875 0.8115234375 0.052734375 0.04296875
0 0.0263671875 0.6650390625 0.0263671875 0.046875
0 0.978515625 0.25390625 0.0595703125 0.0947265625
0 0.37109375 0.6513671875 0.0556640625 0.0517578125
