0 0.099609375 0.1689453125 0.099609375 0.1689453125
0 0.630859375 0.1689453125 0.1142578125 0.091796875
0 0.4541015625 0.7265625 0.072265625 0.0810546875
0 0.2841796875 0.466796875 0.142578125 0.1201171875
0 0.921875 0.591796875 0.162109375 0.09765625
0 0.4423828125 0.4970703125 0.13671875 0.1025390625
0 0.1669921875 0.3193359375 0.14453125 0.109375
0 0.3125 0.2998046875 0.140625 0.10546875
0 0.1591796875 0.595703125 0.125 0.1318359375
0 1.0 0.7841796875 0.119140625 0.08203125
0 0.806640625 0.2392578125 0.1396484375 0.1396484375
0 0.9150390625 0.2939453125 0.173828125 0.1513671875
0 0.9375 0.484375 0.1083984375 0.1123046875
0 1.0 0.71484375 0.0830078125 0.0654296875
0 0.64453125 1.0 0.1748046875 0.0029296875
0 1.0 0.65234375 0.0625 0.0654296875
0 0.9013671875 0.345703125 0.0517578125 0.0537109375
