0 0.2666015625 0.916015625 0.0849609375 0.06640625
0 0.07421875 0.7021484375 0.07421875 0.1103515625
0 0.5380859375 0.57421875 0.09765625 0.1064453125
0 0.9560546875 0.54296875 0.0537109375 0.0908203125
0 0.6865234375 0.3134765625 0.04296875 0.0546875
0 0.73046875 0.6455078125 0.0654296875 0.0888671875
0 0.177734375 0.6953125 0.0478515625 0.0478515625
0 0.171875 0.8740234375 0.068359375 0.0595703125
0 0.9697265625 0.119140625 0.08203125 0.119140625
0 0.771484375 1.0 0.083984375 0.0498046875
0 0.150390625 0.978515625 0.126953125 0.09375
0 0.9501953125 0.6064453125 0.1005859375 0.130859375
0 0.046875 0.4580078125 0.0458984375 0.076171875
0 0.115234375 0.2333984375 0.115234375 0.1298828125
0 0.3623046875 0.517578125 0.06640625 0.0888671875
0 0.83203125 0.8984375 0.0654296875 0.0732421875
0 1.0 0.197265625 0.0576171875 0.130859375
0 0.3134765625 0.2294921875 0.056640625 0.12890625
0 0.568359375 0.7939453125 0.12109375 0.1005859375
0 0.984375 0.9619140625 0.0712890625 0.09765625
0 0.6318359375 0.13671875 0.0859375 0.1279296875
0 0.990234375 0.4248046875 0.0888671875 0.13671875
0 0.517578125 0.21484375 0.0927734375 0.060546875
0 0.412109375 0.6669921875 0.1123046875 0.0732421875
0 0.9970703125 0.326171875 0.0546875 0.0927734375
0 0.072265625 0.4697265625 0.0537109375 0.0654296875
0 0.9501953125 0.7119140625 0.08203125 0.0634765625
0 1.0 0.7626953125 0.052734375 0.083984375
0 0.6572265625 0.5712890625 0.06640625 0.0703125
0 0.7158203125 0.552734375 0.05859375 0.0673828125
0 0.8291015625 0.6376953125 0.076171875 0.0771484375
0 0.7734375 0.7548828125 0.0712890625 0.080078125
0 0.81640625 0.8115234375 0.08203125 0.078125
0 0.71875 0.802734375 0.07421875 0.109375
0 0.29296875 0.982421875 0.0810546875 0.060546875
0 0.4375 0.400390625 0.0634765625 0.05859375
0 0.771484375 0.5419921875 0.052734375 0.0517578125
0 0.826171875 0.52734375 0.0654296875 0.0634765625
0 1.0 0.533203125 0.0556640625 0.0556640625
0 0.72265625 0.6884765625 0.0537109375 0.037109375
