0 0.076171875 0.3203125 0.076171875 0.0751953125
0 0.1357421875 0.1181640625 0.0751953125 0.08203125
0 0.330078125 0.1181640625 0.1044921875 0.1181640625
0 0.3515625 0.2841796875 0.0693359375 0.0908203125
0 0.478515625 0.2763671875 0.09765625 0.095703125
0 0.5302734375 0.234375 0.13671875 0.0810546875
0 0.6494140625 0.125 0.134765625 0.0615234375
0 0.716796875 0.080078125 0.0947265625 0.0654296875
0 0.5439453125 0.09765625 0.0849609375 0.0849609375
0 0.5478515625 0.34375 0.0830078125 0.0771484375
0 0.3681640625 0.462890625 0.07421875 0.0927734375
0 0.576171875 0.46875 0.072265625 0.09375
0 0.1494140625 0.71875 0.0634765625 0.0986328125
0 0.1884765625 0.83984375 0.0703125 0.0595703125
0 0.1376953125 0.8896484375 0.0654296875 0.0595703125
0 0.3359375 0.962890625 0.107421875 0.15625
0 0.083984375 0.9306640625 0.0634765625 0.0771484375
0 0.076171875 1.0 0.076171875 0.025390625
0 0.216796875 1.0 0.0498046875 0.03125
0 0.6689453125 0.9130859375 0.0615234375 0.0654296875
0 0.6953125 0.818359375 0.06640625 0.068359375
0 0.7685546875 0.958984375 0.087890625 0.0908203125
0 0.9267578125 0.96875 0.0947265625 0.0712890625
0 1.0 0.9111328125 0.0615234375 0.0634765625
0 0.94921875 0.8876953125 0.0791015625 0.10546875
0 0.9306640625 0.568359375 0.0771484375 0.08203125
0 0.751953125 0.6435546875 0.0986328125 0.125
0 0.9248046875 0.353515625 0.0849609375 0.0751953125
0 0.8837890625 0.234375 0.068359375 0.0791015625
0 0.9453125 0.1494140625 0.0732421875 0.103515625
0 1.0 0.068359375 0.0595703125 0.06640625
0 0.7724609375 0.212890625 0.0556640625 0.0634765625
0 0.2138671875 0.9765625 0.0869140625 0.080078125
0 0.10546875 0.8349609375 0.07421875 0.0966796875
0 0.3232421875 0.1181640625 0.103515625 0.052734375
0 0.4912109375 0.0302734375 0.07421875 0.0302734375
0 0.7900390625 0.384765625 0.0595703125 0.0654296875
0 0.9833984375 0.6806640625 0.0419921875 0.0478515625
