0 0.1533203125 0.2646484375 0.0634765625 0.0615234375
0 0.2392578125 0.2548828125 0.07421875 0.06640625
0 0.2041015625 0.3251953125 0.0986328125 0.0654296875
0 0.28515625 0.4375 0.0673828125 0.0888671875
0 0.3427734375 0.44921875 0.0732421875 0.0859375
0 0.4365234375 0.453125 0.1025390625 0.0595703125
0 0.0810546875 0.4521484375 0.0751953125 0.0888671875
0 0.1640625 0.837890625 0.0517578125 0.068359375
0 0.1337890625 1.0 0.083984375 0.10546875
0 0.185546875 0.978515625 0.0849609375 0.1064453125
0 0.2548828125 1.0 0.1005859375 0.03515625
0 0.283203125 0.947265625 0.1083984375 0.111328125
0 0.4423828125 1.0 0.0693359375 0.095703125
0 0.55859375 0.970703125 0.0732421875 0.0771484375
0 0.6845703125 0.9951171875 0.0986328125 0.1015625
0 0.828125 1.0 0.0703125 0.0771484375
0 0.7587890625 0.8720703125 0.072265625 0.0615234375
0 0.8125 0.7705078125 0.0791015625 0.109375
0 0.642578125 0.7734375 0.0859375 0.134765625
0 0.3486328125 0.6630859375 0.0576171875 0.0986328125
0 0.2763671875 0.6044921875 0.0712890625 0.1240234375
0 0.2255859375 0.521484375 0.06640625 0.083984375
0 0.1455078125 0.462890625 0.068359375 0.0751953125
0 0.634765625 0.556640625 0.0849609375 0.0537109375
0 0.7294921875 0.59375 0.064453125 0.0673828125
0 0.787109375 0.615234375 0.0830078125 0.0751953125
0 0.962890625 0.5947265625 0.1689453125 0.09765625
0 0.94140625 0.54296875 0.083984375 0.0556640625
0 1.0 0.7197265625 0.0595703125 0.115234375
0 0.9599609375 0.4345703125 0.0703125 0.0986328125
0 1.0 0.4384765625 0.0595703125 0.0712890625
0 0.7255859375 0.3505859375 0.1298828125 0.0673828125
0 0.72265625 0.4091796875 0.1171875 0.0751953125
0 0.6953125 0.4990234375 0.111328125 0.09765625
0 0.7880859375 0.4736328125 0.0771484375 0.0556640625
0 0.37109375 0.068359375 0.0673828125 0.068359375
0 0.634765625 0.072265625 0.1376953125 0.072265625
0 0.55078125 0.1015625 0.109375 0.080078125
0 0.5146484375 0.205078125 0.0634765625 0.109375
0 0.412109375 0.232421875 0.0478515625 0.060546875
0 0.65234375 0.2412109375 0.115234375 0.0595703125
0 0.7255859375 0.251953125 0.087890625 0.0517578125
0 0.7763671875 0.146484375 0.09765625 0.0751953125
0 0.9599609375 0.0693359375 0.0517578125 0.0693359375
0 1.0 0.150390625 0.0556640625 0.0625
0 0.580078125 0.3173828125 0.0830078125 0.052734375
0 0.5830078125 0.3876953125 0.09765625 0.08203125
0 0.314453125 0.8359375 0.0810546875 0.07421875
0 0.4345703125 0.861328125 0.0849609375 0.1142578125
0 0.564453125 0.609375 0.0576171875 0.0634765625
