0 0.0498046875 0.31640625 0.0498046875 0.0400390625
0 0.07421875 0.1064453125 0.07421875 0.04296875
0 0.1533203125 0.0908203125 0.1142578125 0.072265625
0 0.1826171875 0.3388671875 0.06640625 0.03515625
0 0.21484375 0.615234375 0.134765625 0.0810546875
0 0.0654296875 0.560546875 0.0654296875 0.0859375
0 0.10546875 0.638671875 0.10546875 0.0771484375
0 0.04296875 0.7705078125 0.04296875 0.04296875
0 0.1982421875 0.71875 0.068359375 0.0341796875
0 0.2578125 0.0859375 0.1181640625 0.0625
0 0.2998046875 0.2109375 0.1513671875 0.0947265625
0 0.3837890625 0.142578125 0.0458984375 0.052734375
0 0.4287109375 0.28125 0.076171875 0.0634765625
0 0.416015625 0.3662109375 0.0595703125 0.0498046875
0 0.248046875 0.3544921875 0.09765625 0.0576171875
0 0.4775390625 0.171875 0.0732421875 0.0908203125
0 0.5947265625 0.0927734375 0.0673828125 0.041015625
0 0.5888671875 0.0703125 0.052734375 0.0234375
0 0.5771484375 0.1162109375 0.06640625 0.0576171875
0 0.6484375 0.1181640625 0.064453125 0.0546875
0 0.763671875 0.1455078125 0.1005859375 0.0478515625
0 0.37890625 0.5126953125 0.0419921875 0.03125
0 0.5244140625 0.716796875 0.0625 0.044921875
0 0.4560546875 0.7294921875 0.0439453125 0.046875
0 0.7109375 0.724609375 0.048828125 0.06640625
0 0.75390625 0.6005859375 0.0576171875 0.0625
0 0.708984375 0.31640625 0.072265625 0.0654296875
0 0.8095703125 0.3232421875 0.1142578125 0.0390625
0 0.8984375 0.13671875 0.0888671875 0.0712890625
0 0.9130859375 0.083984375 0.046875 0.0556640625
0 0.9091796875 0.2041015625 0.052734375 0.1240234375
0 0.9609375 0.203125 0.0400390625 0.142578125
0 0.982421875 0.451171875 0.0478515625 0.0615234375
0 0.4912109375 0.61328125 0.0458984375 0.0498046875
0 0.9404296875 0.7451171875 0.1240234375 0.078125
0 0.955078125 0.8388671875 0.056640625 0.111328125
0 0.853515625 0.783203125 0.115234375 0.0615234375
0 0.7216796875 0.765625 0.0673828125 0.046875
0 0.6318359375 0.8505859375 0.087890625 0.0869140625
0 0.2109375 0.796875 0.0498046875 0.0673828125
0 0.4873046875 0.84765625 0.078125 0.0556640625
0 0.45703125 1.0 0.08984375 0.0322265625
