0 0.9521484375 0.8759765625 0.1015625 0.060546875
0 0.9560546875 0.4970703125 0.0654296875 0.0673828125
0 0.3291015625 0.3544921875 0.0673828125 0.1171875
0 0.7548828125 0.5302734375 0.0810546875 0.0830078125
0 0.345703125 0.515625 0.1064453125 0.068359375
0 0.8447265625 0.26171875 0.109375 0.1015625
0 0.171875 0.9404296875 0.083984375 0.091796875
0 0.759765625 0.39453125 0.10546875 0.125
0 0.4921875 0.4296875 0.1650390625 0.134765625
0 0.7060546875 0.8193359375 0.0546875 0.04296875
0 0.5 0.63671875 0.1171875 0.072265625
0 0.296875 0.77734375 0.1025390625 0.09765625
0 0.1708984375 0.16015625 0.0791015625 0.091796875
0 0.7998046875 0.140625 0.064453125 0.0625
0 0.0576171875 0.6005859375 0.0498046875 0.0712890625
0 0.0869140625 0.36328125 0.07421875 0.0888671875
0 0.0810546875 0.857421875 0.064453125 0.1005859375
0 0.9375 0.3271484375 0.1181640625 0.08984375
0 0.125 0.4912109375 0.072265625 0.08203125
0 0.4072265625 0.6748046875 0.095703125 0.0654296875
0 0.7216796875 0.08984375 0.080078125 0.087890625
0 0.998046875 0.2578125 0.0703125 0.0751953125
0 0.7265625 0.0849609375 0.0849609375 0.0830078125
0 0.6796875 0.0849609375 0.1005859375 0.0830078125
0 0.2744140625 0.5029296875 0.083984375 0.1083984375
0 0.0966796875 0.970703125 0.091796875 0.0830078125
0 0.9765625 0.4326171875 0.05859375 0.064453125
