0 0.4619140625 0.8076171875 0.09375 0.09765625
0 0.529296875 0.4296875 0.0830078125 0.140625
0 0.50390625 0.2587890625 0.0556640625 0.072265625
0 0.517578125 0.9228515625 0.1201171875 0.12109375
0 0.68359375 0.5380859375 0.1484375 0.078125
0 0.0537109375 0.1923828125 0.0537109375 0.083984375
0 1.0 0.236328125 0.0478515625 0.115234375
0 1.0 0.2958984375 0.0263671875 0.05859375
0 0.3564453125 0.98046875 0.0859375 0.0791015625
0 0.7587890625 0.05859375 0.048828125 0.05859375
0 0.68359375 0.4453125 0.0712890625 0.0791015625
0 0.748046875 0.5361328125 0.158203125 0.078125
0 0.4521484375 0.2841796875 0.0703125 0.1083984375
0 0.9091796875 0.052734375 0.0771484375 0.052734375
0 0.3603515625 0.5380859375 0.16796875 0.0732421875
0 0.62109375 0.0244140625 0.068359375 0.0244140625
0 0.638671875 0.4296875 0.095703125 0.0673828125
0 1.0 0.8515625 0.041015625 0.0576171875
0 0.3525390625 0.30078125 0.05859375 0.1357421875
0 0.96875 0.4599609375 0.1064453125 0.1015625
0 0.9794921875 0.302734375 0.0576171875 0.07421875
0 0.998046875 0.748046875 0.177734375 0.1005859375
0 0.9462890625 0.6640625 0.087890625 0.13671875
0 0.0830078125 0.9853515625 0.0830078125 0.068359375
0 0.970703125 0.923828125 0.09765625 0.076171875
0 0.8505859375 0.1708984375 0.103515625 0.0517578125
0 0.21484375 0.798828125 0.109375 0.0615234375
0 0.166015625 0.837890625 0.0703125 0.0849609375
0 0.5703125 0.7431640625 0.0712890625 0.0986328125
0 0.650390625 0.7509765625 0.0830078125 0.08203125
0 0.5888671875 0.8447265625 0.064453125 0.1279296875
0 0.703125 0.79296875 0.0771484375 0.1298828125
0 0.470703125 0.4736328125 0.0419921875 0.0400390625
0 0.8642578125 0.8486328125 0.146484375 0.048828125
0 0.869140625 0.9619140625 0.166015625 0.1171875
0 0.8603515625 0.98828125 0.138671875 0.111328125
0 0.748046875 0.8994140625 0.1298828125 0.12109375
0 0.818359375 0.021484375 0.046875 0.021484375
