0 0.1396484375 0.4609375 0.1044921875 0.123046875
0 0.703125 0.4169921875 0.1005859375 0.0654296875
0 0.078125 0.2939453125 0.078125 0.10546875
0 0.103515625 0.732421875 0.0791015625 0.0947265625
0 0.7275390625 0.0517578125 0.09765625 0.0517578125
0 0.66796875 0.9970703125 0.0947265625 0.060546875
0 0.89453125 0.646484375 0.0947265625 0.1044921875
0 0.6728515625 0.275390625 0.0478515625 0.0771484375
0 0.8037109375 0.205078125 0.0810546875 0.0751953125
0 0.873046875 0.4794921875 0.0625 0.0986328125
0 0.23046875 0.1533203125 0.080078125 0.0576171875
0 0.7470703125 0.869140625 0.0732421875 0.1279296875
0 0.2421875 0.8857421875 0.0615234375 0.0869140625
0 0.4619140625 0.5849609375 0.130859375 0.0986328125
0 0.564453125 0.1298828125 0.08203125 0.0771484375
0 0.380859375 0.59375 0.087890625 0.0595703125
0 0.6943359375 0.58203125 0.0908203125 0.0693359375
0 0.9716796875 0.369140625 0.041015625 0.0576171875
0 0.9326171875 0.416015625 0.1845703125 0.1083984375
0 0.568359375 0.6015625 0.099609375 0.103515625
0 1.0 0.072265625 0.0322265625 0.02734375
0 0.283203125 0.0966796875 0.07421875 0.041015625
0 0.5205078125 0.505859375 0.1142578125 0.060546875
0 0.771484375 1.0 0.0400390625 0.0458984375
0 0.1884765625 0.646484375 0.12109375 0.0986328125
0 0.3603515625 0.4111328125 0.09375 0.04296875
0 0.6376953125 0.935546875 0.115234375 0.16015625
0 0.09375 0.8076171875 0.0888671875 0.029296875
0 0.35546875 0.30859375 0.10546875 0.0546875
0 1.0 0.7001953125 0.0322265625 0.037109375
0 0.3818359375 0.861328125 0.0625 0.0654296875
0 0.310546875 0.998046875 0.048828125 0.0908203125
0 0.44140625 0.751953125 0.095703125 0.056640625
0 0.22265625 0.28125 0.1005859375 0.0966796875
0 0.53515625 0.1494140625 0.0595703125 0.0341796875
0 0.38671875 0.95703125 0.060546875 0.046875
0 1.0 0.5439453125 0.0595703125 0.0498046875
0 0.41796875 0.9130859375 0.08203125 0.076171875
0 0.982421875 0.0625 0.060546875 0.0498046875
0 0.80859375 0.0390625 0.0947265625 0.0380859375
0 0.111328125 0.0419921875 0.0400390625 0.0419921875
0 0.802734375 0.6845703125 0.1044921875 0.044921875
0 0.2314453125 1.0 0.126953125 0.0244140625
0 0.4443359375 0.2919921875 0.12109375 0.0810546875
0 0.083984375 0.9033203125 0.060546875 0.0517578125
0 0.8134765625 0.634765625 0.044921875 0.0732421875
0 0.646484375 0.7470703125 0.068359375 0.0380859375
0 0.0537109375 0.1865234375 0.0537109375 0.0537109375
0 0.2421875 0.75 0.078125 0.0341796875
0 0.685546875 0.869140625 0.0390625 0.0361328125
0 0.1630859375 0.2548828125 0.15625 0.1279296875
0 0.197265625 0.7705078125 0.080078125 0.0361328125
0 0.9287109375 0.998046875 0.033203125 0.0234375
0 0.6767578125 0.5322265625 0.0888671875 0.029296875
0 0.6748046875 0.7421875 0.0498046875 0.03515625
0 0.6259765625 1.0 0.087890625 0.0185546875
0 0.140625 0.7109375 0.0498046875 0.04296875
0 1.0 0.734375 0.0478515625 0.037109375
0 0.564453125 0.78515625 0.0703125 0.056640625
0 0.42578125 0.21484375 0.091796875 0.04296875
0 0.0703125 0.95703125 0.0703125 0.0458984375
0 0.451171875 0.9619140625 0.0859375 0.0810546875
0 0.4462890625 0.3291015625 0.177734375 0.099609375
0 0.4443359375 1.0 0.20703125 0.0517578125
