0 0.203125 0.515625 0.05859375 0.091796875
0 0.3564453125 0.826171875 0.0380859375 0.0908203125
0 0.0595703125 0.3447265625 0.05078125 0.0869140625
0 0.212890625 0.439453125 0.0830078125 0.07421875
0 0.4140625 0.5927734375 0.048828125 0.0830078125
0 0.94921875 0.279296875 0.046875 0.0771484375
0 0.2197265625 0.6298828125 0.0615234375 0.0771484375
0 0.68359375 0.25 0.0556640625 0.0693359375
0 0.8125 0.05859375 0.0341796875 0.05859375
0 0.6083984375 0.1923828125 0.0712890625 0.103515625
0 0.814453125 0.173828125 0.0673828125 0.1005859375
0 0.7431640625 0.4365234375 0.06640625 0.0771484375
0 0.9462890625 0.6572265625 0.04296875 0.0830078125
0 0.3125 0.4111328125 0.0302734375 0.0927734375
0 0.5537109375 0.533203125 0.048828125 0.08203125
0 0.0888671875 0.591796875 0.0888671875 0.056640625
0 0.9931640625 0.5966796875 0.046875 0.0869140625
0 0.732421875 0.90625 0.03125 0.0830078125
0 0.5537109375 0.6513671875 0.0380859375 0.0595703125
0 0.044921875 0.1982421875 0.044921875 0.0703125
0 0.34765625 0.4912109375 0.0556640625 0.08203125
0 0.9033203125 0.51953125 0.05078125 0.083984375
0 0.3515625 0.1845703125 0.0498046875 0.0703125
0 0.5712890625 0.55859375 0.0771484375 0.0380859375
0 0.9541015625 0.46484375 0.0517578125 0.0732421875
0 0.8330078125 0.283203125 0.09375 0.044921875
0 0.6796875 0.4208984375 0.037109375 0.0810546875
0 0.78125 0.212890625 0.0537109375 0.0751953125
0 0.34765625 0.9462890625 0.0498046875 0.037109375
0 0.53125 0.0390625 0.037109375 0.0390625
0 0.7529296875 0.58984375 0.05859375 0.0263671875
0 0.7958984375 0.34375 0.0478515625 0.072265625
0 0.6630859375 0.61328125 0.03125 0.060546875
0 0.658203125 0.4541015625 0.0302734375 0.0771484375
0 0.720703125 0.359375 0.05078125 0.041015625
0 0.3623046875 0.5556640625 0.0498046875 0.0625
0 0.955078125 0.8798828125 0.0390625 0.0517578125
0 0.7939453125 0.53515625 0.0263671875 0.060546875
0 0.330078125 0.6650390625 0.0322265625 0.0732421875
0 0.73046875 0.5703125 0.0322265625 0.0791015625
0 0.169921875 0.033203125 0.0361328125 0.033203125
0 0.89453125 0.80859375 0.05078125 0.044921875
0 0.63671875 0.5986328125 0.044921875 0.0537109375
0 0.9150390625 0.6396484375 0.0556640625 0.0380859375
0 0.583984375 0.9326171875 0.0615234375 0.0419921875
0 0.7021484375 0.20703125 0.064453125 0.0830078125
0 0.4453125 0.9248046875 0.048828125 0.0615234375
0 0.73828125 0.1259765625 0.0458984375 0.083984375
0 0.7421875 0.1728515625 0.1123046875 0.1533203125
0 0.81640625 0.474609375 0.0458984375 0.0537109375
0 0.310546875 0.0595703125 0.0361328125 0.0556640625
0 0.9228515625 0.33203125 0.0302734375 0.0458984375
0 0.0693359375 0.6220703125 0.0341796875 0.0439453125
0 0.01953125 0.47265625 0.01953125 0.052734375
0 0.90625 0.1240234375 0.0400390625 0.048828125
0 1.0 0.595703125 0.017578125 0.0693359375
