0 0.197265625 0.3798828125 0.1455078125 0.1201171875
0 0.2548828125 1.0 0.1103515625 0.0400390625
0 0.6669921875 0.859375 0.1298828125 0.08984375
0 0.3798828125 0.4892578125 0.1728515625 0.08984375
0 0.197265625 0.6220703125 0.1650390625 0.08984375
0 0.2216796875 0.2421875 0.099609375 0.123046875
0 0.9892578125 0.994140625 0.1572265625 0.072265625
0 0.412109375 0.9716796875 0.16796875 0.1123046875
0 0.8173828125 0.9521484375 0.1474609375 0.123046875
0 0.04296875 0.1328125 0.04296875 0.103515625
0 0.3564453125 0.67578125 0.109375 0.0078125
0 0.1494140625 0.7265625 0.099609375 0.08203125
0 0.07421875 0.6923828125 0.07421875 0.0751953125
0 0.3017578125 0.9072265625 0.1572265625 0.0751953125
0 0.2099609375 0.5322265625 0.1376953125 0.0703125
0 0.0966796875 0.966796875 0.0966796875 0.08984375
0 0.091796875 0.8515625 0.091796875 0.0791015625
0 1.0 0.6220703125 0.115234375 0.0751953125
0 0.2099609375 0.958984375 0.1669921875 0.1396484375
0 0.095703125 0.189453125 0.095703125 0.123046875
0 0.2470703125 0.375 0.1552734375 0.0654296875
0 1.0 0.859375 0.1650390625 0.0849609375
0 1.0 0.7841796875 0.140625 0.0673828125
0 0.9619140625 0.544921875 0.1396484375 0.125
0 0.9970703125 0.1845703125 0.1298828125 0.09375
