0 0.4541015625 0.125 0.0966796875 0.0654296875
0 1.0 0.427734375 0.0810546875 0.109375
0 0.9560546875 0.85546875 0.1259765625 0.109375
0 0.4130859375 0.2119140625 0.09765625 0.078125
0 0.84375 0.6875 0.087890625 0.095703125
0 0.3095703125 0.6220703125 0.154296875 0.0947265625
0 0.7294921875 0.5068359375 0.0927734375 0.1298828125
0 0.6396484375 0.259765625 0.0849609375 0.08984375
0 0.6123046875 0.89453125 0.078125 0.087890625
0 0.6943359375 0.9541015625 0.0849609375 0.134765625
0 0.7119140625 0.7724609375 0.0947265625 0.09765625
0 0.7197265625 0.099609375 0.125 0.0927734375
0 0.634765625 0.7294921875 0.0849609375 0.0751953125
0 0.57421875 0.681640625 0.1220703125 0.119140625
0 0.6181640625 0.5751953125 0.0869140625 0.1201171875
0 0.7548828125 0.2666015625 0.0625 0.064453125
0 0.6845703125 0.169921875 0.0927734375 0.087890625
0 0.806640625 0.5244140625 0.099609375 0.1103515625
0 0.1171875 0.4423828125 0.1103515625 0.11328125
0 0.5625 0.96484375 0.0830078125 0.0830078125
0 0.12890625 0.640625 0.1201171875 0.1298828125
0 0.572265625 0.08203125 0.08984375 0.08203125
