0 0.12890625 0.060546875 0.09765625 0.060546875
0 0.1826171875 0.1689453125 0.09375 0.0703125
0 0.486328125 0.2138671875 0.09765625 0.048828125
0 0.140625 0.5439453125 0.0634765625 0.0751953125
0 0.3046875 0.587890625 0.0927734375 0.046875
0 0.0380859375 0.3671875 0.0380859375 0.041015625
0 0.4541015625 0.6884765625 0.0703125 0.0693359375
0 0.6484375 0.1328125 0.0478515625 0.09375
0 0.583984375 0.201171875 0.078125 0.0966796875
0 0.35546875 0.505859375 0.0810546875 0.10546875
0 0.6572265625 0.4716796875 0.1005859375 0.041015625
0 0.44921875 0.4638671875 0.1279296875 0.0791015625
0 0.0302734375 0.19921875 0.0302734375 0.0693359375
0 1.0 0.6953125 0.0595703125 0.048828125
0 0.5224609375 0.595703125 0.072265625 0.0615234375
0 0.955078125 0.6630859375 0.0478515625 0.064453125
0 0.048828125 0.986328125 0.048828125 0.0810546875
0 0.70703125 0.3759765625 0.0712890625 0.0283203125
0 0.3564453125 0.353515625 0.1005859375 0.0576171875
0 0.224609375 0.763671875 0.0517578125 0.0830078125
0 0.611328125 0.5556640625 0.06640625 0.0458984375
0 0.46875 0.583984375 0.068359375 0.052734375
0 0.044921875 0.7744140625 0.044921875 0.1669921875
0 0.6943359375 0.560546875 0.08984375 0.0517578125
0 0.8193359375 0.6806640625 0.1064453125 0.0849609375
0 0.275390625 0.6904296875 0.107421875 0.056640625
0 0.1162109375 0.4423828125 0.103515625 0.0380859375
0 0.9326171875 0.5966796875 0.0673828125 0.0302734375
0 0.8271484375 1.0 0.056640625 0.0205078125
0 0.52734375 0.37109375 0.158203125 0.052734375
0 0.4228515625 0.7490234375 0.107421875 0.0361328125
0 0.998046875 0.91796875 0.09765625 0.0361328125
0 0.4697265625 0.6064453125 0.064453125 0.0380859375
0 0.3798828125 0.2822265625 0.0576171875 0.068359375
0 0.14453125 0.6865234375 0.052734375 0.0732421875
0 0.4638671875 0.9970703125 0.0634765625 0.0166015625
0 0.0537109375 0.615234375 0.0537109375 0.0146484375
0 0.7890625 0.2998046875 0.0322265625 0.05078125
0 0.6123046875 0.3740234375 0.0849609375 0.044921875
0 0.158203125 0.4541015625 0.0390625 0.0556640625
0 1.0 0.6484375 0.0400390625 0.0634765625
0 0.5703125 0.8505859375 0.1005859375 0.033203125
0 0.642578125 0.0458984375 0.1201171875 0.044921875
0 0.6982421875 0.6083984375 0.0478515625 0.0556640625
0 0.029296875 0.703125 0.029296875 0.0595703125
0 0.6396484375 0.2900390625 0.0693359375 0.05078125
0 0.123046875 0.033203125 0.0302734375 0.033203125
0 0.330078125 0.0888671875 0.0537109375 0.021484375
0 0.4140625 0.3466796875 0.05859375 0.0791015625
0 1.0 0.935546875 0.0390625 0.017578125
0 0.6123046875 0.23828125 0.0625 0.037109375
0 0.607421875 0.9345703125 0.0947265625 0.056640625
0 0.5703125 0.986328125 0.1064453125 0.0576171875
0 0.1806640625 0.2890625 0.1650390625 0.06640625
0 0.951171875 0.5400390625 0.056640625 0.0546875
0 0.865234375 0.248046875 0.107421875 0.115234375
0 0.2529296875 0.3330078125 0.0556640625 0.056640625
0 0.6005859375 0.849609375 0.0458984375 0.048828125
