0 0.275390625 0.0966796875 0.05078125 0.0966796875
0 0.919921875 0.376953125 0.0615234375 0.09375
0 0.2099609375 0.9970703125 0.06640625 0.064453125
0 0.6337890625 0.150390625 0.0439453125 0.1064453125
0 0.6328125 0.7890625 0.0439453125 0.0947265625
0 0.5888671875 0.9716796875 0.0546875 0.091796875
0 0.1279296875 0.3046875 0.072265625 0.1103515625
0 0.390625 0.296875 0.0546875 0.0986328125
0 0.2314453125 0.380859375 0.044921875 0.10546875
0 0.4541015625 0.3857421875 0.0625 0.1103515625
0 0.8046875 0.6181640625 0.0322265625 0.10546875
0 0.3486328125 0.9345703125 0.0947265625 0.111328125
0 0.568359375 0.9833984375 0.0791015625 0.095703125
0 0.4716796875 0.2958984375 0.0791015625 0.1123046875
0 0.52734375 0.142578125 0.0703125 0.076171875
0 0.8828125 0.9296875 0.072265625 0.1416015625
0 0.166015625 0.388671875 0.048828125 0.083984375
0 0.3125 0.6337890625 0.025390625 0.1005859375
0 0.13671875 0.677734375 0.0810546875 0.07421875
0 0.1865234375 0.587890625 0.111328125 0.103515625
0 0.0810546875 0.96875 0.0576171875 0.1328125
0 0.990234375 0.4462890625 0.033203125 0.080078125
0 0.9169921875 0.451171875 0.0712890625 0.056640625
0 0.68359375 0.3154296875 0.0771484375 0.1171875
0 0.8046875 0.9423828125 0.05859375 0.1025390625
0 0.90625 0.833984375 0.0322265625 0.134765625
0 0.67578125 0.1005859375 0.0244140625 0.07421875
0 0.1474609375 0.1943359375 0.048828125 0.1533203125
0 0.4169921875 0.0771484375 0.0478515625 0.068359375
0 0.9033203125 0.0390625 0.0771484375 0.0380859375
0 0.720703125 0.9453125 0.05859375 0.08203125
0 0.3310546875 0.283203125 0.083984375 0.158203125
0 1.0 0.7421875 0.0546875 0.0703125
0 0.625 0.1845703125 0.068359375 0.05078125
0 0.0458984375 0.7783203125 0.0458984375 0.1015625
0 0.494140625 0.037109375 0.0849609375 0.0361328125
0 0.9287109375 0.1171875 0.0439453125 0.078125
0 0.708984375 1.0 0.0693359375 0.109375
0 0.3037109375 0.333984375 0.1064453125 0.107421875
0 0.78125 0.23828125 0.056640625 0.0556640625
0 0.1806640625 0.3193359375 0.052734375 0.0927734375
0 0.6083984375 0.341796875 0.0771484375 0.154296875
0 0.6572265625 0.8671875 0.0546875 0.0546875
0 0.947265625 0.173828125 0.056640625 0.0361328125
0 0.271484375 0.7490234375 0.064453125 0.0458984375
0 0.953125 0.7138671875 0.05859375 0.078125
0 0.9619140625 0.33984375 0.029296875 0.1220703125
0 0.0517578125 0.5751953125 0.0517578125 0.083984375
0 0.4609375 1.0 0.0693359375 0.017578125
0 0.6796875 0.3291015625 0.05859375 0.0439453125
0 0.5751953125 1.0 0.05078125 0.025390625
0 0.7958984375 0.814453125 0.0576171875 0.10546875
0 0.01953125 0.48046875 0.01953125 0.037109375
0 0.0244140625 0.869140625 0.0244140625 0.021484375
0 0.8564453125 0.7958984375 0.08203125 0.046875
0 0.7841796875 0.86328125 0.0908203125 0.0771484375
0 0.1806640625 0.166015625 0.1806640625 0.15234375
0 0.8359375 1.0 0.0771484375 0.0244140625
0 0.7548828125 1.0 0.0625 0.0185546875
0 0.7724609375 0.0400390625 0.046875 0.0380859375
