0 0.0185546875 1.0 0.0185546875 0.0712890625
0 0.0986328125 0.466796875 0.0986328125 0.20703125
0 0.2919921875 0.708984375 0.1796875 0.099609375
0 0.3720703125 0.677734375 0.1328125 0.0751953125
0 0.0537109375 0.9150390625 0.0537109375 0.1181640625
0 0.3203125 0.904296875 0.134765625 0.095703125
0 0.2294921875 1.0 0.0673828125 0.015625
0 0.244140625 0.1767578125 0.06640625 0.0537109375
0 0.197265625 0.064453125 0.0546875 0.064453125
0 0.7548828125 0.08984375 0.1083984375 0.0849609375
0 0.994140625 0.1337890625 0.0751953125 0.0712890625
0 0.9482421875 0.0576171875 0.0859375 0.04296875
0 0.8212890625 0.2216796875 0.0537109375 0.083984375
0 0.6748046875 0.4560546875 0.1240234375 0.0888671875
0 0.8564453125 0.4697265625 0.1162109375 0.1416015625
0 0.46484375 0.46875 0.0791015625 0.0537109375
0 0.357421875 0.46484375 0.0498046875 0.0625
0 0.564453125 0.625 0.076171875 0.0947265625
0 0.9091796875 0.7197265625 0.1357421875 0.0966796875
0 0.9248046875 0.609375 0.0546875 0.0732421875
0 0.45703125 0.939453125 0.0703125 0.08203125
0 0.3818359375 1.0 0.0751953125 0.0625
0 0.59375 1.0 0.078125 0.03125
0 0.5654296875 0.9775390625 0.05859375 0.044921875
0 0.7822265625 1.0 0.103515625 0.0556640625
0 0.8251953125 1.0 0.1015625 0.0283203125
0 0.126953125 0.2109375 0.126953125 0.109375
0 0.4404296875 0.7822265625 0.142578125 0.109375
