0 0.2158203125 0.498046875 0.1044921875 0.072265625
0 0.4423828125 0.2822265625 0.107421875 0.107421875
0 0.21484375 0.759765625 0.095703125 0.0849609375
0 0.89453125 0.5517578125 0.1650390625 0.0693359375
0 0.1103515625 0.4091796875 0.109375 0.1328125
0 1.0 0.326171875 0.1767578125 0.087890625
0 0.8173828125 0.76171875 0.185546875 0.091796875
0 0.9130859375 0.447265625 0.224609375 0.080078125
0 0.8173828125 0.9443359375 0.1376953125 0.0849609375
0 0.6123046875 0.3369140625 0.125 0.1025390625
0 0.3447265625 0.70703125 0.0947265625 0.1279296875
0 0.0673828125 0.876953125 0.0673828125 0.134765625
0 0.814453125 0.9921875 0.169921875 0.0703125
0 0.0546875 0.0849609375 0.0546875 0.0849609375
0 0.4072265625 0.904296875 0.0751953125 0.08203125
0 0.9970703125 0.9892578125 0.1572265625 0.0947265625
0 0.5849609375 0.1416015625 0.255859375 0.0869140625
0 0.2998046875 0.154296875 0.0732421875 0.0673828125
0 0.13671875 0.2265625 0.091796875 0.0966796875
0 0.9970703125 0.6572265625 0.0478515625 0.0703125
0 0.4169921875 0.8193359375 0.0625 0.0576171875
0 0.619140625 0.494140625 0.125 0.099609375
