0 0.3349609375 0.8369140625 0.0908203125 0.1123046875
0 0.568359375 1.0 0.083984375 0.0869140625
0 0.224609375 0.73046875 0.0595703125 0.1630859375
0 0.4296875 0.8095703125 0.0703125 0.09765625
0 0.3818359375 0.724609375 0.0751953125 0.0849609375
0 0.5693359375 0.5517578125 0.107421875 0.2822265625
0 0.447265625 0.9541015625 0.078125 0.0625
0 0.6142578125 0.439453125 0.0419921875 0.0595703125
0 0.640625 0.611328125 0.0322265625 0.07421875
0 0.7314453125 0.66015625 0.0712890625 0.09375
0 0.4970703125 0.814453125 0.072265625 0.1025390625
