0 0.517578125 0.9931640625 0.078125 0.1328125
0 0.17578125 0.287109375 0.0966796875 0.072265625
0 0.4423828125 0.15625 0.072265625 0.10546875
0 0.0302734375 0.490234375 0.029296875 0.056640625
0 0.6162109375 0.689453125 0.099609375 0.1044921875
0 0.9521484375 0.404296875 0.05078125 0.1943359375
0 0.5068359375 0.109375 0.078125 0.0859375
0 0.4970703125 0.333984375 0.0732421875 0.0908203125
0 0.6650390625 0.16015625 0.080078125 0.0693359375
0 0.9052734375 0.87109375 0.087890625 0.0771484375
0 0.650390625 0.056640625 0.052734375 0.046875
0 0.91796875 0.123046875 0.0693359375 0.0810546875
0 0.5869140625 0.1552734375 0.078125 0.0849609375
0 0.51953125 0.3759765625 0.0634765625 0.044921875
0 0.103515625 0.109375 0.103515625 0.056640625
0 0.998046875 0.5693359375 0.046875 0.046875
0 0.7001953125 0.431640625 0.0849609375 0.0673828125
0 0.556640625 0.1875 0.0966796875 0.0673828125
0 0.1904296875 0.2158203125 0.0791015625 0.076171875
0 0.26953125 0.33984375 0.0927734375 0.0615234375
0 0.12109375 0.6884765625 0.0751953125 0.037109375
0 0.33984375 0.31640625 0.0810546875 0.064453125
0 0.7060546875 0.228515625 0.044921875 0.072265625
0 0.892578125 0.5224609375 0.0751953125 0.0576171875
0 0.1279296875 0.736328125 0.072265625 0.064453125
0 0.19921875 0.146484375 0.0380859375 0.05078125
0 0.7138671875 0.8388671875 0.0888671875 0.048828125
0 0.857421875 0.7529296875 0.0849609375 0.0595703125
0 0.392578125 0.5380859375 0.0478515625 0.05078125
0 0.4052734375 0.19921875 0.0703125 0.06640625
0 0.6611328125 0.5830078125 0.08984375 0.0791015625
0 0.43359375 0.58984375 0.0419921875 0.041015625
0 0.63671875 0.0927734375 0.0478515625 0.0498046875
0 0.1279296875 0.9267578125 0.07421875 0.052734375
0 0.8056640625 0.7119140625 0.0625 0.076171875
0 0.7451171875 0.27734375 0.06640625 0.0556640625
0 0.2626953125 0.953125 0.0673828125 0.068359375
0 0.43359375 0.3095703125 0.05078125 0.056640625
0 0.9052734375 0.5791015625 0.06640625 0.0546875
0 0.17578125 0.7841796875 0.0966796875 0.0478515625
0 0.8173828125 0.59765625 0.060546875 0.056640625
0 0.0712890625 0.587890625 0.0615234375 0.0478515625
0 0.3701171875 0.12890625 0.1015625 0.0732421875
0 0.6611328125 0.9609375 0.0908203125 0.0703125
0 0.1142578125 0.58203125 0.056640625 0.0595703125
0 0.2646484375 0.0927734375 0.0517578125 0.0576171875
0 0.7548828125 0.9375 0.1005859375 0.078125
0 0.5830078125 0.2841796875 0.0634765625 0.0556640625
0 0.1376953125 0.8134765625 0.064453125 0.052734375
0 0.9892578125 0.5224609375 0.0693359375 0.0771484375
0 0.859375 0.1455078125 0.044921875 0.064453125
0 0.7578125 0.55859375 0.08203125 0.072265625
0 0.576171875 1.0 0.0751953125 0.03515625
0 0.69140625 0.505859375 0.0546875 0.046875
0 0.7490234375 0.8369140625 0.05078125 0.056640625
