0 0.2724609375 0.0859375 0.0673828125 0.046875
0 0.8037109375 0.3173828125 0.0966796875 0.0810546875
0 0.1767578125 0.2001953125 0.09375 0.0673828125
0 0.345703125 0.1845703125 0.078125 0.052734375
0 0.2060546875 0.115234375 0.083984375 0.0693359375
0 0.9072265625 0.0810546875 0.0791015625 0.0810546875
0 0.833984375 0.236328125 0.0810546875 0.1171875
0 0.1787109375 0.7685546875 0.1748046875 0.0791015625
0 0.46484375 0.7802734375 0.1806640625 0.072265625
0 0.4951171875 0.1162109375 0.1337890625 0.083984375
0 0.4453125 0.248046875 0.083984375 0.07421875
0 0.2802734375 0.193359375 0.0947265625 0.072265625
0 0.056640625 0.3916015625 0.056640625 0.0703125
0 0.1923828125 0.0751953125 0.1376953125 0.06640625
0 0.51171875 0.892578125 0.1240234375 0.1259765625
0 0.98828125 0.9287109375 0.0771484375 0.1162109375
0 0.234375 0.400390625 0.126953125 0.0947265625
0 0.15625 0.501953125 0.1533203125 0.107421875
0 0.58984375 0.1201171875 0.1494140625 0.1201171875
0 0.1435546875 0.5869140625 0.1015625 0.0810546875
0 0.3681640625 0.5107421875 0.087890625 0.109375
0 0.5908203125 0.244140625 0.1357421875 0.1064453125
0 0.095703125 0.1748046875 0.095703125 0.0576171875
0 0.072265625 0.8232421875 0.064453125 0.046875
0 0.4326171875 0.9814453125 0.0947265625 0.0810546875
0 0.6962890625 0.7626953125 0.1201171875 0.0849609375
0 0.189453125 0.2890625 0.13671875 0.072265625
0 0.904296875 0.1650390625 0.07421875 0.0732421875
0 0.87109375 0.125 0.064453125 0.0966796875
0 0.4365234375 0.8955078125 0.080078125 0.0908203125
0 0.203125 0.9931640625 0.0849609375 0.0703125
0 0.3662109375 0.9990234375 0.0830078125 0.0703125
0 0.2548828125 0.828125 0.1005859375 0.072265625
0 0.3232421875 0.6396484375 0.0888671875 0.07421875
0 0.0498046875 0.6875 0.0498046875 0.0859375
0 0.8134765625 0.484375 0.0703125 0.068359375
0 0.859375 0.482421875 0.0634765625 0.044921875
0 0.2890625 0.2421875 0.033203125 0.044921875
0 0.109375 0.8623046875 0.0595703125 0.095703125
