0 0.7548828125 0.1953125 0.107421875 0.087890625
0 0.1123046875 0.619140625 0.1005859375 0.109375
0 0.751953125 0.056640625 0.08984375 0.056640625
0 0.3876953125 0.6845703125 0.17578125 0.0888671875
0 0.4375 0.3095703125 0.087890625 0.1123046875
0 0.8798828125 0.734375 0.1806640625 0.099609375
0 0.587890625 0.1416015625 0.10546875 0.107421875
0 0.69921875 0.875 0.1025390625 0.0703125
0 0.716796875 0.4697265625 0.0869140625 0.0654296875
0 0.2041015625 0.0517578125 0.08203125 0.0517578125
0 0.0341796875 0.8134765625 0.0341796875 0.087890625
0 0.4921875 0.15234375 0.080078125 0.0654296875
0 0.33984375 0.107421875 0.0927734375 0.0703125
0 0.0419921875 0.1591796875 0.0419921875 0.0849609375
0 0.5390625 0.9423828125 0.08203125 0.0830078125
0 0.294921875 0.2197265625 0.1181640625 0.060546875
0 0.5849609375 0.4619140625 0.060546875 0.08203125
0 0.76953125 0.5625 0.087890625 0.0703125
0 0.5244140625 0.2216796875 0.0673828125 0.0673828125
0 0.6572265625 0.796875 0.09765625 0.08984375
0 0.564453125 0.3291015625 0.09765625 0.0693359375
0 0.876953125 0.3271484375 0.1220703125 0.1298828125
0 0.96484375 0.8974609375 0.09765625 0.052734375
0 0.671875 0.296875 0.072265625 0.0947265625
0 0.056640625 0.20703125 0.056640625 0.0576171875
0 0.27734375 0.814453125 0.177734375 0.087890625
0 0.2294921875 0.4140625 0.072265625 0.0595703125
0 0.9619140625 0.2041015625 0.0849609375 0.126953125
0 0.375 0.904296875 0.0703125 0.0595703125
0 0.44921875 0.431640625 0.0693359375 0.0673828125
0 0.2099609375 0.5048828125 0.0751953125 0.0654296875
0 0.77734375 0.984375 0.11328125 0.0869140625
0 0.5673828125 0.6396484375 0.078125 0.060546875
0 0.9169921875 0.466796875 0.142578125 0.09765625
0 0.923828125 0.037109375 0.09375 0.037109375
0 0.8916015625 0.52734375 0.0947265625 0.060546875
0 0.3994140625 0.822265625 0.0927734375 0.1103515625
0 0.169921875 0.90234375 0.0625 0.10546875
0 0.681640625 0.3994140625 0.072265625 0.0751953125
0 0.4697265625 0.9267578125 0.087890625 0.0546875
0 0.634765625 0.6142578125 0.0654296875 0.0693359375
0 0.9443359375 0.974609375 0.099609375 0.0771484375
0 0.0625 0.4619140625 0.0625 0.0625
0 0.76171875 0.4091796875 0.07421875 0.091796875
0 0.634765625 0.984375 0.0673828125 0.1123046875
0 0.2119140625 0.5947265625 0.0625 0.0673828125
0 0.171875 0.4140625 0.162109375 0.0869140625
0 0.982421875 0.349609375 0.0732421875 0.087890625
0 0.9970703125 0.5791015625 0.1103515625 0.1044921875
0 0.9375 0.82421875 0.17578125 0.07421875
0 0.6845703125 0.634765625 0.0654296875 0.052734375
0 0.2216796875 0.7421875 0.0693359375 0.1005859375
0 0.603515625 0.0390625 0.11328125 0.0390625
0 0.8369140625 0.9072265625 0.0703125 0.060546875
0 0.6591796875 0.681640625 0.08203125 0.064453125
0 0.814453125 0.1142578125 0.0849609375 0.0625
0 0.451171875 1.0 0.0576171875 0.046875
0 0.484375 0.3720703125 0.0576171875 0.0546875
0 0.501953125 0.8271484375 0.189453125 0.0927734375
0 0.9072265625 0.689453125 0.078125 0.0703125
0 0.9345703125 0.0849609375 0.0546875 0.052734375
0 0.994140625 0.45703125 0.0849609375 0.0703125
0 1.0 0.1318359375 0.0556640625 0.09765625
0 0.8818359375 0.26953125 0.0771484375 0.0546875
0 1.0 0.2724609375 0.0458984375 0.0556640625
0 0.9169921875 0.4072265625 0.0654296875 0.0478515625
0 0.501953125 0.52734375 0.080078125 0.0654296875
0 0.57421875 0.3271484375 0.0595703125 0.0498046875
0 0.0595703125 0.1640625 0.0576171875 0.099609375
0 1.0 0.9970703125 0.0732421875 0.0595703125
0 0.9541015625 0.8271484375 0.109375 0.0625
0 1.0 0.716796875 0.095703125 0.125
0 0.1142578125 0.9169921875 0.044921875 0.0927734375
0 0.1220703125 1.0 0.0625 0.033203125
0 0.07421875 0.439453125 0.07421875 0.107421875
