0 0.9951171875 0.4892578125 0.0947265625 0.1767578125
0 0.271484375 0.4326171875 0.0966796875 0.1103515625
0 0.17578125 1.0 0.083984375 0.140625
0 0.1689453125 0.4912109375 0.1689453125 0.1015625
0 0.9814453125 0.056640625 0.05859375 0.0478515625
0 0.4697265625 0.7890625 0.1015625 0.0908203125
0 0.404296875 0.732421875 0.1435546875 0.111328125
0 0.6591796875 0.748046875 0.09375 0.103515625
0 0.9384765625 0.0888671875 0.0556640625 0.0712890625
0 0.001953125 0.146484375 0.001953125 0.126953125
0 0.26953125 0.2900390625 0.138671875 0.072265625
0 0.2451171875 0.2314453125 0.1259765625 0.0986328125
0 0.9072265625 0.42578125 0.076171875 0.14453125
0 0.50390625 0.845703125 0.1005859375 0.0693359375
0 0.642578125 0.26171875 0.0908203125 0.1005859375
0 0.474609375 0.90234375 0.1279296875 0.0673828125
0 0.88671875 0.123046875 0.0947265625 0.0751953125
0 0.7998046875 0.494140625 0.103515625 0.140625
0 0.533203125 0.328125 0.0791015625 0.2197265625
0 0.271484375 0.564453125 0.087890625 0.0849609375
0 0.5576171875 0.728515625 0.0908203125 0.150390625
0 0.4609375 0.41015625 0.1259765625 0.072265625
0 0.701171875 0.607421875 0.11328125 0.2294921875
0 0.2216796875 0.0341796875 0.169921875 0.0341796875
0 0.3203125 0.3203125 0.09375 0.1953125
0 0.2998046875 0.4638671875 0.072265625 0.078125
0 1.0 0.529296875 0.0341796875 0.091796875
0 1.0 0.6806640625 0.0576171875 0.1025390625
0 0.9365234375 0.6875 0.0771484375 0.1015625
0 0.26953125 0.7822265625 0.134765625 0.083984375
0 0.234375 1.0 0.0908203125 0.0517578125
0 0.3359375 0.9951171875 0.083984375 0.033203125
0 0.306640625 0.9736328125 0.087890625 0.05859375
0 0.2822265625 0.9208984375 0.0966796875 0.07421875
0 0.4921875 1.0 0.1005859375 0.0732421875
0 0.306640625 0.0625 0.091796875 0.060546875
