0 0.08203125 0.4892578125 0.0693359375 0.068359375
0 0.134765625 0.498046875 0.060546875 0.0576171875
0 0.060546875 0.572265625 0.060546875 0.076171875
0 0.150390625 0.642578125 0.056640625 0.0537109375
0 0.2646484375 0.5302734375 0.1005859375 0.0654296875
0 0.2080078125 0.396484375 0.0625 0.0830078125
0 0.1513671875 0.3935546875 0.0537109375 0.0732421875
0 0.1123046875 0.33203125 0.0771484375 0.0654296875
0 0.0361328125 0.34765625 0.0361328125 0.123046875
0 0.23046875 0.302734375 0.095703125 0.0888671875
0 0.162109375 0.1767578125 0.0859375 0.0859375
0 0.208984375 0.103515625 0.0908203125 0.09765625
0 0.314453125 0.048828125 0.080078125 0.0478515625
0 0.4951171875 0.2548828125 0.060546875 0.0869140625
0 0.37109375 0.3779296875 0.0634765625 0.0615234375
0 0.572265625 0.4755859375 0.060546875 0.07421875
0 0.6318359375 0.5673828125 0.05078125 0.0712890625
0 0.5751953125 0.5927734375 0.0556640625 0.08203125
0 0.7451171875 0.541015625 0.0751953125 0.0703125
0 0.58984375 0.6904296875 0.0947265625 0.107421875
0 0.3017578125 0.7421875 0.09765625 0.0849609375
0 0.611328125 0.7744140625 0.064453125 0.0849609375
0 0.7802734375 0.6806640625 0.05078125 0.0810546875
0 0.91796875 0.60546875 0.1083984375 0.109375
0 0.4912109375 0.84375 0.1181640625 0.083984375
0 0.109375 0.8662109375 0.109375 0.115234375
0 0.05859375 0.9384765625 0.05859375 0.0732421875
0 0.0810546875 1.0 0.0810546875 0.0732421875
0 0.794921875 0.068359375 0.078125 0.0673828125
0 0.896484375 0.140625 0.080078125 0.0712890625
0 0.9794921875 0.0810546875 0.1181640625 0.0771484375
0 1.0 0.5263671875 0.0361328125 0.0947265625
0 1.0 0.5546875 0.0703125 0.06640625
0 0.9580078125 0.857421875 0.0849609375 0.0712890625
0 0.7353515625 0.8740234375 0.076171875 0.076171875
0 0.52734375 0.962890625 0.0830078125 0.0908203125
0 0.6669921875 0.9521484375 0.1240234375 0.078125
0 0.673828125 1.0 0.099609375 0.0673828125
0 0.890625 1.0 0.1201171875 0.0341796875
0 0.91796875 0.9892578125 0.0849609375 0.052734375
0 0.7333984375 0.9375 0.095703125 0.08984375
0 1.0 0.27734375 0.0283203125 0.0576171875
0 0.99609375 0.462890625 0.068359375 0.0693359375
0 0.474609375 0.408203125 0.0361328125 0.0654296875
0 0.4462890625 0.3857421875 0.0166015625 0.017578125
0 0.0341796875 0.7021484375 0.0341796875 0.07421875
0 0.572265625 0.74609375 0.048828125 0.0751953125
0 0.501953125 0.408203125 0.0244140625 0.0517578125
0 0.23046875 0.86328125 0.046875 0.0556640625
0 0.419921875 1.0 0.048828125 0.017578125
0 0.892578125 0.869140625 0.078125 0.0712890625
