0 0.8017578125 0.919921875 0.09765625 0.0654296875
0 1.0 0.5166015625 0.052734375 0.0693359375
0 0.7646484375 0.9765625 0.0751953125 0.0517578125
0 0.6640625 0.3896484375 0.0673828125 0.0751953125
0 0.6416015625 0.4970703125 0.0595703125 0.0576171875
0 0.7822265625 0.46484375 0.0751953125 0.0654296875
0 0.6669921875 0.5693359375 0.0556640625 0.052734375
0 0.14453125 0.5498046875 0.0703125 0.078125
0 1.0 0.822265625 0.0703125 0.1064453125
0 0.8623046875 0.5 0.0830078125 0.1328125
0 0.8828125 0.3173828125 0.0810546875 0.12109375
0 0.7998046875 0.2919921875 0.087890625 0.099609375
0 0.880859375 0.6552734375 0.068359375 0.0673828125
0 0.7470703125 0.0849609375 0.0654296875 0.0830078125
0 0.931640625 0.1396484375 0.0595703125 0.0673828125
0 1.0 0.08203125 0.0029296875 0.080078125
0 0.1669921875 0.1298828125 0.0498046875 0.0703125
0 0.966796875 0.5224609375 0.080078125 0.1181640625
0 0.9892578125 0.9990234375 0.0791015625 0.0478515625
