0 0.34765625 0.509765625 0.06640625 0.109375
0 1.0 0.900390625 0.0556640625 0.1015625
0 0.701171875 0.453125 0.0576171875 0.09375
0 0.041015625 0.140625 0.041015625 0.0849609375
0 0.1279296875 0.6171875 0.083984375 0.10546875
0 0.0517578125 0.8564453125 0.0517578125 0.0751953125
0 0.583984375 0.69921875 0.0615234375 0.0927734375
0 0.228515625 0.41796875 0.056640625 0.07421875
0 0.380859375 0.6865234375 0.091796875 0.080078125
0 0.6142578125 0.599609375 0.078125 0.091796875
0 0.142578125 0.1591796875 0.0673828125 0.091796875
0 0.318359375 0.1884765625 0.06640625 0.0703125
0 0.861328125 0.25390625 0.07421875 0.0595703125
0 0.947265625 0.39453125 0.0625 0.072265625
0 0.7744140625 0.677734375 0.0830078125 0.1025390625
0 0.849609375 0.447265625 0.0654296875 0.1064453125
0 0.625 0.3955078125 0.05859375 0.1064453125
0 0.7978515625 0.76171875 0.0439453125 0.0888671875
0 0.451171875 0.6474609375 0.08203125 0.0693359375
0 0.9619140625 0.1875 0.0732421875 0.0947265625
0 0.0771484375 0.4208984375 0.05859375 0.072265625
0 0.5302734375 0.6689453125 0.0439453125 0.087890625
0 0.5078125 0.2177734375 0.056640625 0.083984375
0 0.173828125 0.1357421875 0.0859375 0.1044921875
0 0.0302734375 0.6083984375 0.0302734375 0.1357421875
0 0.4326171875 0.5859375 0.05078125 0.099609375
0 0.6181640625 0.75 0.0654296875 0.052734375
0 0.6474609375 0.8310546875 0.0703125 0.05859375
0 0.4609375 0.158203125 0.0390625 0.0791015625
0 0.1357421875 0.4443359375 0.0458984375 0.1328125
0 0.2744140625 0.0302734375 0.09375 0.0302734375
0 0.3203125 0.919921875 0.0673828125 0.1123046875
0 0.8818359375 0.8740234375 0.130859375 0.0869140625
0 0.263671875 0.1220703125 0.0712890625 0.0537109375
0 0.7978515625 0.4091796875 0.0478515625 0.0830078125
0 0.80078125 1.0 0.0400390625 0.0517578125
0 0.1630859375 0.912109375 0.076171875 0.0478515625
0 0.9716796875 0.6943359375 0.0283203125 0.08984375
0 0.9462890625 0.0888671875 0.0263671875 0.087890625
0 0.22265625 0.603515625 0.1240234375 0.0908203125
0 0.8564453125 0.1533203125 0.02734375 0.0712890625
0 0.955078125 0.6123046875 0.0478515625 0.1181640625
0 0.45703125 0.6796875 0.0712890625 0.05859375
0 0.6630859375 0.3505859375 0.041015625 0.078125
0 0.306640625 0.8212890625 0.052734375 0.0400390625
0 1.0 0.556640625 0.0458984375 0.0771484375
0 0.8779296875 0.59765625 0.0791015625 0.068359375
0 0.6328125 0.3330078125 0.052734375 0.0693359375
0 0.5146484375 0.861328125 0.0810546875 0.04296875
0 0.5478515625 0.716796875 0.02734375 0.07421875
0 0.85546875 0.6796875 0.0537109375 0.0625
0 0.9091796875 0.8740234375 0.060546875 0.109375
0 1.0 0.8115234375 0.0517578125 0.0654296875
0 0.11328125 0.0322265625 0.0546875 0.03125
0 0.3154296875 0.716796875 0.068359375 0.0537109375
0 0.6982421875 0.0458984375 0.060546875 0.0439453125
0 0.775390625 0.1611328125 0.072265625 0.033203125
0 0.01953125 0.783203125 0.01953125 0.0400390625
0 0.3193359375 0.521484375 0.0556640625 0.0419921875
0 0.73046875 0.0380859375 0.033203125 0.0380859375
0 0.275390625 0.982421875 0.185546875 0.0546875
0 0.0205078125 0.1826171875 0.0205078125 0.07421875
0 0.7783203125 0.9306640625 0.0546875 0.0537109375
0 0.67578125 0.5478515625 0.046875 0.0390625
0 0.169921875 0.8388671875 0.072265625 0.048828125
0 1.0 0.9619140625 0.025390625 0.0625
0 0.2177734375 0.92578125 0.0439453125 0.0693359375
0 0.9130859375 0.42578125 0.0498046875 0.0576171875
0 1.0 0.6650390625 0.0322265625 0.046875
0 1.0 0.7734375 0.0732421875 0.037109375
0 0.66015625 0.0283203125 0.0556640625 0.0283203125
0 1.0 0.4189453125 0.0380859375 0.056640625
0 1.0 0.482421875 0.0361328125 0.08203125
