0 0.404296875 0.259765625 0.1201171875 0.1357421875
0 0.44140625 0.392578125 0.0732421875 0.05859375
0 0.5146484375 0.3564453125 0.0908203125 0.0771484375
0 0.673828125 0.30859375 0.107421875 0.1005859375
0 0.0771484375 0.505859375 0.0771484375 0.142578125
0 0.248046875 0.5029296875 0.134765625 0.15234375
0 0.2197265625 0.36328125 0.0634765625 0.0712890625
0 0.1787109375 0.244140625 0.0634765625 0.1015625
0 0.234375 0.2431640625 0.0517578125 0.0693359375
0 0.1015625 0.2080078125 0.083984375 0.0849609375
0 0.0712890625 1.0 0.0712890625 0.0380859375
0 0.0576171875 0.9365234375 0.0576171875 0.0537109375
0 0.3251953125 0.958984375 0.0693359375 0.1201171875
0 0.3818359375 1.0 0.0634765625 0.0595703125
0 0.5361328125 1.0 0.0478515625 0.0947265625
0 0.4697265625 0.787109375 0.083984375 0.1201171875
0 0.6015625 0.8427734375 0.068359375 0.05859375
0 0.0517578125 0.67578125 0.0517578125 0.080078125
0 0.2666015625 0.6708984375 0.0615234375 0.119140625
0 0.2294921875 0.7548828125 0.0693359375 0.07421875
0 0.3583984375 0.734375 0.083984375 0.1298828125
0 0.759765625 1.0 0.060546875 0.16015625
0 0.955078125 0.814453125 0.0693359375 0.091796875
0 0.95703125 0.6640625 0.064453125 0.162109375
0 0.8759765625 0.697265625 0.109375 0.1025390625
0 0.853515625 0.81640625 0.1123046875 0.09375
0 0.404296875 0.447265625 0.0703125 0.05078125
0 0.373046875 0.53515625 0.078125 0.078125
0 0.4130859375 0.6650390625 0.0703125 0.107421875
0 0.3857421875 0.6123046875 0.0869140625 0.10546875
0 0.525390625 0.55078125 0.0595703125 0.1201171875
0 0.5478515625 0.6083984375 0.052734375 0.1025390625
0 0.5830078125 0.583984375 0.05078125 0.0966796875
0 0.671875 0.6318359375 0.0703125 0.1533203125
0 0.701171875 0.54296875 0.0732421875 0.1044921875
0 0.7548828125 0.421875 0.119140625 0.0830078125
0 0.66796875 0.1962890625 0.0966796875 0.06640625
0 0.4853515625 0.265625 0.0556640625 0.1298828125
0 0.5068359375 0.1455078125 0.0576171875 0.1123046875
0 0.1962890625 0.09765625 0.11328125 0.09765625
0 0.3564453125 0.134765625 0.1484375 0.1240234375
0 0.4677734375 0.0947265625 0.060546875 0.0947265625
0 0.6953125 0.1005859375 0.068359375 0.1005859375
0 0.802734375 0.2158203125 0.076171875 0.1875
0 0.8857421875 0.240234375 0.076171875 0.1826171875
0 1.0 0.2314453125 0.0595703125 0.111328125
0 0.7841796875 0.10546875 0.0791015625 0.10546875
0 0.6240234375 0.56640625 0.0703125 0.046875
0 0.6103515625 0.626953125 0.0390625 0.04296875
