0 0.0498046875 0.380859375 0.0498046875 0.0712890625
0 0.0712890625 0.6640625 0.0634765625 0.146484375
0 0.248046875 0.7041015625 0.0615234375 0.076171875
0 0.169921875 0.6025390625 0.1083984375 0.0654296875
0 0.37890625 0.6279296875 0.0703125 0.0908203125
0 0.6005859375 0.642578125 0.1279296875 0.0849609375
0 0.484375 0.5537109375 0.0693359375 0.09375
0 0.4814453125 0.3759765625 0.123046875 0.0615234375
0 0.5322265625 0.15625 0.109375 0.1279296875
0 0.6240234375 0.201171875 0.0703125 0.087890625
0 0.697265625 0.16015625 0.0908203125 0.10546875
0 0.8291015625 0.2958984375 0.0771484375 0.1318359375
0 0.908203125 0.369140625 0.1015625 0.1279296875
0 0.7880859375 0.6376953125 0.0908203125 0.15625
0 0.8544921875 0.6787109375 0.1259765625 0.072265625
0 0.853515625 0.744140625 0.0791015625 0.087890625
0 0.9326171875 0.66015625 0.103515625 0.1669921875
0 0.9677734375 0.689453125 0.0693359375 0.0703125
0 0.8310546875 0.83984375 0.0966796875 0.0703125
0 0.837890625 0.8720703125 0.0751953125 0.046875
0 0.8583984375 0.9873046875 0.1328125 0.162109375
0 0.91796875 0.921875 0.0859375 0.078125
0 0.8974609375 0.0390625 0.06640625 0.0390625
0 0.9921875 0.0439453125 0.1279296875 0.0439453125
0 0.5224609375 1.0 0.06640625 0.0478515625
0 0.7119140625 1.0 0.1611328125 0.1181640625
0 0.6611328125 0.87890625 0.0625 0.0625
0 0.703125 1.0 0.072265625 0.07421875
0 0.4306640625 0.921875 0.078125 0.19140625
0 0.4599609375 1.0 0.0849609375 0.091796875
0 0.3818359375 0.86328125 0.138671875 0.083984375
0 0.2880859375 0.8720703125 0.0947265625 0.0634765625
0 0.3525390625 0.7626953125 0.0498046875 0.048828125
0 0.1201171875 0.9013671875 0.0830078125 0.109375
0 0.10546875 1.0 0.10546875 0.0263671875
0 0.0625 0.9658203125 0.0625 0.0654296875
0 0.2109375 0.2470703125 0.0849609375 0.0771484375
0 0.197265625 0.3134765625 0.0986328125 0.1171875
0 0.251953125 0.32421875 0.056640625 0.0439453125
0 0.0908203125 0.2470703125 0.0615234375 0.0458984375
0 0.0537109375 0.16015625 0.0537109375 0.109375
0 0.091796875 0.1298828125 0.0654296875 0.1298828125
0 0.1318359375 0.1494140625 0.0634765625 0.0927734375
0 1.0 0.8046875 0.0400390625 0.0439453125
0 0.05859375 0.5146484375 0.0498046875 0.0712890625
0 0.1337890625 0.74609375 0.0986328125 0.0673828125
0 0.025390625 0.9189453125 0.025390625 0.060546875
0 0.1767578125 0.9169921875 0.0966796875 0.0478515625
0 0.3623046875 0.4189453125 0.0908203125 0.1865234375
0 0.3837890625 0.3017578125 0.0634765625 0.0498046875
0 0.8193359375 0.3916015625 0.060546875 0.052734375
0 0.03125 0.462890625 0.03125 0.1396484375
