0 0.7939453125 0.8779296875 0.08984375 0.0849609375
0 0.6416015625 0.6953125 0.12890625 0.1396484375
0 0.728515625 0.8203125 0.080078125 0.0791015625
0 0.6923828125 0.958984375 0.140625 0.09765625
0 0.1201171875 0.8193359375 0.056640625 0.1611328125
0 0.689453125 0.7353515625 0.09375 0.0986328125
0 0.09375 0.4755859375 0.09375 0.1005859375
0 0.5517578125 0.77734375 0.08203125 0.1162109375
0 0.5 0.916015625 0.115234375 0.1357421875
0 0.51171875 0.4912109375 0.0849609375 0.15625
0 0.962890625 0.6943359375 0.1142578125 0.1220703125
0 0.09375 0.5439453125 0.09375 0.0966796875
0 0.51171875 0.76171875 0.111328125 0.1171875
0 0.7451171875 0.07421875 0.0947265625 0.07421875
0 0.83984375 0.27734375 0.09375 0.13671875
0 0.1328125 0.44921875 0.0810546875 0.140625
0 0.9375 0.1005859375 0.1318359375 0.0712890625
0 0.8447265625 0.6328125 0.1376953125 0.140625
0 0.728515625 0.6298828125 0.1064453125 0.1494140625
0 0.4931640625 0.1181640625 0.076171875 0.064453125
0 0.560546875 1.0 0.1171875 0.10546875
0 0.416015625 0.03515625 0.107421875 0.03515625
0 0.2353515625 0.515625 0.1337890625 0.20703125
0 0.1630859375 0.228515625 0.12109375 0.1171875
0 0.1494140625 0.9521484375 0.09765625 0.1103515625
0 0.02734375 1.0 0.02734375 0.099609375
0 0.4521484375 0.52734375 0.15625 0.142578125
0 0.34375 0.5703125 0.130859375 0.0673828125
0 0.67578125 0.4326171875 0.09765625 0.1572265625
0 0.48828125 0.59375 0.126953125 0.0810546875
0 0.09765625 0.822265625 0.087890625 0.1591796875
0 0.8857421875 0.5810546875 0.1611328125 0.087890625
0 0.0419921875 0.8203125 0.0419921875 0.06640625
0 0.9345703125 0.369140625 0.0595703125 0.0712890625
0 0.9951171875 0.33984375 0.078125 0.0546875
