0 0.076171875 0.052734375 0.0732421875 0.052734375
0 0.0693359375 0.0888671875 0.0625 0.0546875
0 0.140625 0.146484375 0.080078125 0.0341796875
0 0.158203125 0.0380859375 0.046875 0.0380859375
0 0.2294921875 0.1357421875 0.0615234375 0.0712890625
0 0.302734375 0.0849609375 0.072265625 0.05859375
0 0.466796875 0.1357421875 0.0888671875 0.04296875
0 0.404296875 0.1591796875 0.0771484375 0.0458984375
0 0.5380859375 0.0693359375 0.0283203125 0.0693359375
0 0.6025390625 0.091796875 0.064453125 0.0439453125
0 0.6689453125 0.0986328125 0.0625 0.0498046875
0 0.759765625 0.1083984375 0.0673828125 0.07421875
0 0.763671875 0.0224609375 0.07421875 0.0224609375
0 0.841796875 0.193359375 0.0771484375 0.107421875
0 0.5849609375 0.16796875 0.0556640625 0.0400390625
0 0.826171875 0.21875 0.078125 0.0537109375
0 0.9736328125 0.287109375 0.0380859375 0.044921875
0 0.849609375 0.37109375 0.0380859375 0.0703125
0 0.796875 0.380859375 0.119140625 0.0322265625
0 0.6201171875 0.2685546875 0.0615234375 0.04296875
0 0.5703125 0.259765625 0.060546875 0.0478515625
0 0.4638671875 0.2373046875 0.103515625 0.0439453125
0 0.4853515625 0.2529296875 0.05859375 0.05859375
0 0.568359375 0.3408203125 0.0771484375 0.06640625
0 0.3349609375 0.3310546875 0.06640625 0.0546875
0 0.24609375 0.2431640625 0.0615234375 0.05859375
0 0.244140625 0.23828125 0.048828125 0.0400390625
0 0.2109375 0.1943359375 0.0810546875 0.0478515625
0 0.2392578125 0.400390625 0.1083984375 0.0556640625
0 0.5859375 0.625 0.041015625 0.0576171875
0 0.88671875 0.4638671875 0.119140625 0.0380859375
0 0.798828125 0.5712890625 0.115234375 0.052734375
0 0.8271484375 0.5859375 0.0625 0.0625
0 0.8828125 0.5888671875 0.0458984375 0.03515625
0 1.0 0.6064453125 0.1298828125 0.04296875
0 1.0 0.748046875 0.1650390625 0.0498046875
0 0.8447265625 0.7509765625 0.0732421875 0.0771484375
0 0.7080078125 0.6103515625 0.068359375 0.0654296875
0 0.712890625 0.705078125 0.0546875 0.05859375
0 0.6943359375 0.7236328125 0.0732421875 0.080078125
0 0.6123046875 0.7724609375 0.0576171875 0.0712890625
0 0.4638671875 0.6982421875 0.0517578125 0.0869140625
0 0.55859375 0.98828125 0.0625 0.0341796875
0 0.37890625 1.0 0.056640625 0.044921875
0 0.3056640625 0.8916015625 0.0478515625 0.0458984375
0 0.27734375 0.9306640625 0.06640625 0.0625
0 0.1767578125 0.8232421875 0.041015625 0.048828125
0 0.1435546875 0.89453125 0.041015625 0.0419921875
0 0.1455078125 0.9921875 0.0517578125 0.0595703125
0 0.37109375 0.6728515625 0.056640625 0.0615234375
0 0.3154296875 0.6005859375 0.064453125 0.08203125
0 0.251953125 0.5693359375 0.0732421875 0.0849609375
0 0.2431640625 0.552734375 0.130859375 0.07421875
0 0.099609375 0.5478515625 0.0751953125 0.083984375
0 0.091796875 0.37109375 0.0361328125 0.041015625
0 0.7490234375 0.14453125 0.0576171875 0.04296875
