0 0.7275390625 0.564453125 0.0791015625 0.0810546875
0 0.4462890625 0.794921875 0.0576171875 0.1064453125
0 0.5791015625 0.4072265625 0.08203125 0.07421875
0 0.595703125 0.7119140625 0.0830078125 0.0634765625
0 1.0 0.2646484375 0.0419921875 0.0849609375
0 0.11328125 0.6923828125 0.078125 0.0673828125
0 0.384765625 0.2958984375 0.0986328125 0.0439453125
0 0.109375 0.455078125 0.109375 0.0791015625
0 0.150390625 0.794921875 0.1181640625 0.1064453125
0 0.435546875 0.513671875 0.087890625 0.072265625
0 0.1845703125 0.166015625 0.0693359375 0.0849609375
0 0.1904296875 0.6142578125 0.08984375 0.078125
0 0.5419921875 0.9501953125 0.046875 0.072265625
0 0.783203125 0.8037109375 0.0556640625 0.0927734375
0 0.80078125 0.1982421875 0.0615234375 0.0625
0 0.064453125 0.771484375 0.064453125 0.09375
0 0.9404296875 0.1640625 0.1044921875 0.099609375
0 1.0 0.083984375 0.0244140625 0.0693359375
0 0.369140625 0.52734375 0.07421875 0.0625
0 0.8740234375 0.9638671875 0.05078125 0.0537109375
0 1.0 0.5185546875 0.029296875 0.1376953125
0 0.8359375 0.7978515625 0.0576171875 0.0703125
0 0.17578125 0.251953125 0.1318359375 0.060546875
0 0.5673828125 0.4833984375 0.08203125 0.0498046875
0 0.69140625 0.4892578125 0.1025390625 0.05859375
0 0.4091796875 0.8330078125 0.0849609375 0.0546875
0 0.9931640625 0.1416015625 0.087890625 0.1357421875
0 0.962890625 0.134765625 0.08984375 0.1015625
0 0.0478515625 0.783203125 0.0478515625 0.0302734375
0 0.7294921875 0.1484375 0.060546875 0.06640625
0 0.05859375 0.314453125 0.05859375 0.044921875
0 0.6875 0.994140625 0.0546875 0.0390625
0 0.076171875 0.990234375 0.072265625 0.046875
0 0.9990234375 0.3037109375 0.044921875 0.0576171875
0 0.0849609375 0.0888671875 0.07421875 0.056640625
0 0.5146484375 0.271484375 0.07421875 0.04296875
0 0.642578125 0.2294921875 0.0849609375 0.021484375
0 0.6494140625 0.2548828125 0.0771484375 0.029296875
0 0.939453125 0.5048828125 0.076171875 0.068359375
0 0.9306640625 0.8681640625 0.1435546875 0.0625
0 0.08203125 0.92578125 0.08203125 0.0625
0 0.05859375 0.158203125 0.0576171875 0.0615234375
0 0.734375 0.4931640625 0.0517578125 0.052734375
0 0.6591796875 0.4736328125 0.078125 0.0859375
0 0.6939453125 0.680078125 0.07675781250000002 0.04931640625
0 0.603515625 0.490234375 0.05078125 0.0498046875
0 0.453125 0.5859375 0.142578125 0.0478515625
0 0.060546875 0.634765625 0.060546875 0.0654296875
0 0.5556640625 0.05859375 0.0615234375 0.0498046875
0 0.6630859375 0.9296875 0.0693359375 0.0625
0 0.443359375 0.9638671875 0.08984375 0.0478515625
0 0.4580078125 0.29296875 0.0380859375 0.041015625
0 0.603515625 0.201171875 0.111328125 0.0947265625
0 0.212890625 0.4951171875 0.0732421875 0.052734375
0 0.138671875 0.826171875 0.0634765625 0.0361328125
0 0.498046875 0.9609375 0.037109375 0.06640625
0 0.734375 0.759765625 0.087890625 0.0556640625
0 0.9755859375 0.642578125 0.0595703125 0.0625
0 0.62109375 0.6416015625 0.0673828125 0.060546875
0 0.4111328125 0.9169921875 0.103515625 0.0595703125
0 0.3779296875 0.935546875 0.05859375 0.0400390625
0 0.03515625 0.3544921875 0.03515625 0.03515625
