0 0.193359375 0.0830078125 0.072265625 0.08203125
0 0.302734375 0.134765625 0.07421875 0.0693359375
0 0.25 0.1533203125 0.06640625 0.0517578125
0 0.412109375 0.0908203125 0.076171875 0.0908203125
0 0.4423828125 0.14453125 0.1103515625 0.06640625
0 0.3779296875 0.177734375 0.0634765625 0.06640625
0 0.3681640625 0.2451171875 0.05859375 0.0595703125
0 0.1767578125 0.4140625 0.08984375 0.0771484375
0 0.2236328125 0.603515625 0.0625 0.0654296875
0 0.185546875 0.697265625 0.0673828125 0.0634765625
0 0.13671875 0.66015625 0.07421875 0.0712890625
0 0.0830078125 0.68359375 0.06640625 0.0693359375
0 0.3759765625 0.58984375 0.076171875 0.091796875
0 0.4248046875 0.5869140625 0.056640625 0.0634765625
0 0.34765625 0.6494140625 0.083984375 0.0625
0 0.5673828125 0.5 0.091796875 0.083984375
0 0.4755859375 0.51171875 0.0517578125 0.0869140625
0 0.4404296875 0.5 0.060546875 0.08984375
0 0.6728515625 0.4560546875 0.0595703125 0.0751953125
0 0.6904296875 0.62890625 0.0859375 0.0634765625
0 0.5625 0.6123046875 0.0751953125 0.0546875
0 0.6025390625 0.646484375 0.06640625 0.06640625
0 0.55859375 0.73828125 0.06640625 0.0673828125
0 0.53125 0.6533203125 0.056640625 0.0498046875
0 0.8525390625 0.7421875 0.0654296875 0.0595703125
0 0.974609375 0.697265625 0.0615234375 0.076171875
0 0.9990234375 0.509765625 0.095703125 0.1220703125
0 0.765625 1.0 0.0576171875 0.033203125
0 0.9765625 0.0634765625 0.083984375 0.0576171875
0 0.9150390625 0.1162109375 0.056640625 0.07421875
0 0.6962890625 0.0712890625 0.056640625 0.0693359375
0 0.6025390625 0.091796875 0.056640625 0.0595703125
0 0.73046875 0.1923828125 0.06640625 0.072265625
0 0.2509765625 0.9287109375 0.0732421875 0.099609375
0 0.482421875 1.0 0.068359375 0.046875
0 0.8828125 0.65234375 0.087890625 0.0625
0 0.21484375 0.4599609375 0.052734375 0.072265625
0 0.466796875 0.4384765625 0.0771484375 0.06640625
0 0.78125 0.2138671875 0.0732421875 0.06640625
0 0.6005859375 0.1484375 0.0546875 0.0546875
0 0.57421875 0.0166015625 0.041015625 0.0166015625
0 0.5595703125 0.04296875 0.0546875 0.04296875
0 0.3427734375 0.5244140625 0.0546875 0.0478515625
0 1.0 0.9443359375 0.025390625 0.080078125
0 1.0 0.0732421875 0.0185546875 0.0517578125
