0 0.4443359375 0.341796875 0.1103515625 0.1025390625
0 0.4365234375 0.265625 0.056640625 0.0556640625
0 0.4326171875 0.2001953125 0.115234375 0.06640625
0 0.533203125 0.1591796875 0.0703125 0.0791015625
0 0.5322265625 0.064453125 0.1015625 0.064453125
0 0.6083984375 0.029296875 0.0732421875 0.029296875
0 0.8896484375 0.0732421875 0.0869140625 0.0732421875
0 0.7275390625 0.09375 0.099609375 0.0830078125
0 0.72265625 0.1318359375 0.1318359375 0.0751953125
0 0.6416015625 0.181640625 0.0830078125 0.041015625
0 0.7099609375 0.2041015625 0.109375 0.0595703125
0 0.873046875 0.1337890625 0.138671875 0.0712890625
0 0.78125 0.1845703125 0.080078125 0.0615234375
0 0.853515625 0.23046875 0.0947265625 0.08984375
0 0.916015625 0.2607421875 0.0830078125 0.119140625
0 0.9736328125 0.21875 0.0693359375 0.068359375
0 1.0 0.140625 0.10546875 0.052734375
0 1.0 0.30078125 0.1328125 0.0595703125
0 0.943359375 0.4033203125 0.0869140625 0.056640625
0 0.8193359375 0.4140625 0.07421875 0.0546875
0 0.7548828125 0.4375 0.0537109375 0.044921875
0 0.671875 0.44140625 0.1142578125 0.083984375
0 0.716796875 0.306640625 0.109375 0.0537109375
0 0.728515625 0.2685546875 0.1025390625 0.0556640625
0 0.5107421875 0.373046875 0.06640625 0.0673828125
0 0.322265625 0.5576171875 0.103515625 0.0634765625
0 0.2333984375 0.5185546875 0.05859375 0.0537109375
0 0.1923828125 0.5615234375 0.087890625 0.0458984375
0 0.1416015625 0.6083984375 0.0439453125 0.0869140625
0 0.10546875 0.59765625 0.10546875 0.0693359375
0 0.46484375 0.6083984375 0.0625 0.0380859375
0 0.5537109375 0.5322265625 0.044921875 0.056640625
0 0.705078125 0.6259765625 0.1357421875 0.0654296875
0 0.86328125 0.615234375 0.0830078125 0.0576171875
0 0.787109375 0.65625 0.111328125 0.0498046875
0 0.87109375 0.6826171875 0.0986328125 0.0556640625
0 1.0 0.7041015625 0.0556640625 0.0361328125
0 1.0 0.740234375 0.044921875 0.0400390625
0 0.908203125 0.7509765625 0.068359375 0.05859375
0 0.953125 0.7470703125 0.0771484375 0.083984375
0 0.7998046875 0.7958984375 0.1328125 0.06640625
0 0.78515625 0.8232421875 0.0751953125 0.052734375
0 0.7705078125 0.71484375 0.0927734375 0.06640625
0 0.6279296875 0.6669921875 0.150390625 0.0576171875
0 0.6044921875 0.7158203125 0.07421875 0.0517578125
0 0.5712890625 0.62109375 0.1083984375 0.0478515625
0 0.4091796875 0.677734375 0.0595703125 0.0546875
0 0.3037109375 0.6015625 0.0576171875 0.05078125
0 0.302734375 0.783203125 0.134765625 0.080078125
0 0.2890625 0.8310546875 0.1552734375 0.076171875
0 0.3564453125 0.9365234375 0.087890625 0.0751953125
0 0.22265625 0.328125 0.107421875 0.0478515625
0 0.224609375 0.1826171875 0.1337890625 0.0615234375
0 0.4619140625 0.736328125 0.083984375 0.04296875
0 0.580078125 0.7509765625 0.1142578125 0.046875
0 0.513671875 0.7919921875 0.0810546875 0.0615234375
0 0.5361328125 0.8642578125 0.0986328125 0.0439453125
0 0.4892578125 0.8974609375 0.0732421875 0.06640625
0 0.423828125 0.9033203125 0.0654296875 0.0869140625
0 0.65625 0.9228515625 0.0947265625 0.0986328125
0 0.70703125 0.8251953125 0.115234375 0.060546875
0 0.5947265625 0.82421875 0.0625 0.06640625
0 0.8095703125 0.9775390625 0.1162109375 0.0537109375
0 0.580078125 0.9814453125 0.078125 0.0576171875
0 0.6591796875 1.0 0.09765625 0.072265625
0 0.9091796875 1.0 0.0888671875 0.044921875
0 0.9619140625 1.0 0.0693359375 0.0556640625
0 0.1318359375 0.943359375 0.0751953125 0.0546875
0 0.197265625 0.923828125 0.0732421875 0.07421875
0 0.130859375 0.837890625 0.095703125 0.05859375
0 0.0947265625 0.7265625 0.0625 0.0517578125
0 0.1455078125 0.78515625 0.0810546875 0.07421875
0 0.0244140625 0.9677734375 0.0244140625 0.0517578125
0 0.05859375 1.0 0.05859375 0.01953125
0 0.1591796875 1.0 0.0615234375 0.0185546875
0 0.072265625 0.2158203125 0.072265625 0.0478515625
0 0.1025390625 0.28125 0.1025390625 0.052734375
0 0.087890625 0.328125 0.087890625 0.0595703125
0 0.189453125 0.2890625 0.07421875 0.0625
0 0.2265625 0.255859375 0.0693359375 0.060546875
0 0.2978515625 0.2138671875 0.0439453125 0.05859375
0 0.2646484375 0.0986328125 0.060546875 0.078125
0 0.2998046875 0.06640625 0.0498046875 0.06640625
0 0.30859375 0.1044921875 0.03515625 0.05859375
0 0.412109375 0.11328125 0.0625 0.0673828125
0 0.146484375 0.0166015625 0.095703125 0.0166015625
0 0.1591796875 0.1025390625 0.1162109375 0.0625
0 0.109375 0.0517578125 0.0625 0.0517578125
0 0.2548828125 0.05078125 0.0986328125 0.05078125
0 0.9130859375 0.83203125 0.08203125 0.05859375
0 0.9072265625 0.8984375 0.076171875 0.07421875
0 0.580078125 0.302734375 0.06640625 0.068359375
0 0.2197265625 0.7568359375 0.0654296875 0.05859375
0 0.6689453125 0.798828125 0.0751953125 0.0341796875
0 0.888671875 0.16796875 0.095703125 0.0771484375
0 0.3076171875 0.115234375 0.0693359375 0.068359375
0 0.0859375 0.1630859375 0.02734375 0.046875
