0 0.166015625 0.626953125 0.0966796875 0.1123046875
0 0.26953125 0.5947265625 0.099609375 0.095703125
0 0.1357421875 0.4111328125 0.123046875 0.0927734375
0 0.046875 0.3466796875 0.046875 0.0634765625
0 0.056640625 0.8603515625 0.056640625 0.0712890625
0 0.1357421875 1.0 0.0966796875 0.0556640625
0 0.25390625 0.7587890625 0.087890625 0.056640625
0 0.6884765625 0.88671875 0.1357421875 0.083984375
0 0.875 0.8515625 0.0703125 0.056640625
0 0.4248046875 1.0 0.0966796875 0.09765625
0 0.6123046875 1.0 0.13671875 0.10546875
0 0.732421875 0.9619140625 0.1201171875 0.06640625
0 0.6904296875 0.744140625 0.0693359375 0.103515625
0 0.517578125 0.5888671875 0.1005859375 0.1328125
0 0.4384765625 0.4091796875 0.072265625 0.078125
0 0.3505859375 0.3828125 0.0673828125 0.076171875
0 0.1708984375 0.2900390625 0.0576171875 0.05859375
0 0.783203125 0.47265625 0.0908203125 0.0869140625
0 0.8232421875 0.5419921875 0.0615234375 0.052734375
0 0.927734375 0.4892578125 0.1064453125 0.0615234375
0 0.9248046875 0.671875 0.0673828125 0.056640625
0 0.8583984375 0.390625 0.0966796875 0.0556640625
0 0.7578125 0.2373046875 0.09375 0.05859375
0 0.9326171875 0.29296875 0.1298828125 0.0732421875
0 0.908203125 0.2275390625 0.06640625 0.068359375
0 0.8798828125 0.330078125 0.0625 0.052734375
0 0.4482421875 0.060546875 0.130859375 0.060546875
0 0.14453125 0.0439453125 0.083984375 0.0439453125
0 0.03125 0.09375 0.03125 0.08203125
0 0.9794921875 0.1611328125 0.1513671875 0.130859375
0 0.9990234375 0.4736328125 0.0927734375 0.0947265625
0 1.0 0.8564453125 0.0771484375 0.072265625
0 0.673828125 0.4951171875 0.0615234375 0.056640625
0 0.14453125 0.9560546875 0.1181640625 0.0927734375
0 0.548828125 0.3017578125 0.048828125 0.048828125
