0 0.181640625 0.3037109375 0.1650390625 0.0830078125
0 0.08984375 0.1767578125 0.08984375 0.1767578125
0 0.2265625 0.1533203125 0.0751953125 0.08984375
0 0.30859375 0.216796875 0.0703125 0.0712890625
0 0.46484375 0.0517578125 0.103515625 0.0517578125
0 0.5537109375 0.3837890625 0.115234375 0.1044921875
0 0.5126953125 0.234375 0.0556640625 0.0908203125
0 0.7109375 0.078125 0.0927734375 0.078125
0 0.8671875 0.1533203125 0.0654296875 0.0732421875
0 0.70703125 0.578125 0.1328125 0.142578125
0 0.474609375 0.5478515625 0.0830078125 0.1142578125
0 0.337890625 0.580078125 0.0732421875 0.07421875
0 0.109375 0.5458984375 0.0966796875 0.0966796875
0 0.1591796875 0.4072265625 0.1025390625 0.0986328125
0 0.0419921875 0.9033203125 0.0419921875 0.0810546875
0 0.35546875 0.984375 0.0849609375 0.0966796875
0 0.2744140625 0.841796875 0.0673828125 0.0556640625
0 0.466796875 0.7900390625 0.0849609375 0.146484375
0 0.578125 0.7685546875 0.109375 0.1748046875
0 0.7763671875 0.6953125 0.103515625 0.1279296875
0 0.9208984375 0.697265625 0.1025390625 0.08203125
0 0.7626953125 0.875 0.0791015625 0.0791015625
0 0.6630859375 0.837890625 0.11328125 0.087890625
0 0.6142578125 1.0 0.087890625 0.0908203125
0 0.71484375 0.98046875 0.0595703125 0.0595703125
0 0.9052734375 0.9970703125 0.0947265625 0.115234375
0 1.0 0.0478515625 0.064453125 0.0478515625
0 1.0 0.4384765625 0.0947265625 0.0927734375
0 0.9970703125 0.2763671875 0.1162109375 0.099609375
0 1.0 0.5419921875 0.01953125 0.1015625
0 1.0 0.8671875 0.056640625 0.0810546875
0 0.98828125 0.9404296875 0.0810546875 0.0986328125
0 0.154296875 1.0 0.0908203125 0.06640625
0 0.1708984375 0.5654296875 0.08984375 0.0703125
