0 0.869140625 0.556640625 0.20703125 0.2216796875
0 0.1640625 0.7392578125 0.1552734375 0.1103515625
0 0.509765625 0.845703125 0.177734375 0.1591796875
0 1.0 0.9970703125 0.1171875 0.0859375
0 0.23046875 0.3955078125 0.2294921875 0.14453125
0 0.654296875 0.4521484375 0.201171875 0.166015625
0 0.9833984375 0.1201171875 0.263671875 0.1181640625
0 0.654296875 0.9140625 0.1845703125 0.1123046875
0 1.0 0.3466796875 0.17578125 0.1142578125
0 1.0 0.669921875 0.1552734375 0.107421875
0 0.208984375 0.9130859375 0.1044921875 0.09375
0 0.1455078125 0.0693359375 0.0810546875 0.0673828125
0 0.9931640625 0.9482421875 0.1171875 0.1083984375
