0 0.9697265625 0.0458984375 0.0947265625 0.0458984375
0 0.0849609375 0.931640625 0.0849609375 0.1005859375
0 0.3330078125 0.29296875 0.1103515625 0.1298828125
0 0.6533203125 0.8798828125 0.087890625 0.0625
0 0.77734375 0.5791015625 0.12109375 0.115234375
0 0.1845703125 0.7841796875 0.099609375 0.109375
0 0.3505859375 0.4267578125 0.1337890625 0.07421875
0 0.9150390625 0.3466796875 0.1064453125 0.1474609375
0 0.5478515625 0.0986328125 0.208984375 0.0986328125
0 0.603515625 0.6494140625 0.1025390625 0.103515625
0 0.61328125 0.4853515625 0.1005859375 0.1572265625
0 0.1142578125 0.302734375 0.080078125 0.103515625
0 0.8203125 0.4853515625 0.09765625 0.1259765625
0 0.451171875 0.291015625 0.1669921875 0.1767578125
0 0.5185546875 0.3505859375 0.140625 0.09765625
0 0.8037109375 0.3173828125 0.09375 0.1435546875
0 0.6201171875 0.9873046875 0.16796875 0.0595703125
0 0.62109375 0.958984375 0.0986328125 0.076171875
