0 0.076171875 0.216796875 0.076171875 0.1533203125
0 0.1005859375 0.1005859375 0.1005859375 0.1005859375
0 0.478515625 0.044921875 0.115234375 0.044921875
0 0.5322265625 0.1103515625 0.060546875 0.0673828125
0 0.3173828125 0.1123046875 0.111328125 0.064453125
0 0.2001953125 0.2275390625 0.068359375 0.15625
0 0.3017578125 0.26171875 0.0869140625 0.1708984375
0 0.44140625 0.2099609375 0.0703125 0.06640625
0 0.443359375 0.3466796875 0.0693359375 0.078125
0 0.3681640625 0.3662109375 0.0673828125 0.0771484375
0 0.2236328125 0.53515625 0.142578125 0.07421875
0 0.2705078125 0.5224609375 0.06640625 0.1025390625
0 0.50390625 0.5791015625 0.1357421875 0.0712890625
0 0.423828125 0.662109375 0.10546875 0.080078125
0 0.07421875 0.712890625 0.0703125 0.06640625
0 0.0908203125 0.810546875 0.0908203125 0.0703125
0 0.1611328125 0.880859375 0.09375 0.1494140625
0 0.103515625 0.9755859375 0.103515625 0.07421875
0 0.2197265625 0.9970703125 0.0732421875 0.0771484375
0 0.5703125 0.99609375 0.083984375 0.0888671875
0 0.6875 1.0 0.0458984375 0.064453125
0 0.734375 0.947265625 0.0615234375 0.05078125
0 0.6826171875 0.9091796875 0.0693359375 0.076171875
0 0.44140625 0.765625 0.06640625 0.0634765625
0 0.6630859375 0.7138671875 0.13671875 0.0810546875
0 0.8837890625 0.6123046875 0.0732421875 0.0703125
0 0.947265625 0.7421875 0.0712890625 0.072265625
0 0.955078125 0.802734375 0.056640625 0.0634765625
0 1.0 0.7529296875 0.05859375 0.068359375
0 1.0 0.58984375 0.0673828125 0.1533203125
0 0.8544921875 0.49609375 0.0625 0.1220703125
0 0.7646484375 0.392578125 0.0634765625 0.1005859375
0 0.85546875 0.3857421875 0.060546875 0.138671875
0 0.9765625 0.3974609375 0.0849609375 0.0712890625
0 0.923828125 0.2763671875 0.0654296875 0.0703125
0 0.78125 0.26171875 0.0771484375 0.1103515625
0 0.56640625 0.208984375 0.0634765625 0.095703125
0 0.74609375 0.1494140625 0.0830078125 0.08203125
0 0.869140625 0.142578125 0.107421875 0.103515625
0 1.0 0.0341796875 0.0849609375 0.0341796875
0 0.7119140625 0.03125 0.0888671875 0.03125
