0 0.630859375 0.595703125 0.1796875 0.1181640625
0 0.3017578125 0.22265625 0.1650390625 0.0947265625
0 0.7216796875 0.4892578125 0.1630859375 0.1201171875
0 0.7724609375 0.2216796875 0.140625 0.0771484375
0 0.548828125 0.4873046875 0.1552734375 0.1318359375
0 1.0 1.0 0.2099609375 0.1142578125
0 0.8076171875 0.58203125 0.169921875 0.1181640625
0 0.6845703125 0.107421875 0.1455078125 0.107421875
0 0.64453125 0.072265625 0.1748046875 0.072265625
0 0.6103515625 0.4267578125 0.080078125 0.0771484375
0 0.98828125 0.208984375 0.1201171875 0.0859375
