0 0.75390625 0.3935546875 0.1025390625 0.0771484375
0 1.0 0.7685546875 0.0419921875 0.0888671875
0 0.2548828125 0.3486328125 0.091796875 0.123046875
0 0.6796875 0.9111328125 0.0849609375 0.0654296875
0 0.19921875 0.8193359375 0.087890625 0.1787109375
0 0.61328125 0.314453125 0.0654296875 0.0849609375
0 0.798828125 0.3388671875 0.0908203125 0.0908203125
0 0.0390625 0.2763671875 0.0390625 0.0908203125
0 0.1787109375 0.6533203125 0.1142578125 0.1162109375
0 1.0 0.9208984375 0.0732421875 0.0771484375
0 0.51171875 0.0673828125 0.0849609375 0.064453125
0 0.86328125 0.3798828125 0.0908203125 0.1142578125
0 0.5380859375 0.3564453125 0.1240234375 0.1171875
0 0.693359375 0.9892578125 0.271484375 0.0927734375
0 0.751953125 0.220703125 0.1162109375 0.1171875
0 0.6005859375 0.080078125 0.087890625 0.080078125
0 0.2578125 0.8251953125 0.111328125 0.197265625
0 0.560546875 0.166015625 0.103515625 0.087890625
0 0.978515625 0.3037109375 0.1005859375 0.080078125
0 0.443359375 0.271484375 0.0849609375 0.06640625
0 0.408203125 0.3642578125 0.0751953125 0.08984375
0 0.36328125 0.388671875 0.103515625 0.11328125
0 0.330078125 0.416015625 0.1162109375 0.0673828125
0 0.509765625 0.4638671875 0.0751953125 0.07421875
0 0.6220703125 0.4296875 0.0732421875 0.08984375
0 0.529296875 0.5693359375 0.0810546875 0.0849609375
0 0.5703125 0.6923828125 0.0703125 0.083984375
0 0.5859375 0.6142578125 0.052734375 0.07421875
0 0.6875 0.64453125 0.111328125 0.126953125
0 0.6328125 0.5146484375 0.056640625 0.044921875
0 0.6259765625 0.4912109375 0.1142578125 0.064453125
