0 0.4375 0.03515625 0.111328125 0.03515625
0 0.15625 0.05859375 0.154296875 0.05859375
0 0.8359375 0.041015625 0.056640625 0.041015625
0 0.787109375 0.080078125 0.05859375 0.080078125
0 0.9873046875 0.1044921875 0.0732421875 0.0771484375
0 0.974609375 0.9248046875 0.1201171875 0.0751953125
0 0.861328125 0.8818359375 0.1044921875 0.09765625
0 0.78125 0.9736328125 0.140625 0.048828125
0 0.71875 0.8994140625 0.119140625 0.0703125
0 0.73828125 0.7314453125 0.0986328125 0.064453125
0 0.669921875 0.744140625 0.1337890625 0.0751953125
0 0.6875 0.595703125 0.1455078125 0.076171875
0 0.7568359375 0.521484375 0.119140625 0.0654296875
0 0.8818359375 0.4033203125 0.1826171875 0.072265625
0 0.80859375 0.3212890625 0.07421875 0.0849609375
0 0.873046875 0.1962890625 0.1552734375 0.109375
0 0.9462890625 0.2041015625 0.1298828125 0.0693359375
0 0.642578125 0.26953125 0.146484375 0.0732421875
0 0.6435546875 0.3564453125 0.2119140625 0.056640625
0 0.4794921875 0.3759765625 0.1162109375 0.091796875
0 0.4921875 0.19921875 0.1796875 0.0546875
0 0.48046875 0.259765625 0.1396484375 0.08203125
0 0.279296875 0.1787109375 0.1318359375 0.0634765625
0 0.169921875 0.2548828125 0.1484375 0.1015625
0 0.29296875 0.4033203125 0.17578125 0.099609375
0 0.3095703125 0.5068359375 0.1181640625 0.091796875
0 0.5146484375 0.5166015625 0.09375 0.080078125
0 0.51171875 0.56640625 0.142578125 0.0615234375
0 0.25 0.662109375 0.1171875 0.0830078125
0 0.287109375 0.7119140625 0.1552734375 0.0498046875
0 0.4248046875 0.796875 0.1328125 0.1162109375
0 0.4970703125 0.751953125 0.1533203125 0.0673828125
0 0.2421875 0.8447265625 0.095703125 0.095703125
0 0.1416015625 0.65625 0.1416015625 0.0849609375
0 0.072265625 0.7744140625 0.072265625 0.0830078125
0 0.1943359375 1.0 0.1787109375 0.0380859375
0 0.13671875 0.4453125 0.12109375 0.0615234375
0 0.0849609375 0.427734375 0.0849609375 0.0830078125
0 0.08203125 0.107421875 0.08203125 0.08984375
0 0.9990234375 0.662109375 0.041015625 0.05859375
0 0.568359375 0.826171875 0.0322265625 0.0419921875
0 0.6484375 0.5400390625 0.064453125 0.083984375
