0 0.396484375 0.9951171875 0.1728515625 0.1640625
0 0.5517578125 1.0 0.1162109375 0.15234375
0 0.611328125 0.890625 0.0986328125 0.0869140625
0 0.744140625 0.3154296875 0.275390625 0.083984375
0 0.052734375 0.2841796875 0.052734375 0.103515625
0 0.037109375 0.099609375 0.037109375 0.099609375
0 0.52734375 0.7998046875 0.24609375 0.15625
0 0.9228515625 0.7568359375 0.1025390625 0.0732421875
0 0.3837890625 0.6728515625 0.087890625 0.099609375
0 0.65234375 0.68359375 0.0732421875 0.087890625
0 0.021484375 0.8564453125 0.021484375 0.0791015625
0 0.28125 0.662109375 0.1103515625 0.076171875
0 0.3916015625 0.3779296875 0.1181640625 0.1298828125
0 0.99609375 0.462890625 0.1787109375 0.0849609375
0 0.9921875 1.0 0.0791015625 0.0166015625
0 0.26171875 0.234375 0.10546875 0.0947265625
0 0.59375 1.0 0.173828125 0.046875
0 0.134765625 1.0 0.07421875 0.0380859375
0 0.71875 0.8271484375 0.0888671875 0.1015625
0 0.0732421875 0.5087890625 0.0556640625 0.060546875
0 0.140625 0.546875 0.0673828125 0.0439453125
0 0.12890625 0.6630859375 0.0556640625 0.0693359375
0 0.2734375 0.5849609375 0.0888671875 0.087890625
0 0.41796875 0.5712890625 0.06640625 0.0595703125
0 0.4716796875 0.521484375 0.0712890625 0.0595703125
0 0.4541015625 0.44921875 0.1103515625 0.07421875
0 0.54296875 0.4541015625 0.0966796875 0.0810546875
0 0.3359375 0.455078125 0.0576171875 0.064453125
0 0.06640625 0.421875 0.048828125 0.0703125
0 0.1533203125 0.4521484375 0.0859375 0.0810546875
0 0.2041015625 0.359375 0.107421875 0.0927734375
0 0.1083984375 0.29296875 0.056640625 0.0634765625
0 0.1533203125 0.2236328125 0.1416015625 0.08203125
0 0.3798828125 0.1396484375 0.083984375 0.1064453125
0 0.283203125 0.2724609375 0.0927734375 0.0615234375
0 0.9365234375 0.244140625 0.1025390625 0.0654296875
0 0.7939453125 0.23046875 0.123046875 0.0751953125
0 0.6376953125 0.1484375 0.09765625 0.0703125
0 0.833984375 0.052734375 0.1796875 0.052734375
0 0.849609375 0.12890625 0.2099609375 0.0830078125
0 1.0 0.181640625 0.0595703125 0.06640625
0 0.9404296875 0.333984375 0.1884765625 0.0751953125
0 1.0 0.3515625 0.091796875 0.08984375
0 0.6396484375 0.1923828125 0.095703125 0.0576171875
0 0.2568359375 0.1357421875 0.0791015625 0.087890625
0 0.845703125 0.3876953125 0.12109375 0.17578125
