0 0.7880859375 0.0751953125 0.0859375 0.0751953125
0 0.802734375 0.1298828125 0.0859375 0.0771484375
0 0.9140625 0.2021484375 0.0791015625 0.0810546875
0 0.9931640625 0.3193359375 0.109375 0.107421875
0 0.9658203125 0.4140625 0.0771484375 0.0703125
0 0.87890625 0.47265625 0.1123046875 0.0712890625
0 1.0 0.490234375 0.0546875 0.0849609375
0 0.658203125 0.3623046875 0.06640625 0.064453125
0 0.681640625 0.40234375 0.0693359375 0.0576171875
0 0.662109375 0.4921875 0.0771484375 0.10546875
0 0.607421875 0.4931640625 0.1220703125 0.1220703125
0 0.4453125 0.515625 0.0771484375 0.09375
0 0.4375 0.3173828125 0.1572265625 0.060546875
0 0.2978515625 0.2822265625 0.0859375 0.109375
0 0.1962890625 0.388671875 0.1044921875 0.0673828125
0 0.203125 0.484375 0.087890625 0.095703125
0 0.0419921875 0.5771484375 0.0419921875 0.095703125
0 0.189453125 0.7734375 0.052734375 0.0927734375
0 0.2626953125 0.828125 0.0693359375 0.1240234375
0 0.47265625 0.9697265625 0.064453125 0.064453125
0 0.4248046875 1.0 0.056640625 0.048828125
0 0.7392578125 1.0 0.0517578125 0.0458984375
0 0.6513671875 1.0 0.056640625 0.0400390625
0 0.990234375 0.8291015625 0.0673828125 0.076171875
0 0.8232421875 0.5986328125 0.1005859375 0.0732421875
0 0.662109375 0.2587890625 0.0478515625 0.072265625
0 0.85546875 0.85546875 0.0634765625 0.04296875
0 0.2021484375 0.02734375 0.091796875 0.02734375
0 0.537109375 0.2734375 0.1220703125 0.158203125
0 0.552734375 0.29296875 0.0625 0.0908203125
0 0.447265625 0.287109375 0.0927734375 0.08203125
0 0.3642578125 0.5625 0.0322265625 0.0390625
