0 0.7802734375 1.0 0.0703125 0.044921875
0 0.654296875 0.896484375 0.056640625 0.0478515625
0 0.6162109375 0.8974609375 0.0478515625 0.0390625
0 0.720703125 0.8671875 0.04296875 0.0390625
0 0.7109375 0.9326171875 0.0732421875 0.0693359375
0 0.7607421875 0.95703125 0.056640625 0.0771484375
0 0.73046875 0.8271484375 0.068359375 0.0439453125
0 0.78125 0.8076171875 0.0478515625 0.0625
0 0.5986328125 0.7705078125 0.046875 0.0576171875
0 0.7451171875 0.6669921875 0.0517578125 0.10546875
0 0.5859375 0.50390625 0.0693359375 0.0771484375
0 0.8056640625 0.498046875 0.052734375 0.0498046875
0 0.9072265625 0.6318359375 0.0625 0.060546875
0 0.869140625 0.6904296875 0.048828125 0.0576171875
0 0.9443359375 0.4521484375 0.0859375 0.0537109375
0 0.962890625 0.4658203125 0.041015625 0.0615234375
0 0.9736328125 0.39453125 0.150390625 0.04296875
0 0.8564453125 0.419921875 0.072265625 0.0517578125
0 0.7333984375 0.431640625 0.0546875 0.0517578125
0 0.8310546875 0.3798828125 0.0546875 0.0732421875
0 0.8701171875 0.3515625 0.072265625 0.09375
0 0.9150390625 0.3271484375 0.044921875 0.125
0 0.9609375 0.3388671875 0.0556640625 0.0615234375
0 0.9697265625 0.220703125 0.0546875 0.099609375
0 1.0 0.2255859375 0.037109375 0.0615234375
0 0.8349609375 0.1982421875 0.060546875 0.08203125
0 0.8486328125 0.2373046875 0.06640625 0.046875
0 0.71875 0.2607421875 0.0625 0.0517578125
0 0.6572265625 0.2568359375 0.05078125 0.068359375
0 0.537109375 0.3828125 0.041015625 0.037109375
0 0.625 0.3955078125 0.0625 0.0625
0 0.6669921875 0.34375 0.0830078125 0.076171875
0 0.6435546875 0.3779296875 0.0361328125 0.05859375
0 0.6171875 0.2509765625 0.0703125 0.0654296875
0 0.619140625 0.20703125 0.095703125 0.0712890625
0 0.638671875 0.1904296875 0.05859375 0.0751953125
0 0.451171875 0.2529296875 0.072265625 0.0771484375
0 0.404296875 0.197265625 0.0595703125 0.1025390625
0 0.431640625 0.35546875 0.0830078125 0.0615234375
0 0.3828125 0.384765625 0.0693359375 0.0927734375
0 0.357421875 0.3056640625 0.05078125 0.048828125
0 0.3154296875 0.345703125 0.048828125 0.0595703125
0 0.2158203125 0.376953125 0.0380859375 0.048828125
0 0.20703125 0.33203125 0.0576171875 0.0625
0 0.2119140625 0.3056640625 0.0771484375 0.0712890625
0 0.2724609375 0.244140625 0.06640625 0.08203125
0 0.3564453125 0.2197265625 0.0634765625 0.09765625
0 0.2783203125 0.1162109375 0.1162109375 0.046875
0 0.8505859375 1.0 0.07421875 0.0302734375
0 0.9619140625 1.0 0.060546875 0.0361328125
0 0.8896484375 0.955078125 0.056640625 0.0439453125
0 0.845703125 0.9736328125 0.0751953125 0.0546875
0 0.7958984375 0.8916015625 0.037109375 0.0478515625
0 0.81640625 0.857421875 0.029296875 0.0263671875
0 0.88671875 0.8779296875 0.0595703125 0.046875
0 1.0 0.9814453125 0.04296875 0.0888671875
0 0.91015625 0.7998046875 0.0517578125 0.0537109375
0 0.984375 0.7900390625 0.0576171875 0.0703125
0 0.75 0.8984375 0.04296875 0.0537109375
0 0.3154296875 0.42578125 0.05859375 0.052734375
0 0.2568359375 0.4384765625 0.0751953125 0.0595703125
0 0.1953125 0.43359375 0.052734375 0.0556640625
0 0.0576171875 0.318359375 0.0322265625 0.05859375
0 0.833984375 0.07421875 0.08984375 0.0732421875
0 0.0859375 0.654296875 0.0859375 0.0595703125
0 0.193359375 0.720703125 0.0673828125 0.078125
0 0.0673828125 0.8017578125 0.0673828125 0.0732421875
0 0.0439453125 0.8408203125 0.0439453125 0.04296875
0 0.240234375 0.869140625 0.0703125 0.0810546875
0 0.232421875 0.7685546875 0.046875 0.037109375
0 0.3681640625 0.73828125 0.052734375 0.1171875
0 0.037109375 0.189453125 0.037109375 0.064453125
0 0.25 0.1416015625 0.0458984375 0.0654296875
0 0.6357421875 0.0478515625 0.0654296875 0.0400390625
0 0.7568359375 0.0712890625 0.0595703125 0.0546875
0 0.7236328125 0.03515625 0.048828125 0.03515625
0 1.0 0.4609375 0.0673828125 0.1640625
