0 0.05859375 0.8984375 0.05859375 0.0537109375
0 0.2001953125 0.9853515625 0.0869140625 0.068359375
0 0.1328125 1.0 0.0732421875 0.0400390625
0 0.296875 0.962890625 0.0693359375 0.0751953125
0 0.3427734375 0.994140625 0.0546875 0.052734375
0 0.4423828125 0.927734375 0.064453125 0.0908203125
0 0.578125 1.0 0.0751953125 0.048828125
0 0.5673828125 0.8671875 0.1025390625 0.111328125
0 0.78125 0.9453125 0.08984375 0.0888671875
0 0.3095703125 0.8525390625 0.05078125 0.1181640625
0 0.2275390625 0.74609375 0.0595703125 0.0537109375
0 0.150390625 0.8076171875 0.064453125 0.0986328125
0 0.087890625 0.41015625 0.087890625 0.11328125
0 0.1845703125 0.533203125 0.0771484375 0.0771484375
0 0.2890625 0.490234375 0.0625 0.0595703125
0 0.236328125 0.4375 0.072265625 0.0947265625
0 0.322265625 0.642578125 0.0693359375 0.0810546875
0 0.2783203125 0.603515625 0.076171875 0.0771484375
0 0.47265625 0.6435546875 0.0859375 0.0537109375
0 0.4541015625 0.375 0.072265625 0.1240234375
0 0.48828125 0.2919921875 0.056640625 0.1279296875
0 0.396484375 0.3359375 0.0537109375 0.08984375
0 0.62890625 0.220703125 0.095703125 0.0703125
0 0.6884765625 0.2880859375 0.072265625 0.056640625
0 0.5712890625 0.4453125 0.05859375 0.07421875
0 0.779296875 0.529296875 0.099609375 0.0859375
0 0.81640625 0.39453125 0.146484375 0.1201171875
0 1.0 0.4052734375 0.083984375 0.12109375
0 1.0 0.640625 0.0634765625 0.0556640625
0 1.0 0.5556640625 0.048828125 0.0771484375
0 0.8330078125 0.724609375 0.052734375 0.0615234375
0 0.8037109375 0.7939453125 0.1328125 0.09765625
0 0.90625 0.939453125 0.0888671875 0.091796875
0 0.9833984375 0.955078125 0.0751953125 0.087890625
0 0.9248046875 1.0 0.12109375 0.044921875
0 0.3740234375 0.0869140625 0.0927734375 0.0615234375
0 0.478515625 0.140625 0.072265625 0.0712890625
0 0.5517578125 0.0771484375 0.0673828125 0.0654296875
0 0.8349609375 0.123046875 0.0576171875 0.109375
0 0.9267578125 0.23828125 0.0810546875 0.076171875
0 0.90625 0.0859375 0.0703125 0.080078125
0 0.181640625 0.244140625 0.0751953125 0.0634765625
0 0.064453125 0.087890625 0.064453125 0.0771484375
0 0.6611328125 0.9443359375 0.0673828125 0.0732421875
0 0.9296875 0.4990234375 0.0869140625 0.091796875
0 0.1015625 0.140625 0.080078125 0.09375
0 0.1591796875 0.0634765625 0.0419921875 0.0419921875
0 0.212890625 0.205078125 0.0380859375 0.0439453125
0 0.732421875 0.6806640625 0.0673828125 0.0615234375
0 0.8662109375 0.7529296875 0.1376953125 0.080078125
0 0.7099609375 0.806640625 0.07421875 0.06640625
0 0.541015625 0.3984375 0.0390625 0.0361328125
0 0.5888671875 0.5009765625 0.0400390625 0.0390625
0 0.5380859375 0.53125 0.0380859375 0.0458984375
0 0.328125 0.513671875 0.08203125 0.0419921875
0 0.0341796875 0.6171875 0.0341796875 0.08203125
0 0.865234375 0.5009765625 0.09375 0.04296875
0 0.875 0.43359375 0.07421875 0.06640625
0 0.7109375 0.142578125 0.087890625 0.0537109375
0 0.982421875 0.625 0.064453125 0.0703125
0 0.01953125 1.0 0.01953125 0.0400390625
0 0.01953125 0.9326171875 0.01953125 0.0439453125
0 0.3994140625 1.0 0.0634765625 0.0283203125
