0 0.0458984375 0.2109375 0.0458984375 0.1025390625
0 0.1103515625 0.3564453125 0.1103515625 0.08203125
0 0.033203125 0.4482421875 0.033203125 0.0556640625
0 0.015625 0.63671875 0.015625 0.0791015625
0 0.078125 0.603515625 0.0625 0.0634765625
0 0.13671875 0.5537109375 0.08203125 0.0498046875
0 0.22265625 0.4912109375 0.07421875 0.06640625
0 0.125 0.453125 0.0673828125 0.0625
0 0.267578125 0.455078125 0.0595703125 0.05859375
0 0.185546875 0.69140625 0.0595703125 0.0625
0 0.2529296875 0.619140625 0.09375 0.076171875
0 0.03515625 0.9404296875 0.03515625 0.0625
0 0.0673828125 0.921875 0.0439453125 0.0546875
0 0.1962890625 0.9150390625 0.1298828125 0.1064453125
0 0.349609375 0.9189453125 0.2001953125 0.095703125
0 0.2763671875 0.99609375 0.087890625 0.087890625
0 0.4677734375 0.984375 0.07421875 0.1064453125
0 0.5478515625 0.8583984375 0.1298828125 0.0869140625
0 0.3095703125 0.7998046875 0.0908203125 0.0712890625
0 0.4013671875 0.7509765625 0.0966796875 0.0595703125
0 0.4150390625 0.6484375 0.126953125 0.064453125
0 0.490234375 0.7021484375 0.1103515625 0.0791015625
0 0.69921875 0.8701171875 0.109375 0.1201171875
0 0.7412109375 0.955078125 0.1845703125 0.1123046875
0 0.7763671875 0.7412109375 0.1015625 0.1376953125
0 0.859375 0.7138671875 0.1005859375 0.078125
0 0.896484375 0.658203125 0.083984375 0.146484375
0 1.0 0.8447265625 0.072265625 0.162109375
0 0.9453125 1.0 0.1123046875 0.091796875
0 0.853515625 0.849609375 0.0888671875 0.0966796875
0 0.7509765625 0.556640625 0.1103515625 0.095703125
0 0.87109375 0.484375 0.1494140625 0.095703125
0 0.81640625 0.396484375 0.1240234375 0.0732421875
0 0.705078125 0.373046875 0.0693359375 0.056640625
0 0.6259765625 0.373046875 0.115234375 0.0771484375
0 0.5185546875 0.4033203125 0.1103515625 0.1396484375
0 0.33984375 0.4033203125 0.0751953125 0.0673828125
0 0.24609375 0.3134765625 0.0673828125 0.0517578125
0 0.2939453125 0.228515625 0.1396484375 0.119140625
0 0.3955078125 0.271484375 0.0546875 0.048828125
0 0.53125 0.248046875 0.080078125 0.0703125
0 0.59765625 0.29296875 0.0498046875 0.0556640625
0 0.80078125 0.291015625 0.05859375 0.0634765625
0 0.955078125 0.3427734375 0.1376953125 0.1552734375
0 1.0 0.2998046875 0.0712890625 0.0810546875
0 0.75 0.21875 0.0556640625 0.08984375
0 0.8125 0.177734375 0.072265625 0.068359375
0 0.6630859375 0.162109375 0.07421875 0.0712890625
0 0.677734375 0.0986328125 0.1015625 0.068359375
0 0.85546875 0.0869140625 0.1103515625 0.0712890625
0 0.494140625 0.17578125 0.076171875 0.119140625
0 0.1162109375 0.0576171875 0.1025390625 0.0576171875
0 0.580078125 0.767578125 0.0595703125 0.08203125
0 0.37109375 1.0 0.09765625 0.0830078125
