0 0.4970703125 0.6298828125 0.072265625 0.080078125
0 0.408203125 0.6591796875 0.0732421875 0.0693359375
0 0.6298828125 0.59375 0.0888671875 0.0703125
0 0.697265625 0.2236328125 0.0751953125 0.095703125
0 0.8818359375 0.6982421875 0.0439453125 0.0849609375
0 0.232421875 0.197265625 0.0546875 0.0986328125
0 0.62890625 0.6357421875 0.083984375 0.0673828125
0 0.5078125 0.5732421875 0.0908203125 0.1162109375
0 0.892578125 0.5263671875 0.044921875 0.109375
0 0.251953125 0.658203125 0.076171875 0.0732421875
0 0.265625 0.572265625 0.13671875 0.0859375
0 0.7060546875 0.533203125 0.07421875 0.0859375
0 0.9833984375 0.255859375 0.05859375 0.0830078125
0 0.03125 0.884765625 0.03125 0.0595703125
0 0.8115234375 0.25 0.044921875 0.138671875
0 0.79296875 0.544921875 0.0439453125 0.072265625
0 0.810546875 0.6171875 0.048828125 0.0693359375
0 0.138671875 0.541015625 0.08984375 0.1259765625
0 1.0 0.923828125 0.0537109375 0.07421875
0 0.2529296875 0.947265625 0.10546875 0.0546875
0 0.0302734375 0.2529296875 0.0302734375 0.087890625
0 0.6552734375 0.5830078125 0.0595703125 0.06640625
0 0.84375 0.8544921875 0.1015625 0.1298828125
0 0.357421875 0.5205078125 0.05078125 0.078125
0 0.9677734375 0.5390625 0.0498046875 0.1025390625
0 0.298828125 0.498046875 0.0400390625 0.083984375
0 0.42578125 1.0 0.025390625 0.0419921875
0 0.07421875 0.8330078125 0.0615234375 0.064453125
0 0.625 0.505859375 0.0615234375 0.0693359375
0 0.7470703125 0.1435546875 0.0439453125 0.1259765625
0 0.265625 1.0 0.08203125 0.044921875
0 0.3291015625 0.607421875 0.0439453125 0.0654296875
0 0.1171875 0.943359375 0.0673828125 0.03515625
0 0.396484375 0.4580078125 0.060546875 0.05078125
0 0.3583984375 0.5732421875 0.0419921875 0.05859375
0 0.64453125 0.26171875 0.0458984375 0.06640625
0 0.9287109375 0.068359375 0.04296875 0.0625
0 0.7822265625 0.658203125 0.0302734375 0.0498046875
0 0.51953125 0.7763671875 0.05859375 0.05078125
0 0.6669921875 0.7236328125 0.04296875 0.044921875
0 0.4892578125 0.0263671875 0.04296875 0.025390625
0 1.0 0.54296875 0.01953125 0.04296875
0 0.9580078125 1.0 0.0703125 0.046875
0 0.216796875 0.029296875 0.0498046875 0.0263671875
0 0.4580078125 0.30859375 0.0634765625 0.03515625
0 0.7265625 0.4423828125 0.048828125 0.048828125
