0 0.146484375 1.0 0.0703125 0.04296875
0 0.072265625 0.7939453125 0.072265625 0.068359375
0 0.2724609375 0.7802734375 0.056640625 0.08203125
0 0.216796875 0.6884765625 0.068359375 0.0859375
0 0.1357421875 0.611328125 0.06640625 0.06640625
0 0.15234375 0.671875 0.0576171875 0.0654296875
0 0.0556640625 0.259765625 0.0556640625 0.078125
0 0.1181640625 0.0595703125 0.0712890625 0.0537109375
0 0.2021484375 0.158203125 0.1044921875 0.115234375
0 0.2138671875 0.208984375 0.0712890625 0.0693359375
0 0.314453125 0.1943359375 0.083984375 0.072265625
0 0.3525390625 0.162109375 0.07421875 0.091796875
0 0.505859375 0.1259765625 0.09765625 0.0693359375
0 0.578125 0.1826171875 0.1162109375 0.0654296875
0 0.564453125 0.1064453125 0.068359375 0.0703125
0 0.8583984375 0.0517578125 0.0546875 0.0517578125
0 0.9912109375 0.0966796875 0.0703125 0.0771484375
0 0.95703125 0.21484375 0.0751953125 0.0703125
0 0.876953125 0.234375 0.0830078125 0.0888671875
0 0.7216796875 0.1748046875 0.0751953125 0.08203125
0 0.7822265625 0.171875 0.0712890625 0.080078125
0 0.751953125 0.2626953125 0.0966796875 0.0693359375
0 0.845703125 0.2939453125 0.087890625 0.06640625
0 0.8369140625 0.3623046875 0.0830078125 0.07421875
0 0.919921875 0.37109375 0.0859375 0.08203125
0 1.0 0.4404296875 0.0517578125 0.0986328125
0 0.34765625 0.34375 0.08984375 0.0830078125
0 0.5205078125 0.3955078125 0.080078125 0.0791015625
0 0.6982421875 0.361328125 0.083984375 0.0712890625
0 0.287109375 0.5205078125 0.0771484375 0.0732421875
0 0.3427734375 0.5048828125 0.0673828125 0.0810546875
0 0.419921875 0.5732421875 0.080078125 0.076171875
0 0.6015625 0.462890625 0.0732421875 0.0615234375
0 0.5986328125 0.5380859375 0.07421875 0.07421875
0 0.734375 0.51171875 0.0888671875 0.0654296875
0 0.806640625 0.5625 0.0712890625 0.1201171875
0 0.955078125 0.533203125 0.0927734375 0.091796875
0 0.97265625 0.615234375 0.0830078125 0.0595703125
0 0.9248046875 0.673828125 0.0849609375 0.078125
0 0.8515625 0.6865234375 0.091796875 0.0849609375
0 0.7705078125 0.7744140625 0.0654296875 0.0966796875
0 0.6796875 0.814453125 0.0712890625 0.076171875
0 0.4990234375 0.6875 0.095703125 0.0712890625
0 0.54296875 0.646484375 0.0810546875 0.0634765625
0 0.69921875 0.5791015625 0.0791015625 0.0654296875
0 0.7294921875 0.666015625 0.1181640625 0.091796875
0 1.0 0.8173828125 0.0390625 0.0869140625
0 0.6474609375 0.9169921875 0.091796875 0.076171875
0 0.5126953125 0.9443359375 0.0654296875 0.072265625
0 0.779296875 0.92578125 0.0869140625 0.0849609375
0 0.9130859375 0.978515625 0.1083984375 0.0751953125
0 0.734375 0.115234375 0.111328125 0.068359375
0 0.5048828125 0.07421875 0.0615234375 0.04296875
0 0.544921875 0.0556640625 0.0517578125 0.0556640625
0 0.658203125 0.5859375 0.091796875 0.0712890625
0 0.4482421875 0.6142578125 0.0625 0.064453125
0 0.615234375 0.9501953125 0.0517578125 0.0478515625
0 1.0 0.9384765625 0.0185546875 0.072265625
0 1.0 0.94921875 0.0615234375 0.078125
0 0.794921875 1.0 0.0615234375 0.02734375
0 0.666015625 0.990234375 0.0283203125 0.0283203125
0 0.73046875 1.0 0.07421875 0.0234375
0 0.296875 0.1083984375 0.05078125 0.052734375
