0 0.501953125 0.3701171875 0.078125 0.09765625
0 0.63671875 0.57421875 0.109375 0.064453125
0 0.603515625 0.552734375 0.1005859375 0.1181640625
0 0.4384765625 0.314453125 0.1708984375 0.0712890625
0 0.3984375 0.7744140625 0.0595703125 0.0703125
0 0.9228515625 0.9521484375 0.12109375 0.087890625
0 0.1728515625 0.7236328125 0.1728515625 0.1005859375
0 0.5400390625 0.5263671875 0.0556640625 0.05859375
0 0.4111328125 0.3740234375 0.072265625 0.0791015625
0 0.51953125 0.484375 0.1123046875 0.099609375
0 0.1064453125 0.33203125 0.0947265625 0.1201171875
0 0.259765625 0.513671875 0.0458984375 0.0380859375
0 0.0556640625 0.9228515625 0.052734375 0.0556640625
0 0.3759765625 0.7421875 0.17578125 0.1025390625
0 1.0 0.41796875 0.119140625 0.1025390625
0 0.615234375 0.1044921875 0.0908203125 0.103515625
0 0.6083984375 0.4228515625 0.0986328125 0.0791015625
0 0.5 0.20703125 0.060546875 0.076171875
0 0.4853515625 0.251953125 0.0625 0.048828125
0 0.5478515625 0.234375 0.0849609375 0.06640625
0 0.626953125 0.28125 0.107421875 0.09375
0 0.689453125 0.2939453125 0.09375 0.078125
0 0.6337890625 0.3310546875 0.1044921875 0.0927734375
0 0.47265625 0.84375 0.0458984375 0.0322265625
0 0.8564453125 0.8232421875 0.03125 0.0400390625
