0 0.0615234375 0.7353515625 0.0615234375 0.103515625
0 0.08203125 0.3583984375 0.0810546875 0.056640625
0 0.0693359375 0.3154296875 0.0556640625 0.0576171875
0 0.162109375 0.19140625 0.0712890625 0.0810546875
0 0.1689453125 0.1259765625 0.0693359375 0.123046875
0 0.072265625 0.0615234375 0.0546875 0.060546875
0 0.3203125 0.462890625 0.08984375 0.0634765625
0 0.3203125 0.171875 0.0615234375 0.080078125
0 0.41796875 0.1396484375 0.060546875 0.09375
0 0.193359375 0.4462890625 0.0615234375 0.0595703125
0 0.2705078125 0.2392578125 0.0615234375 0.0615234375
0 0.5712890625 0.197265625 0.0693359375 0.0712890625
0 0.69140625 0.298828125 0.0849609375 0.0732421875
0 0.3662109375 0.701171875 0.0830078125 0.0791015625
0 0.5205078125 0.724609375 0.078125 0.05859375
0 0.583984375 0.6796875 0.06640625 0.0849609375
0 0.6572265625 0.6953125 0.072265625 0.0615234375
0 0.650390625 0.826171875 0.06640625 0.0693359375
0 0.4619140625 0.806640625 0.091796875 0.060546875
0 0.40625 0.8720703125 0.0615234375 0.0732421875
0 0.5009765625 0.8876953125 0.0654296875 0.0888671875
0 0.7314453125 0.94921875 0.1064453125 0.07421875
0 0.8662109375 0.7294921875 0.076171875 0.078125
0 0.853515625 0.8623046875 0.0712890625 0.06640625
0 0.9248046875 0.529296875 0.05859375 0.0810546875
0 0.8818359375 0.44921875 0.072265625 0.0595703125
0 0.8251953125 0.4140625 0.0703125 0.07421875
0 0.9697265625 0.380859375 0.078125 0.0703125
0 1.0 0.244140625 0.0341796875 0.09375
0 0.9638671875 0.318359375 0.078125 0.0654296875
0 0.921875 0.20703125 0.0634765625 0.064453125
0 0.884765625 0.1318359375 0.0595703125 0.0849609375
0 0.9990234375 0.0673828125 0.0458984375 0.0673828125
0 0.9560546875 0.03515625 0.0556640625 0.03515625
0 1.0 0.6640625 0.0234375 0.0537109375
0 0.583984375 0.626953125 0.0546875 0.0703125
0 0.083984375 0.0234375 0.02734375 0.0234375
0 0.076171875 0.3857421875 0.0556640625 0.0498046875
0 0.2373046875 0.216796875 0.0595703125 0.0673828125
