0 0.9765625 0.58203125 0.119140625 0.1123046875
0 0.447265625 0.46484375 0.0830078125 0.0830078125
0 0.572265625 0.0947265625 0.09765625 0.080078125
0 0.5771484375 0.5849609375 0.080078125 0.078125
0 0.779296875 0.9970703125 0.099609375 0.1103515625
0 0.57421875 0.8349609375 0.13671875 0.1474609375
0 0.9296875 0.07421875 0.1298828125 0.07421875
0 0.83984375 0.8916015625 0.1103515625 0.1318359375
0 0.82421875 0.724609375 0.1201171875 0.0830078125
0 0.6591796875 0.689453125 0.109375 0.099609375
0 0.36328125 0.9990234375 0.087890625 0.08984375
0 0.466796875 0.2724609375 0.1044921875 0.123046875
0 0.6416015625 0.2666015625 0.0947265625 0.091796875
0 1.0 0.3974609375 0.068359375 0.130859375
0 0.9521484375 1.0 0.1005859375 0.064453125
0 1.0 0.189453125 0.1376953125 0.1044921875
0 0.8017578125 0.2822265625 0.091796875 0.087890625
0 0.9248046875 0.716796875 0.0751953125 0.0849609375
0 0.95703125 0.859375 0.0751953125 0.162109375
0 0.994140625 0.6943359375 0.08984375 0.080078125
0 0.9423828125 0.4541015625 0.1474609375 0.1298828125
0 0.9296875 0.322265625 0.1025390625 0.16796875
0 0.716796875 0.38671875 0.14453125 0.1171875
0 0.3720703125 0.2998046875 0.1103515625 0.1748046875
0 0.7734375 0.2216796875 0.0849609375 0.0732421875
0 0.9140625 0.607421875 0.0771484375 0.087890625
0 0.2841796875 1.0 0.080078125 0.068359375
0 0.529296875 1.0 0.080078125 0.076171875
0 0.8017578125 0.1552734375 0.109375 0.091796875
