0 0.1962890625 0.0400390625 0.0859375 0.0400390625
0 0.96484375 0.11328125 0.10546875 0.11328125
0 0.77734375 0.1103515625 0.0751953125 0.080078125
0 0.7158203125 0.1171875 0.095703125 0.0791015625
0 0.603515625 0.095703125 0.060546875 0.064453125
0 0.5078125 0.060546875 0.0654296875 0.060546875
0 0.32421875 0.18359375 0.08203125 0.09375
0 0.1591796875 0.28515625 0.091796875 0.076171875
0 0.228515625 0.3310546875 0.0791015625 0.072265625
0 0.109375 0.4375 0.0654296875 0.13671875
0 0.375 0.32421875 0.0712890625 0.0791015625
0 0.4248046875 0.3505859375 0.0498046875 0.0634765625
0 0.56640625 0.2451171875 0.134765625 0.0595703125
0 0.498046875 0.19921875 0.0556640625 0.0458984375
0 0.6923828125 0.369140625 0.0634765625 0.0732421875
0 0.748046875 0.599609375 0.10546875 0.228515625
0 0.642578125 0.5537109375 0.06640625 0.1181640625
0 0.56640625 0.6005859375 0.09375 0.1298828125
0 0.849609375 0.267578125 0.1533203125 0.099609375
0 0.9755859375 0.2333984375 0.0625 0.0576171875
0 1.0 0.3203125 0.0712890625 0.1025390625
0 0.984375 0.4287109375 0.0859375 0.0791015625
0 1.0 0.6357421875 0.0771484375 0.08984375
0 0.9462890625 0.765625 0.0498046875 0.064453125
0 0.7607421875 0.8193359375 0.064453125 0.068359375
0 0.6171875 0.69921875 0.07421875 0.1025390625
0 0.6064453125 0.7978515625 0.072265625 0.107421875
0 0.48828125 0.8173828125 0.0830078125 0.0859375
0 0.359375 0.7373046875 0.0625 0.06640625
0 0.3564453125 0.662109375 0.12890625 0.2841796875
0 0.2587890625 0.5380859375 0.1630859375 0.0673828125
0 0.0888671875 0.68359375 0.0888671875 0.1748046875
0 0.18359375 0.8330078125 0.0810546875 0.1748046875
0 0.2685546875 0.84765625 0.0625 0.109375
0 0.533203125 0.91015625 0.2138671875 0.0947265625
0 0.375 0.974609375 0.087890625 0.052734375
0 0.125 0.99609375 0.072265625 0.037109375
0 0.0546875 0.994140625 0.0546875 0.044921875
0 0.603515625 1.0 0.154296875 0.068359375
0 0.7939453125 1.0 0.0654296875 0.046875
0 0.9716796875 0.9326171875 0.0966796875 0.0625
0 0.9892578125 1.0 0.0771484375 0.0439453125
0 0.8359375 0.615234375 0.07421875 0.05859375
0 0.4580078125 0.5732421875 0.07421875 0.0986328125
0 0.185546875 0.3994140625 0.0595703125 0.056640625
