0 0.1103515625 0.9501953125 0.10546875 0.091796875
0 0.2568359375 0.9619140625 0.142578125 0.0869140625
0 0.5068359375 1.0 0.10546875 0.1845703125
0 0.6357421875 1.0 0.0966796875 0.0537109375
0 0.6005859375 0.8037109375 0.1044921875 0.169921875
0 0.4189453125 0.6904296875 0.099609375 0.0986328125
0 0.3623046875 0.7900390625 0.099609375 0.1416015625
0 0.224609375 0.68359375 0.072265625 0.0791015625
0 0.1572265625 0.611328125 0.1279296875 0.0908203125
0 0.1142578125 0.4443359375 0.0849609375 0.0947265625
0 0.037109375 0.3193359375 0.037109375 0.087890625
0 0.0546875 0.2001953125 0.0546875 0.087890625
0 0.248046875 0.1982421875 0.1337890625 0.0810546875
0 0.1640625 0.3359375 0.099609375 0.1064453125
0 0.3125 0.3896484375 0.1123046875 0.095703125
0 0.3671875 0.240234375 0.0732421875 0.087890625
0 0.6298828125 0.279296875 0.123046875 0.099609375
0 0.8017578125 0.2734375 0.16015625 0.123046875
0 0.7041015625 0.1728515625 0.0771484375 0.0751953125
0 0.724609375 0.087890625 0.2578125 0.087890625
0 0.9267578125 0.24609375 0.1533203125 0.1025390625
0 1.0 0.421875 0.1064453125 0.115234375
0 0.9169921875 0.5048828125 0.1484375 0.1083984375
0 0.5859375 0.5068359375 0.083984375 0.083984375
0 0.9521484375 0.7060546875 0.16015625 0.1015625
0 0.6201171875 0.8544921875 0.1064453125 0.07421875
