0 0.7275390625 0.66015625 0.1044921875 0.0625
0 0.6943359375 0.216796875 0.0947265625 0.0673828125
0 0.318359375 0.560546875 0.1123046875 0.125
0 0.5341796875 0.5791015625 0.072265625 0.091796875
0 0.89453125 0.2119140625 0.0947265625 0.0673828125
0 0.3896484375 0.056640625 0.0673828125 0.056640625
0 0.3291015625 0.2919921875 0.0615234375 0.0654296875
0 0.669921875 0.869140625 0.078125 0.0673828125
0 1.0 0.4296875 0.0498046875 0.0576171875
0 0.6494140625 0.056640625 0.134765625 0.056640625
0 0.525390625 0.9365234375 0.126953125 0.126953125
0 0.5517578125 0.7666015625 0.154296875 0.1650390625
0 0.294921875 0.1494140625 0.0830078125 0.0703125
0 0.412109375 0.1875 0.0771484375 0.0908203125
0 0.52734375 0.3017578125 0.0556640625 0.1220703125
0 0.0830078125 0.3173828125 0.0830078125 0.052734375
0 0.001953125 1.0 0.001953125 0.060546875
0 0.4248046875 0.779296875 0.0927734375 0.08203125
0 1.0 0.2568359375 0.05078125 0.052734375
0 0.384765625 0.6416015625 0.060546875 0.072265625
0 0.4794921875 0.3017578125 0.052734375 0.1142578125
0 0.3681640625 0.2685546875 0.0498046875 0.056640625
