0 0.8876953125 0.3994140625 0.0712890625 0.068359375
0 0.443359375 0.2158203125 0.078125 0.08984375
0 0.7236328125 0.337890625 0.0537109375 0.080078125
0 0.8427734375 0.224609375 0.072265625 0.1005859375
0 0.92578125 0.3076171875 0.041015625 0.1015625
0 0.1728515625 0.19140625 0.119140625 0.1025390625
0 0.78125 0.8994140625 0.0830078125 0.0869140625
0 0.8828125 0.572265625 0.0693359375 0.10546875
0 0.787109375 0.201171875 0.0615234375 0.083984375
0 1.0 0.662109375 0.052734375 0.048828125
0 0.2060546875 0.08984375 0.087890625 0.060546875
0 0.3515625 0.4814453125 0.087890625 0.0595703125
0 0.5576171875 0.884765625 0.0751953125 0.1201171875
0 0.4541015625 0.5478515625 0.0908203125 0.0634765625
0 0.2392578125 0.5966796875 0.130859375 0.0615234375
0 0.2177734375 0.4541015625 0.0986328125 0.0458984375
0 0.72265625 0.6220703125 0.044921875 0.0810546875
0 0.244140625 0.80078125 0.095703125 0.068359375
0 0.6455078125 0.3251953125 0.095703125 0.0439453125
0 0.81640625 0.8994140625 0.0673828125 0.0703125
0 0.9208984375 0.0693359375 0.0400390625 0.05078125
0 0.4150390625 0.259765625 0.0849609375 0.0419921875
0 0.1083984375 0.373046875 0.0849609375 0.0478515625
0 0.74609375 0.0205078125 0.037109375 0.0205078125
0 0.1982421875 0.619140625 0.1201171875 0.0771484375
0 0.5107421875 0.392578125 0.056640625 0.0595703125
0 0.96875 0.5546875 0.1171875 0.0732421875
0 0.6650390625 0.935546875 0.080078125 0.1025390625
0 0.9169921875 0.7890625 0.0625 0.0615234375
0 0.5791015625 0.544921875 0.0712890625 0.06640625
0 0.8876953125 0.8017578125 0.05859375 0.04296875
0 0.798828125 0.9248046875 0.146484375 0.0439453125
0 0.9794921875 0.4638671875 0.046875 0.083984375
0 0.8212890625 0.66796875 0.048828125 0.060546875
0 0.09765625 0.4052734375 0.0712890625 0.0322265625
0 0.84765625 0.052734375 0.0693359375 0.052734375
0 0.2333984375 0.94921875 0.0947265625 0.0517578125
0 0.73046875 0.7724609375 0.052734375 0.0458984375
0 0.3818359375 0.6826171875 0.0703125 0.052734375
0 0.7744140625 0.6943359375 0.1064453125 0.0537109375
0 0.154296875 0.9482421875 0.154296875 0.0703125
0 0.2978515625 0.345703125 0.125 0.052734375
0 0.5849609375 0.7021484375 0.12109375 0.0556640625
0 0.623046875 0.83984375 0.07421875 0.0517578125
0 0.0849609375 0.6064453125 0.0849609375 0.0458984375
0 0.986328125 0.9189453125 0.0712890625 0.04296875
0 0.45703125 0.7255859375 0.1171875 0.052734375
0 0.7060546875 0.8759765625 0.0576171875 0.046875
0 0.14453125 0.548828125 0.05078125 0.0693359375
0 0.216796875 0.3115234375 0.091796875 0.0458984375
0 0.20703125 0.9873046875 0.072265625 0.052734375
0 0.6982421875 0.0380859375 0.064453125 0.037109375
0 1.0 0.201171875 0.0283203125 0.0537109375
0 0.06640625 0.7060546875 0.06640625 0.0400390625
0 0.0498046875 0.6435546875 0.0498046875 0.03515625
0 0.5126953125 0.892578125 0.0400390625 0.044921875
0 0.994140625 0.537109375 0.06640625 0.0458984375
0 0.013671875 0.212890625 0.013671875 0.068359375
0 0.0322265625 0.33203125 0.03125 0.05078125
