0 0.3310546875 0.1533203125 0.064453125 0.0966796875
0 0.2998046875 0.7158203125 0.05078125 0.0869140625
0 0.4873046875 0.998046875 0.05859375 0.072265625
0 0.4208984375 0.31640625 0.1201171875 0.087890625
0 0.109375 0.412109375 0.109375 0.09765625
0 0.8271484375 0.2060546875 0.0556640625 0.0771484375
0 0.29296875 0.171875 0.1064453125 0.107421875
0 0.79296875 0.08984375 0.05859375 0.08984375
0 0.322265625 0.46484375 0.11328125 0.1015625
0 0.787109375 0.3251953125 0.064453125 0.064453125
0 0.095703125 0.123046875 0.0830078125 0.0458984375
0 0.53125 0.12109375 0.08203125 0.1025390625
0 0.173828125 0.6416015625 0.140625 0.0966796875
0 0.556640625 0.234375 0.0556640625 0.064453125
0 0.951171875 0.3037109375 0.0400390625 0.068359375
0 0.9423828125 0.7724609375 0.060546875 0.0673828125
0 0.5712890625 0.486328125 0.0849609375 0.076171875
0 0.7705078125 0.2578125 0.052734375 0.087890625
0 0.0703125 0.6220703125 0.0703125 0.083984375
0 0.9951171875 0.369140625 0.044921875 0.10546875
0 0.607421875 0.591796875 0.087890625 0.0380859375
0 0.1171875 0.1884765625 0.109375 0.080078125
0 0.2177734375 0.16796875 0.0927734375 0.0927734375
0 0.1005859375 0.8125 0.078125 0.0361328125
0 1.0 0.783203125 0.0654296875 0.0546875
0 0.1064453125 0.9609375 0.056640625 0.0791015625
0 0.7236328125 0.6435546875 0.068359375 0.0498046875
0 0.91015625 0.0810546875 0.0576171875 0.064453125
0 0.83984375 0.638671875 0.064453125 0.05078125
0 0.1572265625 0.4951171875 0.078125 0.0517578125
0 0.6533203125 0.4296875 0.0849609375 0.0751953125
0 0.833984375 0.115234375 0.0439453125 0.1142578125
0 0.4921875 0.892578125 0.078125 0.064453125
0 0.7724609375 0.1064453125 0.05859375 0.056640625
0 0.57421875 0.810546875 0.087890625 0.0986328125
0 0.1259765625 0.9306640625 0.111328125 0.0908203125
0 1.0 0.56640625 0.0498046875 0.05859375
0 0.392578125 0.84375 0.0625 0.05078125
0 0.1318359375 0.044921875 0.0478515625 0.044921875
0 0.3818359375 0.08203125 0.0703125 0.0322265625
0 0.43583984375 0.5736328125 0.11826171875000002 0.05527343750000002
0 0.8125 0.705078125 0.099609375 0.0390625
0 0.7646484375 0.505859375 0.06640625 0.0888671875
0 0.3408203125 0.9765625 0.087890625 0.0341796875
0 0.9619140625 0.400390625 0.0810546875 0.064453125
0 0.443359375 0.7646484375 0.033203125 0.087890625
0 0.048828125 0.6611328125 0.041015625 0.0751953125
0 1.0 0.4912109375 0.0712890625 0.078125
0 0.69921875 0.482421875 0.1005859375 0.0283203125
0 0.0625 0.06640625 0.0615234375 0.021484375
0 0.0869140625 0.19921875 0.0869140625 0.04296875
0 0.98046875 0.59375 0.0947265625 0.0478515625
0 0.28515625 0.2119140625 0.0732421875 0.0859375
0 0.30078125 0.59375 0.0673828125 0.05078125
0 0.9072265625 0.6484375 0.0673828125 0.041015625
0 0.376953125 0.4794921875 0.064453125 0.07421875
0 0.193359375 0.8115234375 0.103515625 0.05078125
0 0.2470703125 0.9697265625 0.0859375 0.0166015625
0 0.9736328125 0.919921875 0.0625 0.046875
0 0.03125 1.0 0.03125 0.0341796875
0 0.8115234375 0.5419921875 0.037109375 0.0478515625
0 0.5634765625 0.6240234375 0.060546875 0.0556640625
0 0.9638671875 0.3115234375 0.0390625 0.0703125
0 0.6650390625 0.0166015625 0.037109375 0.0166015625
0 0.1982421875 0.94140625 0.0693359375 0.0361328125
0 0.037109375 0.4404296875 0.037109375 0.064453125
0 0.1005859375 0.775390625 0.072265625 0.0625
