0 0.224609375 0.072265625 0.080078125 0.072265625
0 0.142578125 0.125 0.0732421875 0.0693359375
0 0.12109375 0.3125 0.0869140625 0.0771484375
0 0.3017578125 0.279296875 0.0791015625 0.080078125
0 0.1279296875 0.498046875 0.068359375 0.0791015625
0 0.0966796875 0.5888671875 0.09375 0.0693359375
0 0.298828125 0.4814453125 0.0634765625 0.083984375
0 0.302734375 0.5556640625 0.0830078125 0.078125
0 0.44921875 0.4326171875 0.109375 0.060546875
0 0.6064453125 0.4228515625 0.1005859375 0.0771484375
0 0.6220703125 0.521484375 0.0830078125 0.0712890625
0 0.6123046875 0.6240234375 0.0849609375 0.0791015625
0 0.34375 0.732421875 0.056640625 0.0615234375
0 0.2099609375 0.763671875 0.09375 0.072265625
0 0.091796875 0.91015625 0.0576171875 0.115234375
0 0.126953125 0.9609375 0.0615234375 0.103515625
0 0.1806640625 1.0 0.1240234375 0.068359375
0 0.0615234375 1.0 0.0595703125 0.03125
0 0.47265625 0.96875 0.150390625 0.103515625
0 0.4296875 0.9873046875 0.091796875 0.181640625
0 0.4833984375 0.7998046875 0.08984375 0.076171875
0 0.3876953125 0.8232421875 0.08984375 0.056640625
0 0.775390625 0.76171875 0.0966796875 0.1005859375
0 0.7314453125 0.70703125 0.0908203125 0.1181640625
0 0.669921875 0.923828125 0.072265625 0.0693359375
0 0.63671875 0.9990234375 0.06640625 0.078125
0 0.8974609375 0.9990234375 0.1005859375 0.0703125
0 0.7265625 0.37109375 0.0693359375 0.1337890625
0 0.6015625 0.212890625 0.0693359375 0.06640625
0 0.853515625 0.2119140625 0.064453125 0.0634765625
0 0.47265625 0.1103515625 0.0625 0.078125
0 0.5654296875 0.0751953125 0.0771484375 0.0712890625
0 0.6513671875 0.08984375 0.095703125 0.0712890625
0 1.0 0.21875 0.08984375 0.0791015625
0 0.9931640625 0.2890625 0.0654296875 0.0732421875
0 0.939453125 0.369140625 0.0751953125 0.0849609375
0 1.0 0.46484375 0.044921875 0.0927734375
0 0.9052734375 0.5087890625 0.0546875 0.0830078125
0 0.95703125 0.4755859375 0.064453125 0.0625
0 0.875 0.654296875 0.1005859375 0.1005859375
0 0.966796875 0.083984375 0.0712890625 0.083984375
0 0.8193359375 0.9794921875 0.078125 0.091796875
0 0.625 0.2578125 0.0654296875 0.0537109375
0 0.515625 0.8291015625 0.0693359375 0.0712890625
0 0.107421875 0.8330078125 0.1064453125 0.0654296875
0 0.248046875 0.7197265625 0.076171875 0.0576171875
0 0.462890625 0.5400390625 0.0693359375 0.0703125
0 0.7783203125 0.59375 0.0634765625 0.0439453125
0 0.7158203125 0.6318359375 0.068359375 0.0634765625
0 0.5732421875 0.751953125 0.0458984375 0.041015625
0 1.0 0.072265625 0.0498046875 0.060546875
0 0.7744140625 0.0244140625 0.056640625 0.0244140625
0 0.8369140625 0.15625 0.0732421875 0.0537109375
0 0.740234375 0.9697265625 0.0439453125 0.048828125
