0 0.19921875 0.2685546875 0.080078125 0.0810546875
0 0.921875 0.13671875 0.1123046875 0.126953125
0 0.5390625 0.38671875 0.056640625 0.046875
0 0.8740234375 0.6328125 0.0888671875 0.0830078125
0 0.7568359375 0.2265625 0.0849609375 0.0771484375
0 0.6318359375 0.3671875 0.0751953125 0.0849609375
0 0.1474609375 0.8671875 0.1005859375 0.1025390625
0 0.0849609375 0.8125 0.0625 0.0478515625
0 0.69921875 0.107421875 0.1201171875 0.10546875
0 0.720703125 0.5107421875 0.0703125 0.0673828125
0 0.744140625 0.95703125 0.0947265625 0.0849609375
0 0.8193359375 0.091796875 0.09765625 0.0849609375
0 0.7744140625 0.8896484375 0.0703125 0.0830078125
0 0.6669921875 0.7470703125 0.1044921875 0.0986328125
0 0.7119140625 0.7685546875 0.0517578125 0.048828125
0 0.3564453125 0.060546875 0.0947265625 0.060546875
0 0.8193359375 0.7451171875 0.0595703125 0.037109375
0 0.7373046875 0.7001953125 0.05078125 0.0400390625
