0 0.48046875 0.0283203125 0.08984375 0.0283203125
0 0.4091796875 0.173828125 0.0615234375 0.0634765625
0 0.74609375 0.046875 0.056640625 0.046875
0 0.8408203125 0.2197265625 0.07421875 0.0615234375
0 1.0 0.0810546875 0.1005859375 0.080078125
0 0.974609375 0.9775390625 0.0673828125 0.05078125
0 0.9951171875 0.7041015625 0.0732421875 0.0947265625
0 1.0 0.60546875 0.048828125 0.0615234375
0 0.849609375 0.353515625 0.087890625 0.0927734375
0 0.7578125 0.4140625 0.0654296875 0.06640625
0 0.8271484375 0.4501953125 0.0693359375 0.0634765625
0 0.6982421875 0.51171875 0.0673828125 0.0546875
0 0.5888671875 0.4384765625 0.068359375 0.0625
0 0.41015625 0.3720703125 0.0712890625 0.0771484375
0 0.2958984375 0.3427734375 0.087890625 0.0595703125
0 0.322265625 0.4560546875 0.056640625 0.052734375
0 0.400390625 0.572265625 0.0771484375 0.06640625
0 0.1455078125 0.4111328125 0.068359375 0.0634765625
0 0.2158203125 0.4453125 0.0673828125 0.0595703125
0 0.3662109375 0.8408203125 0.099609375 0.068359375
0 0.3564453125 0.8955078125 0.064453125 0.0556640625
0 0.306640625 0.91796875 0.0703125 0.0654296875
0 0.5380859375 0.912109375 0.0732421875 0.0634765625
0 0.455078125 1.0 0.08984375 0.0634765625
0 0.1826171875 1.0 0.0703125 0.0302734375
0 0.26953125 1.0 0.0625 0.0546875
0 0.21484375 0.9833984375 0.0546875 0.056640625
0 0.44140625 0.3271484375 0.06640625 0.05859375
0 0.4541015625 0.466796875 0.044921875 0.0390625
