0 0.8994140625 0.3798828125 0.115234375 0.078125
0 0.5537109375 0.3291015625 0.1201171875 0.1123046875
0 0.7880859375 0.73046875 0.1181640625 0.193359375
0 0.947265625 0.232421875 0.1474609375 0.0703125
0 0.4306640625 0.2021484375 0.1005859375 0.0830078125
0 0.7724609375 0.8466796875 0.1103515625 0.07421875
0 0.779296875 0.0322265625 0.197265625 0.0322265625
0 0.8974609375 0.107421875 0.1728515625 0.0693359375
0 0.681640625 0.3671875 0.0869140625 0.0673828125
0 0.869140625 0.537109375 0.119140625 0.0771484375
0 0.806640625 0.2822265625 0.08203125 0.0751953125
0 0.853515625 0.05859375 0.107421875 0.0576171875
0 0.9140625 0.7998046875 0.171875 0.0732421875
0 0.9482421875 0.6142578125 0.181640625 0.0615234375
0 0.814453125 0.484375 0.150390625 0.0546875
0 0.6259765625 0.9990234375 0.076171875 0.1083984375
0 0.9765625 0.7001953125 0.1396484375 0.11328125
0 0.63671875 0.42578125 0.0625 0.0380859375
0 0.625 0.9072265625 0.0908203125 0.0703125
0 1.0 0.8095703125 0.125 0.099609375
0 0.9609375 0.564453125 0.12890625 0.0517578125
0 0.7421875 0.5244140625 0.087890625 0.0673828125
0 1.0 0.509765625 0.095703125 0.1005859375
0 1.0 0.314453125 0.0703125 0.0751953125
0 1.0 0.38671875 0.0751953125 0.07421875
0 1.0 0.1533203125 0.1171875 0.064453125
0 0.80078125 1.0 0.1220703125 0.0517578125
0 1.0 0.58203125 0.0478515625 0.0625
