0 0.5166015625 1.0 0.109375 0.052734375
0 0.6416015625 1.0 0.0849609375 0.052734375
0 0.4716796875 0.6572265625 0.099609375 0.0927734375
0 0.6220703125 0.5947265625 0.087890625 0.1201171875
0 0.5244140625 0.19921875 0.0703125 0.064453125
0 0.1923828125 0.494140625 0.09765625 0.0947265625
0 0.6298828125 0.14453125 0.08203125 0.09765625
0 0.7470703125 0.4619140625 0.134765625 0.1103515625
0 0.4638671875 0.357421875 0.0869140625 0.11328125
0 0.4375 0.8720703125 0.115234375 0.0849609375
0 0.4267578125 0.5546875 0.0947265625 0.072265625
0 0.25 0.3720703125 0.09765625 0.1376953125
0 0.83203125 0.857421875 0.1201171875 0.0576171875
0 0.5068359375 0.0947265625 0.0771484375 0.078125
0 0.845703125 0.787109375 0.1396484375 0.08203125
0 0.45703125 0.0517578125 0.0927734375 0.0498046875
0 0.4755859375 0.3271484375 0.0390625 0.0703125
0 0.046875 0.7744140625 0.044921875 0.1103515625
0 0.8447265625 0.689453125 0.087890625 0.0751953125
0 0.037109375 0.35546875 0.037109375 0.1015625
