0 0.275390625 0.4541015625 0.1015625 0.0615234375
0 0.119140625 0.47265625 0.0947265625 0.083984375
0 0.76953125 0.482421875 0.099609375 0.064453125
0 0.0986328125 0.751953125 0.0986328125 0.0537109375
0 0.1689453125 0.3876953125 0.1015625 0.080078125
0 0.091796875 0.5 0.091796875 0.0546875
0 1.0 0.1767578125 0.0458984375 0.0556640625
0 0.544921875 0.8330078125 0.1123046875 0.0712890625
0 0.78515625 0.162109375 0.0986328125 0.1025390625
0 0.998046875 0.4755859375 0.1181640625 0.0458984375
0 0.9609375 0.9970703125 0.0830078125 0.05078125
0 1.0 0.08203125 0.0908203125 0.0810546875
0 0.7646484375 0.4248046875 0.1494140625 0.076171875
0 0.9970703125 0.6201171875 0.1064453125 0.0556640625
0 0.5947265625 0.455078125 0.1640625 0.0498046875
0 0.28515625 0.8271484375 0.1845703125 0.0771484375
0 0.8544921875 0.908203125 0.1279296875 0.0498046875
0 0.68359375 0.1455078125 0.1298828125 0.0751953125
0 0.7763671875 0.6298828125 0.1123046875 0.076171875
0 0.296875 0.099609375 0.146484375 0.0908203125
0 0.44921875 0.5810546875 0.11328125 0.0361328125
0 0.8544921875 0.876953125 0.0693359375 0.05078125
0 0.83984375 0.9931640625 0.1025390625 0.0703125
0 0.2060546875 0.1357421875 0.1669921875 0.09765625
0 0.5830078125 0.7763671875 0.154296875 0.1025390625
0 0.6884765625 0.0673828125 0.0703125 0.0576171875
0 0.8046875 0.2451171875 0.1455078125 0.0966796875
0 0.322265625 0.3759765625 0.08984375 0.0498046875
0 0.6943359375 0.96484375 0.0830078125 0.0302734375
0 0.5947265625 0.6083984375 0.125 0.0400390625
0 0.1259765625 0.669921875 0.1259765625 0.04296875
0 0.873046875 0.1796875 0.1142578125 0.0263671875
0 0.4130859375 0.453125 0.15625 0.0732421875
0 0.5322265625 0.5400390625 0.15625 0.0283203125
0 0.5380859375 0.86328125 0.1201171875 0.0546875
0 0.728515625 0.6640625 0.12890625 0.033203125
0 0.5927734375 0.939453125 0.1328125 0.033203125
0 0.931640625 0.3740234375 0.1787109375 0.037109375
0 0.943359375 0.5595703125 0.1533203125 0.0517578125
0 0.7958984375 1.0 0.1025390625 0.048828125
0 0.9453125 0.7900390625 0.1005859375 0.0751953125
0 0.2236328125 0.2265625 0.150390625 0.0498046875
0 0.3974609375 0.630859375 0.1669921875 0.04296875
0 0.380859375 0.923828125 0.15625 0.0458984375
0 0.2744140625 0.1943359375 0.0673828125 0.03515625
0 0.9990234375 0.7744140625 0.0888671875 0.029296875
0 0.85546875 0.8125 0.146484375 0.03125
0 1.0 0.64453125 0.052734375 0.037109375
0 0.1396484375 0.154296875 0.1396484375 0.03515625
0 0.498046875 0.833984375 0.1142578125 0.041015625
0 0.7841796875 0.2578125 0.1640625 0.0390625
0 0.08984375 0.2099609375 0.0888671875 0.06640625
0 0.080078125 0.232421875 0.0791015625 0.02734375
0 1.0 0.8623046875 0.0908203125 0.0341796875
0 0.90234375 0.845703125 0.080078125 0.05078125
0 0.7666015625 0.033203125 0.0634765625 0.0166015625
0 0.4169921875 0.06640625 0.126953125 0.0322265625
0 0.1826171875 0.5849609375 0.1806640625 0.041015625
0 0.5107421875 0.2783203125 0.197265625 0.0595703125
0 0.2548828125 0.28125 0.154296875 0.044921875
0 0.841796875 0.1552734375 0.0859375 0.0927734375
0 0.9990234375 0.5888671875 0.109375 0.0380859375
0 0.8974609375 0.3388671875 0.078125 0.0322265625
0 0.3857421875 0.3955078125 0.126953125 0.033203125
0 0.4306640625 0.3232421875 0.1767578125 0.0400390625
0 0.2646484375 0.2236328125 0.14453125 0.06640625
0 0.4609375 0.2607421875 0.1416015625 0.0732421875
0 0.5703125 0.27734375 0.208984375 0.080078125
0 0.5947265625 1.0 0.1279296875 0.0673828125
0 0.1357421875 0.552734375 0.1357421875 0.03515625
0 0.05859375 0.787109375 0.05859375 0.037109375
0 0.31640625 0.0244140625 0.126953125 0.0244140625
