0 0.1025390625 0.7099609375 0.0810546875 0.0791015625
0 0.71484375 0.4794921875 0.08984375 0.1025390625
0 0.0546875 0.4521484375 0.0546875 0.0810546875
0 0.8046875 0.6767578125 0.0849609375 0.0849609375
0 0.0947265625 0.599609375 0.080078125 0.0947265625
0 0.2021484375 0.2392578125 0.068359375 0.0654296875
0 0.6591796875 1.0 0.0673828125 0.0625
0 0.0869140625 0.2890625 0.0673828125 0.1171875
0 0.998046875 0.216796875 0.0634765625 0.072265625
0 0.794921875 0.3095703125 0.0830078125 0.072265625
0 0.9091796875 0.4091796875 0.08203125 0.1142578125
0 0.83984375 0.5107421875 0.0849609375 0.0849609375
0 1.0 0.6474609375 0.0703125 0.1025390625
0 0.1123046875 0.9443359375 0.0810546875 0.0693359375
0 0.904296875 0.671875 0.0693359375 0.0869140625
0 0.7421875 0.94921875 0.1279296875 0.0771484375
0 0.5830078125 0.4521484375 0.08203125 0.1279296875
0 1.0 0.931640625 0.052734375 0.0625
0 0.671875 0.7373046875 0.072265625 0.115234375
0 0.7099609375 0.82421875 0.0908203125 0.125
0 0.9580078125 0.5546875 0.1005859375 0.0712890625
0 0.8994140625 0.884765625 0.09765625 0.08984375
0 0.662109375 0.5947265625 0.0751953125 0.078125
0 0.556640625 0.669921875 0.07421875 0.10546875
0 0.931640625 0.232421875 0.0849609375 0.123046875
0 0.57421875 0.7119140625 0.072265625 0.08984375
0 0.8896484375 0.994140625 0.0849609375 0.0693359375
0 0.8818359375 0.3017578125 0.0771484375 0.109375
0 0.6435546875 0.1435546875 0.052734375 0.12890625
0 0.8896484375 0.9443359375 0.08984375 0.0751953125
0 0.3330078125 0.837890625 0.068359375 0.0830078125
0 0.2626953125 0.650390625 0.06640625 0.087890625
0 0.341796875 0.4716796875 0.0712890625 0.111328125
0 0.267578125 0.361328125 0.0732421875 0.0927734375
0 0.4794921875 0.9482421875 0.0654296875 0.0791015625
0 0.5126953125 0.27734375 0.0625 0.08984375
0 0.8203125 0.73828125 0.06640625 0.0625
0 1.0 0.98046875 0.064453125 0.0556640625
0 0.033203125 0.2919921875 0.033203125 0.09765625
