0 0.2255859375 0.396484375 0.0849609375 0.0693359375
0 0.4482421875 0.466796875 0.111328125 0.0693359375
0 0.6044921875 0.4375 0.0751953125 0.0537109375
0 0.8525390625 0.4453125 0.0986328125 0.078125
0 0.947265625 0.4658203125 0.0751953125 0.072265625
0 0.927734375 0.2744140625 0.1259765625 0.0693359375
0 0.7431640625 0.3564453125 0.0654296875 0.0751953125
0 0.69921875 0.4677734375 0.0673828125 0.05859375
0 0.7841796875 0.58984375 0.0947265625 0.08203125
0 0.7890625 0.5244140625 0.1181640625 0.109375
0 0.87109375 0.6552734375 0.1416015625 0.0947265625
0 0.697265625 0.734375 0.10546875 0.07421875
0 0.744140625 0.845703125 0.087890625 0.05859375
0 0.9619140625 0.9697265625 0.1181640625 0.0859375
0 0.587890625 0.740234375 0.0615234375 0.0869140625
0 0.6337890625 0.6357421875 0.0615234375 0.060546875
0 0.5322265625 0.59765625 0.0791015625 0.0869140625
0 0.466796875 0.66015625 0.0732421875 0.06640625
0 0.4619140625 0.7265625 0.07421875 0.05859375
0 0.3349609375 0.7109375 0.0703125 0.0537109375
0 0.3876953125 0.7998046875 0.07421875 0.0927734375
0 0.5654296875 0.8271484375 0.1015625 0.076171875
0 0.65234375 0.8505859375 0.072265625 0.0634765625
0 0.677734375 0.927734375 0.0732421875 0.0712890625
0 0.6083984375 0.9619140625 0.0791015625 0.0498046875
0 0.947265625 0.7138671875 0.080078125 0.072265625
0 0.3798828125 1.0 0.0908203125 0.0634765625
0 0.34375 0.9482421875 0.1025390625 0.072265625
0 0.28515625 0.8779296875 0.08984375 0.0712890625
0 0.123046875 0.53515625 0.060546875 0.0712890625
0 0.1806640625 0.546875 0.076171875 0.0810546875
0 0.2470703125 0.55859375 0.05078125 0.0673828125
0 0.11328125 0.5859375 0.0712890625 0.0546875
0 0.0947265625 0.626953125 0.078125 0.05859375
0 0.140625 0.44921875 0.07421875 0.0712890625
0 0.2001953125 0.2158203125 0.0869140625 0.0634765625
0 0.1044921875 0.048828125 0.0751953125 0.048828125
0 0.453125 0.1064453125 0.078125 0.0732421875
0 0.4560546875 0.28515625 0.072265625 0.0556640625
0 0.572265625 0.224609375 0.1298828125 0.052734375
0 0.5146484375 0.15625 0.076171875 0.0791015625
0 0.728515625 0.046875 0.134765625 0.046875
0 1.0 0.1767578125 0.0654296875 0.072265625
0 0.83984375 0.21484375 0.08203125 0.064453125
0 0.513671875 0.9296875 0.0625 0.060546875
0 0.0869140625 0.373046875 0.0654296875 0.052734375
0 0.310546875 0.84765625 0.0400390625 0.05859375
0 0.1025390625 0.712890625 0.078125 0.0634765625
