0 0.443359375 1.0 0.1181640625 0.02734375
0 0.2109375 0.9853515625 0.0693359375 0.0537109375
0 0.140625 0.951171875 0.087890625 0.0693359375
0 0.556640625 0.9228515625 0.0625 0.0869140625
0 0.4775390625 0.8720703125 0.0556640625 0.0595703125
0 0.7998046875 0.8994140625 0.138671875 0.0615234375
0 0.8876953125 0.8486328125 0.11328125 0.0595703125
0 0.931640625 0.751953125 0.1767578125 0.10546875
0 0.7841796875 0.8134765625 0.060546875 0.080078125
0 0.341796875 0.828125 0.091796875 0.0830078125
0 0.390625 0.7548828125 0.0595703125 0.09765625
0 0.2001953125 0.587890625 0.103515625 0.07421875
0 0.0498046875 0.6015625 0.0498046875 0.0830078125
0 0.2412109375 0.6884765625 0.09375 0.0771484375
0 0.130859375 0.8046875 0.1123046875 0.109375
0 0.3486328125 0.65234375 0.05859375 0.0712890625
0 0.435546875 0.6591796875 0.0556640625 0.0595703125
0 0.544921875 0.60546875 0.1123046875 0.0556640625
0 0.830078125 0.591796875 0.1806640625 0.0703125
0 0.423828125 0.4853515625 0.0693359375 0.060546875
0 0.5087890625 0.509765625 0.11328125 0.0576171875
0 0.390625 0.5517578125 0.060546875 0.052734375
0 0.2763671875 0.4873046875 0.0849609375 0.0703125
0 0.15625 0.455078125 0.068359375 0.0791015625
0 0.185546875 0.3837890625 0.0771484375 0.08984375
0 0.275390625 0.400390625 0.0732421875 0.125
0 0.724609375 0.3994140625 0.083984375 0.1083984375
0 0.69921875 0.517578125 0.0703125 0.068359375
0 0.8984375 0.513671875 0.1201171875 0.1123046875
0 0.1416015625 0.244140625 0.09765625 0.1337890625
0 0.31640625 0.1884765625 0.1005859375 0.15234375
0 0.44921875 0.255859375 0.1025390625 0.2080078125
0 0.541015625 0.240234375 0.1044921875 0.1611328125
0 0.5625 0.345703125 0.072265625 0.09765625
0 0.65625 0.3359375 0.0859375 0.1474609375
0 0.724609375 0.2900390625 0.07421875 0.115234375
0 0.7412109375 0.12890625 0.0771484375 0.1279296875
0 0.888671875 0.236328125 0.1044921875 0.166015625
0 1.0 0.20703125 0.11328125 0.1640625
0 0.9970703125 0.341796875 0.060546875 0.08984375
0 1.0 0.4658203125 0.083984375 0.0537109375
0 0.9755859375 0.6455078125 0.0732421875 0.0634765625
0 0.9482421875 0.5498046875 0.07421875 0.0712890625
0 0.6220703125 0.6689453125 0.072265625 0.052734375
0 0.275390625 0.599609375 0.0625 0.0654296875
0 0.4638671875 0.9169921875 0.0576171875 0.048828125
0 0.6640625 0.8603515625 0.0537109375 0.0517578125
0 0.66796875 0.9150390625 0.04296875 0.0595703125
0 0.451171875 0.5625 0.08203125 0.0576171875
0 0.447265625 0.4365234375 0.0830078125 0.0595703125
0 0.486328125 0.3779296875 0.07421875 0.060546875
0 0.1435546875 0.7451171875 0.0615234375 0.0849609375
0 0.744140625 0.4443359375 0.048828125 0.0625
0 0.87890625 0.5810546875 0.0654296875 0.037109375
0 0.9228515625 1.0 0.1005859375 0.0244140625
0 1.0 0.9130859375 0.017578125 0.0625
