0 0.2958984375 0.2978515625 0.103515625 0.064453125
0 0.328125 0.2197265625 0.0986328125 0.0810546875
0 0.453125 0.2119140625 0.0966796875 0.0634765625
0 0.33203125 0.173828125 0.08203125 0.1123046875
0 0.576171875 0.16015625 0.119140625 0.138671875
0 0.5751953125 0.2119140625 0.08984375 0.0703125
0 0.5224609375 0.3203125 0.0732421875 0.0947265625
0 0.6025390625 0.3603515625 0.060546875 0.05859375
0 0.673828125 0.3388671875 0.068359375 0.0771484375
0 0.791015625 0.33984375 0.076171875 0.0634765625
0 0.6962890625 0.2646484375 0.0517578125 0.0693359375
0 0.6484375 0.169921875 0.060546875 0.046875
0 0.76171875 0.1533203125 0.083984375 0.0732421875
0 0.900390625 0.0927734375 0.0673828125 0.0537109375
0 0.8642578125 0.181640625 0.0703125 0.0703125
0 0.7138671875 0.0712890625 0.05859375 0.0654296875
0 0.193359375 0.0517578125 0.0732421875 0.0517578125
0 0.1015625 0.09375 0.0869140625 0.09375
0 0.1845703125 0.1865234375 0.142578125 0.0732421875
0 0.2197265625 0.138671875 0.060546875 0.0615234375
0 0.255859375 0.21484375 0.06640625 0.0546875
0 0.3671875 0.4033203125 0.1044921875 0.0654296875
0 0.248046875 0.484375 0.099609375 0.0693359375
0 0.365234375 0.4658203125 0.0859375 0.0478515625
0 0.5224609375 0.5068359375 0.1044921875 0.0693359375
0 0.611328125 0.58984375 0.064453125 0.0546875
0 0.22265625 0.59765625 0.07421875 0.0498046875
0 0.076171875 0.513671875 0.076171875 0.1123046875
0 0.0576171875 0.203125 0.0576171875 0.0576171875
0 0.703125 0.56640625 0.09765625 0.109375
0 0.755859375 0.591796875 0.0556640625 0.0517578125
0 0.849609375 0.5244140625 0.0703125 0.109375
0 0.810546875 0.6640625 0.1533203125 0.072265625
0 0.697265625 0.689453125 0.0888671875 0.0908203125
0 0.1826171875 0.6962890625 0.162109375 0.087890625
0 0.2958984375 0.7431640625 0.111328125 0.052734375
0 0.416015625 0.7724609375 0.0595703125 0.1015625
0 0.4599609375 0.7705078125 0.0595703125 0.0693359375
0 0.34375 0.8056640625 0.091796875 0.06640625
0 0.3642578125 1.0 0.060546875 0.1787109375
0 0.41796875 0.9384765625 0.078125 0.0673828125
0 0.6162109375 0.8818359375 0.1572265625 0.0927734375
0 0.6494140625 0.8212890625 0.1064453125 0.083984375
0 0.9189453125 0.837890625 0.0703125 0.072265625
0 0.951171875 0.345703125 0.0654296875 0.0732421875
0 0.095703125 0.87109375 0.0791015625 0.0693359375
0 0.23046875 0.951171875 0.0595703125 0.087890625
0 0.1826171875 1.0 0.107421875 0.078125
0 0.7578125 0.9072265625 0.05859375 0.0888671875
0 0.78515625 0.9443359375 0.060546875 0.060546875
0 0.853515625 0.92578125 0.0498046875 0.0478515625
0 0.8798828125 0.9853515625 0.0849609375 0.0556640625
0 0.9267578125 0.4443359375 0.0634765625 0.0615234375
0 0.951171875 0.4013671875 0.064453125 0.0400390625
0 0.970703125 0.85546875 0.0634765625 0.0595703125
0 1.0 0.1455078125 0.080078125 0.05859375
0 0.853515625 0.611328125 0.0869140625 0.0634765625
0 0.638671875 0.921875 0.076171875 0.046875
0 0.298828125 0.94921875 0.0693359375 0.0810546875
0 0.0654296875 0.7294921875 0.0654296875 0.064453125
0 0.404296875 0.0859375 0.0615234375 0.076171875
0 0.2744140625 0.826171875 0.056640625 0.044921875
0 0.1455078125 0.84375 0.02734375 0.0517578125
0 0.689453125 0.7763671875 0.0458984375 0.0419921875
0 0.751953125 0.3037109375 0.05859375 0.056640625
