0 0.20703125 0.171875 0.0859375 0.087890625
0 0.1455078125 0.15625 0.05078125 0.0791015625
0 0.109375 0.1171875 0.0400390625 0.0673828125
0 0.27734375 0.2041015625 0.0673828125 0.0625
0 0.3037109375 0.2529296875 0.14453125 0.076171875
0 0.400390625 0.2509765625 0.0869140625 0.0517578125
0 0.3388671875 0.3037109375 0.0556640625 0.056640625
0 0.396484375 0.3203125 0.060546875 0.064453125
0 0.3671875 0.37890625 0.0869140625 0.041015625
0 0.4453125 0.361328125 0.0703125 0.07421875
0 0.5185546875 0.2939453125 0.0595703125 0.064453125
0 0.5068359375 0.2265625 0.0517578125 0.05078125
0 0.6611328125 0.2080078125 0.109375 0.05859375
0 0.7109375 0.3310546875 0.0849609375 0.068359375
0 0.8134765625 0.2177734375 0.06640625 0.080078125
0 0.7919921875 0.14453125 0.0908203125 0.0712890625
0 0.732421875 0.08984375 0.076171875 0.064453125
0 0.6787109375 0.1357421875 0.080078125 0.0888671875
0 0.8203125 0.33203125 0.068359375 0.076171875
0 0.873046875 0.3818359375 0.08984375 0.0673828125
0 0.7626953125 0.341796875 0.0595703125 0.0439453125
0 0.7255859375 0.3818359375 0.072265625 0.05859375
0 0.5146484375 0.0732421875 0.07421875 0.0517578125
0 0.4951171875 0.115234375 0.0693359375 0.05078125
0 0.4990234375 0.1826171875 0.0712890625 0.0615234375
0 0.734375 0.9990234375 0.0771484375 0.0419921875
0 0.1005859375 0.0732421875 0.09765625 0.05078125
0 0.142578125 0.2978515625 0.0712890625 0.0615234375
0 0.0908203125 0.37109375 0.068359375 0.0625
0 0.197265625 0.345703125 0.1142578125 0.056640625
0 0.26171875 0.4814453125 0.0654296875 0.1025390625
0 0.3974609375 0.455078125 0.0693359375 0.0498046875
0 0.4365234375 0.572265625 0.064453125 0.0830078125
0 0.36328125 0.6826171875 0.060546875 0.0625
0 0.17578125 0.5166015625 0.0732421875 0.04296875
0 0.203125 0.484375 0.0439453125 0.05859375
0 0.1455078125 0.591796875 0.072265625 0.0947265625
0 0.0693359375 0.642578125 0.0693359375 0.125
0 0.0986328125 0.6923828125 0.078125 0.046875
0 0.1552734375 0.6923828125 0.068359375 0.078125
0 0.3779296875 0.7333984375 0.1328125 0.0400390625
0 0.4677734375 0.6748046875 0.0458984375 0.0654296875
0 0.521484375 0.669921875 0.0517578125 0.0546875
0 0.6416015625 0.673828125 0.064453125 0.078125
0 0.7470703125 0.6416015625 0.0576171875 0.0654296875
0 0.86328125 0.67578125 0.060546875 0.0439453125
0 0.958984375 0.5537109375 0.0537109375 0.1083984375
0 1.0 0.5078125 0.02734375 0.103515625
0 0.9951171875 0.3681640625 0.0615234375 0.0791015625
0 0.9599609375 0.5732421875 0.16015625 0.1767578125
0 1.0 0.2041015625 0.0625 0.068359375
0 0.9775390625 0.177734375 0.0791015625 0.080078125
0 0.9677734375 0.1083984375 0.0556640625 0.0546875
0 0.9091796875 0.109375 0.052734375 0.0947265625
0 1.0 0.0400390625 0.0546875 0.0400390625
0 0.919921875 0.751953125 0.08203125 0.0546875
0 0.8017578125 0.693359375 0.046875 0.0732421875
0 0.841796875 0.744140625 0.0537109375 0.0546875
0 0.9130859375 0.7880859375 0.0771484375 0.04296875
0 0.8271484375 0.798828125 0.0732421875 0.048828125
0 0.9990234375 0.8974609375 0.095703125 0.0693359375
0 1.0 0.9375 0.076171875 0.0615234375
0 0.9033203125 0.97265625 0.076171875 0.103515625
0 0.916015625 0.9228515625 0.0517578125 0.0810546875
0 0.962890625 0.9921875 0.0791015625 0.0556640625
0 0.7744140625 0.9296875 0.1298828125 0.060546875
0 0.8388671875 0.9931640625 0.087890625 0.0625
0 0.7080078125 0.974609375 0.083984375 0.0478515625
0 0.578125 0.8984375 0.0458984375 0.056640625
0 0.673828125 0.765625 0.078125 0.0810546875
0 0.42578125 0.91796875 0.08984375 0.0693359375
0 0.3603515625 0.8291015625 0.0654296875 0.07421875
0 0.4296875 0.8291015625 0.0732421875 0.0439453125
0 0.423828125 0.787109375 0.07421875 0.0498046875
0 0.236328125 0.92578125 0.080078125 0.0546875
0 0.0361328125 0.8212890625 0.0361328125 0.046875
0 0.6513671875 0.453125 0.0537109375 0.05859375
0 0.3818359375 0.140625 0.0546875 0.078125
0 0.57421875 0.3837890625 0.0751953125 0.0283203125
0 0.298828125 0.0546875 0.0380859375 0.037109375
0 0.30859375 0.1845703125 0.05078125 0.05078125
0 0.1474609375 0.42578125 0.046875 0.0390625
0 0.1318359375 0.7197265625 0.0380859375 0.0302734375
0 0.5888671875 0.052734375 0.056640625 0.0419921875
0 0.611328125 0.9013671875 0.052734375 0.041015625
