0 0.0693359375 0.353515625 0.0693359375 0.080078125
0 0.173828125 0.109375 0.0888671875 0.0732421875
0 0.125 0.5732421875 0.083984375 0.0751953125
0 0.19921875 0.826171875 0.1064453125 0.0712890625
0 0.1591796875 0.71875 0.072265625 0.095703125
0 0.16796875 0.6298828125 0.0654296875 0.0546875
0 0.263671875 0.73828125 0.0751953125 0.0888671875
0 0.3193359375 0.8388671875 0.07421875 0.0634765625
0 0.267578125 0.8916015625 0.07421875 0.0654296875
0 0.2587890625 1.0 0.072265625 0.05859375
0 0.44921875 1.0 0.1083984375 0.0625
0 0.5693359375 0.9443359375 0.0595703125 0.06640625
0 0.603515625 0.828125 0.1201171875 0.078125
0 0.5791015625 0.7216796875 0.0888671875 0.1044921875
0 0.7548828125 0.708984375 0.06640625 0.0634765625
0 0.712890625 0.8876953125 0.087890625 0.07421875
0 0.4345703125 0.6552734375 0.1162109375 0.0703125
0 0.458984375 0.7841796875 0.0859375 0.078125
0 0.705078125 1.0 0.09765625 0.05078125
0 0.8349609375 0.962890625 0.0859375 0.0703125
0 0.9697265625 0.9169921875 0.0703125 0.0625
0 0.9072265625 0.8115234375 0.0751953125 0.0771484375
0 1.0 0.7783203125 0.0439453125 0.0693359375
0 0.8603515625 0.3994140625 0.0869140625 0.0693359375
0 0.6376953125 0.404296875 0.09765625 0.0771484375
0 0.92578125 0.2568359375 0.0751953125 0.08203125
0 0.7724609375 0.296875 0.0634765625 0.1279296875
0 0.66015625 0.1796875 0.083984375 0.0673828125
0 0.4130859375 0.326171875 0.11328125 0.140625
0 0.8369140625 0.0810546875 0.1337890625 0.080078125
0 0.5224609375 0.0986328125 0.076171875 0.076171875
0 0.3974609375 0.060546875 0.0693359375 0.0546875
0 0.255859375 0.5029296875 0.05859375 0.06640625
0 0.849609375 0.091796875 0.099609375 0.0537109375
0 0.7001953125 0.02734375 0.048828125 0.02734375
0 0.6142578125 0.02734375 0.05078125 0.02734375
0 0.298828125 0.017578125 0.0341796875 0.017578125
0 0.509765625 0.1494140625 0.048828125 0.0478515625
0 0.3583984375 0.1552734375 0.0458984375 0.048828125
0 0.19921875 0.150390625 0.046875 0.0400390625
0 0.0234375 0.890625 0.0234375 0.0517578125
0 0.1123046875 0.765625 0.0556640625 0.052734375
0 0.658203125 0.8486328125 0.0517578125 0.0615234375
0 0.998046875 0.8369140625 0.0283203125 0.0498046875
0 0.9990234375 0.9404296875 0.03515625 0.0712890625
0 0.2919921875 0.78515625 0.0537109375 0.0498046875
