0 0.5087890625 1.0 0.0703125 0.1005859375
0 0.3486328125 0.30078125 0.048828125 0.095703125
0 0.6826171875 0.6044921875 0.0458984375 0.08984375
0 0.3671875 0.9970703125 0.0732421875 0.0869140625
0 0.083984375 0.7900390625 0.0537109375 0.1162109375
0 0.78515625 0.1650390625 0.072265625 0.0791015625
0 0.4072265625 0.6591796875 0.0732421875 0.1240234375
0 0.796875 0.55859375 0.0771484375 0.103515625
0 0.4306640625 0.3984375 0.0634765625 0.11328125
0 0.3115234375 0.6591796875 0.0556640625 0.0859375
0 0.251953125 0.1845703125 0.0986328125 0.07421875
0 0.6083984375 0.2861328125 0.0419921875 0.1376953125
0 0.0234375 0.3916015625 0.0234375 0.0703125
0 0.6572265625 0.4052734375 0.060546875 0.09375
0 0.6826171875 0.8212890625 0.0380859375 0.056640625
0 0.5439453125 0.46875 0.0458984375 0.0869140625
0 0.087890625 0.654296875 0.046875 0.1171875
0 0.435546875 0.2265625 0.0625 0.1015625
0 0.3984375 0.5 0.083984375 0.1142578125
0 0.1435546875 0.7939453125 0.05078125 0.0673828125
0 0.3984375 0.7958984375 0.068359375 0.0751953125
0 0.5185546875 0.876953125 0.052734375 0.08984375
0 0.8798828125 0.2158203125 0.0419921875 0.1015625
0 0.775390625 0.2314453125 0.0732421875 0.0546875
0 0.0703125 0.1025390625 0.03125 0.0693359375
0 0.1875 0.1875 0.091796875 0.0791015625
0 0.703125 0.759765625 0.080078125 0.064453125
0 0.1630859375 0.2392578125 0.0419921875 0.076171875
0 0.599609375 0.421875 0.0361328125 0.1220703125
0 0.423828125 0.9033203125 0.056640625 0.05859375
0 0.9140625 0.146484375 0.0390625 0.14453125
0 0.482421875 0.3193359375 0.1005859375 0.1142578125
0 0.431640625 0.70703125 0.046875 0.099609375
0 0.0859375 0.3447265625 0.0478515625 0.0595703125
0 0.2431640625 0.7099609375 0.095703125 0.0947265625
0 0.677734375 0.9501953125 0.02734375 0.091796875
0 0.5 0.2919921875 0.044921875 0.103515625
0 0.759765625 0.078125 0.0517578125 0.0771484375
0 0.7724609375 0.4775390625 0.0498046875 0.08203125
0 0.1513671875 0.4716796875 0.04296875 0.0791015625
0 0.9501953125 0.3740234375 0.0283203125 0.0615234375
0 0.3935546875 0.763671875 0.046875 0.0791015625
0 0.9931640625 0.150390625 0.0556640625 0.150390625
0 0.6279296875 0.173828125 0.04296875 0.060546875
0 0.7724609375 0.7451171875 0.03515625 0.083984375
0 0.662109375 0.4599609375 0.0390625 0.060546875
0 0.7041015625 0.4794921875 0.048828125 0.0771484375
0 0.03125 1.0 0.03125 0.087890625
0 0.8037109375 1.0 0.033203125 0.0302734375
0 0.6630859375 1.0 0.0302734375 0.0830078125
0 0.896484375 0.8408203125 0.0625 0.0361328125
0 0.263671875 0.775390625 0.076171875 0.07421875
0 0.0419921875 0.2216796875 0.0419921875 0.0361328125
0 0.7275390625 0.310546875 0.0439453125 0.09765625
0 0.1689453125 0.947265625 0.04296875 0.041015625
0 0.4091796875 0.400390625 0.046875 0.10546875
0 0.595703125 1.0 0.072265625 0.021484375
0 0.7958984375 0.7548828125 0.0634765625 0.064453125
0 0.2646484375 0.5302734375 0.029296875 0.0283203125
0 0.3828125 0.2138671875 0.017578125 0.0458984375
0 0.3564453125 0.0458984375 0.0419921875 0.0458984375
0 0.12890625 0.0966796875 0.0458984375 0.07421875
0 0.1728515625 0.1083984375 0.0478515625 0.1044921875
0 0.2666015625 0.1123046875 0.080078125 0.0576171875
0 0.244140625 0.072265625 0.041015625 0.0703125
0 0.212890625 0.0830078125 0.052734375 0.0751953125
