0 0.205078125 0.3671875 0.083984375 0.05859375
0 0.1181640625 0.4287109375 0.056640625 0.0673828125
0 0.2373046875 0.4306640625 0.1123046875 0.072265625
0 0.26953125 0.4833984375 0.091796875 0.0517578125
0 0.27734375 0.259765625 0.0888671875 0.099609375
0 0.115234375 0.1611328125 0.0849609375 0.0673828125
0 0.17578125 0.125 0.083984375 0.0712890625
0 0.287109375 0.1103515625 0.0966796875 0.0625
0 0.1083984375 0.755859375 0.068359375 0.091796875
0 0.259765625 0.7392578125 0.0869140625 0.125
0 0.24609375 0.9013671875 0.076171875 0.1318359375
0 0.24609375 0.998046875 0.0654296875 0.095703125
0 0.1865234375 0.8701171875 0.0751953125 0.048828125
0 0.4638671875 0.830078125 0.0859375 0.076171875
0 0.6318359375 0.919921875 0.0498046875 0.052734375
0 0.794921875 0.8994140625 0.0859375 0.0693359375
0 0.7216796875 0.9853515625 0.0751953125 0.0908203125
0 0.98046875 0.962890625 0.09375 0.1103515625
0 0.986328125 0.8232421875 0.060546875 0.080078125
0 1.0 0.71875 0.06640625 0.0869140625
0 1.0 0.3818359375 0.068359375 0.1103515625
0 0.9453125 0.328125 0.12109375 0.0888671875
0 0.0263671875 0.9287109375 0.0263671875 0.064453125
0 0.09375 1.0 0.064453125 0.0361328125
0 0.3701171875 0.9638671875 0.087890625 0.0986328125
0 0.365234375 0.83203125 0.05859375 0.076171875
0 1.0 0.208984375 0.0771484375 0.1064453125
0 0.8759765625 0.1103515625 0.1171875 0.1103515625
0 0.02734375 0.052734375 0.02734375 0.052734375
0 0.181640625 0.5908203125 0.068359375 0.0751953125
0 0.56640625 0.533203125 0.0458984375 0.0634765625
0 0.8427734375 0.70703125 0.0673828125 0.0546875
0 0.8271484375 0.419921875 0.060546875 0.0439453125
