0 0.6728515625 0.595703125 0.1279296875 0.140625
0 0.1689453125 0.6591796875 0.1328125 0.0888671875
0 0.896484375 0.3955078125 0.1279296875 0.181640625
0 0.4482421875 0.771484375 0.166015625 0.1884765625
0 0.4287109375 0.333984375 0.185546875 0.07421875
0 0.8466796875 0.634765625 0.1826171875 0.068359375
0 0.2822265625 0.314453125 0.1201171875 0.1142578125
0 0.669921875 0.0546875 0.173828125 0.0546875
0 0.607421875 0.6708984375 0.150390625 0.076171875
0 0.4619140625 0.626953125 0.1630859375 0.1669921875
0 0.609375 0.24609375 0.1103515625 0.1630859375
0 0.90625 0.8994140625 0.1337890625 0.0966796875
0 0.279296875 0.455078125 0.150390625 0.130859375
0 0.3662109375 0.669921875 0.2041015625 0.1171875
0 0.7958984375 0.5419921875 0.0654296875 0.1318359375
0 0.6357421875 0.41015625 0.162109375 0.1337890625
0 0.486328125 1.0 0.1552734375 0.03515625
0 0.1611328125 0.1806640625 0.158203125 0.1005859375
0 0.7177734375 0.8486328125 0.181640625 0.119140625
0 0.7763671875 0.5498046875 0.1396484375 0.08203125
0 0.2744140625 0.5908203125 0.0888671875 0.083984375
0 0.1611328125 0.5634765625 0.0751953125 0.052734375
