0 0.3134765625 0.326171875 0.091796875 0.1708984375
0 0.4462890625 0.5390625 0.09765625 0.0986328125
0 0.5341796875 0.4140625 0.1005859375 0.06640625
0 0.515625 0.4013671875 0.162109375 0.1865234375
0 0.4306640625 0.3037109375 0.0947265625 0.08203125
0 0.2607421875 0.6533203125 0.0615234375 0.1240234375
0 0.2314453125 0.576171875 0.060546875 0.1171875
0 0.658203125 0.5390625 0.0732421875 0.1005859375
0 0.57421875 0.66015625 0.1064453125 0.1162109375
0 0.5419921875 0.6923828125 0.109375 0.0556640625
0 0.6728515625 0.6953125 0.095703125 0.072265625
0 0.5712890625 0.7685546875 0.0849609375 0.0634765625
0 0.7451171875 0.5341796875 0.0625 0.0888671875
0 0.818359375 0.576171875 0.072265625 0.111328125
0 0.9453125 0.50390625 0.1416015625 0.07421875
0 0.880859375 0.6298828125 0.0615234375 0.0791015625
0 0.76953125 0.677734375 0.0791015625 0.072265625
0 0.8466796875 0.6416015625 0.091796875 0.056640625
0 1.0 0.564453125 0.0244140625 0.0458984375
0 0.83984375 0.8505859375 0.07421875 0.1298828125
0 0.7958984375 0.8603515625 0.072265625 0.103515625
0 0.7060546875 0.7724609375 0.0869140625 0.060546875
0 0.7060546875 0.86328125 0.0859375 0.0751953125
0 0.5888671875 0.8623046875 0.056640625 0.0966796875
0 0.5087890625 0.96875 0.0732421875 0.1240234375
0 0.3291015625 0.8330078125 0.0595703125 0.0732421875
0 0.28125 0.8525390625 0.0732421875 0.0712890625
0 0.99609375 1.0 0.068359375 0.080078125
0 0.990234375 0.9130859375 0.080078125 0.078125
0 0.87890625 0.88671875 0.056640625 0.095703125
0 0.9677734375 0.837890625 0.06640625 0.060546875
0 0.1884765625 0.90234375 0.0771484375 0.076171875
0 0.3203125 0.4443359375 0.080078125 0.0625
0 1.0 0.8759765625 0.0419921875 0.0732421875
0 0.5546875 0.8603515625 0.068359375 0.068359375
0 0.970703125 0.416015625 0.056640625 0.0751953125
0 0.423828125 0.6953125 0.08203125 0.087890625
0 0.5244140625 0.458984375 0.064453125 0.0625
0 0.400390625 0.619140625 0.048828125 0.0595703125
0 0.4228515625 0.724609375 0.041015625 0.0400390625
0 1.0 0.5185546875 0.037109375 0.0537109375
0 0.9794921875 0.5556640625 0.0498046875 0.0625
0 0.9140625 0.5439453125 0.06640625 0.0673828125
0 0.896484375 0.599609375 0.02734375 0.03515625
0 0.650390625 0.580078125 0.0576171875 0.0380859375
0 0.1591796875 0.9990234375 0.0537109375 0.033203125
0 0.8583984375 0.74609375 0.1044921875 0.0546875
