0 0.5537109375 0.177734375 0.0791015625 0.060546875
0 0.2919921875 0.259765625 0.0400390625 0.076171875
0 0.6142578125 0.9111328125 0.0400390625 0.1083984375
0 0.064453125 0.1689453125 0.025390625 0.1064453125
0 0.5986328125 0.615234375 0.072265625 0.11328125
0 0.318359375 0.869140625 0.0419921875 0.1083984375
0 0.84375 0.2890625 0.0419921875 0.1025390625
0 0.431640625 0.947265625 0.037109375 0.0732421875
0 0.0263671875 0.1474609375 0.0263671875 0.05078125
0 0.361328125 0.9072265625 0.0390625 0.0810546875
0 0.1796875 0.6611328125 0.0830078125 0.0888671875
0 0.998046875 0.326171875 0.0361328125 0.1025390625
0 0.5927734375 0.9580078125 0.11328125 0.037109375
0 0.47265625 0.1845703125 0.0595703125 0.1064453125
0 0.8486328125 0.2958984375 0.0361328125 0.103515625
0 0.7373046875 0.9873046875 0.046875 0.0634765625
0 0.9111328125 0.052734375 0.033203125 0.0517578125
0 0.33984375 0.6728515625 0.0576171875 0.041015625
0 0.2177734375 0.4033203125 0.033203125 0.0615234375
0 0.2197265625 0.26171875 0.0458984375 0.0595703125
0 0.73046875 0.1142578125 0.033203125 0.0703125
0 0.7412109375 0.326171875 0.02734375 0.0546875
0 0.1884765625 0.341796875 0.1796875 0.0947265625
0 0.08984375 0.919921875 0.044921875 0.064453125
0 0.51171875 0.0634765625 0.025390625 0.0634765625
0 0.40234375 0.3564453125 0.0390625 0.0517578125
0 0.98828125 0.998046875 0.0439453125 0.0625
0 0.7705078125 0.365234375 0.0400390625 0.0576171875
0 0.900390625 0.943359375 0.0419921875 0.0703125
0 0.2958984375 0.162109375 0.05859375 0.0400390625
0 0.3125 0.5712890625 0.0771484375 0.060546875
0 0.806640625 0.7783203125 0.1005859375 0.091796875
0 0.75 0.6240234375 0.05078125 0.0712890625
0 0.2744140625 0.0244140625 0.0439453125 0.0244140625
0 0.439453125 0.7646484375 0.041015625 0.052734375
0 0.6005859375 0.419921875 0.0439453125 0.0546875
0 0.306640625 0.2783203125 0.03125 0.0625
0 0.8134765625 0.55078125 0.037109375 0.06640625
0 0.74609375 0.5751953125 0.08984375 0.05078125
0 1.0 0.0791015625 0.0458984375 0.06640625
0 0.2275390625 0.58984375 0.0263671875 0.0673828125
0 0.6328125 0.029296875 0.0302734375 0.029296875
0 0.7841796875 0.283203125 0.0390625 0.091796875
0 0.06640625 0.03125 0.0390625 0.03125
0 0.57421875 0.029296875 0.0322265625 0.029296875
0 0.4208984375 0.033203125 0.0283203125 0.033203125
0 0.1904296875 0.111328125 0.046875 0.0615234375
0 0.5927734375 0.365234375 0.0263671875 0.0693359375
0 0.4453125 0.62890625 0.044921875 0.0556640625
0 0.89453125 0.267578125 0.052734375 0.099609375
0 0.359375 0.7666015625 0.037109375 0.060546875
0 0.5712890625 0.8837890625 0.041015625 0.0869140625
0 0.4970703125 0.3857421875 0.0458984375 0.0458984375
0 0.1923828125 0.55859375 0.0478515625 0.064453125
0 0.9755859375 0.916015625 0.0556640625 0.0546875
0 0.0185546875 0.0263671875 0.0185546875 0.0263671875
0 0.9248046875 0.5126953125 0.0478515625 0.0283203125
0 0.1396484375 0.736328125 0.1318359375 0.0673828125
0 0.283203125 0.53515625 0.1044921875 0.091796875
0 0.47265625 0.3037109375 0.0400390625 0.0400390625
0 0.0146484375 0.6923828125 0.0146484375 0.03515625
0 0.359375 0.3544921875 0.0263671875 0.0673828125
0 0.7939453125 0.4150390625 0.048828125 0.0439453125
0 0.5751953125 0.3671875 0.0224609375 0.0703125
0 0.359375 0.392578125 0.0283203125 0.0654296875
0 0.767578125 0.708984375 0.041015625 0.0625
0 0.3408203125 0.7109375 0.048828125 0.052734375
0 0.16796875 0.6357421875 0.0595703125 0.05078125
0 0.482421875 0.3583984375 0.0546875 0.052734375
0 0.4833984375 0.4208984375 0.02734375 0.03125
0 0.0771484375 0.0107421875 0.021484375 0.0107421875
0 0.0498046875 0.0517578125 0.0498046875 0.03125
0 0.7529296875 0.2197265625 0.0439453125 0.0634765625
0 0.9375 0.990234375 0.0302734375 0.0361328125
0 0.9658203125 0.9462890625 0.048828125 0.0556640625
0 1.0 0.931640625 0.033203125 0.0654296875
0 0.2509765625 0.76171875 0.0419921875 0.03515625
0 0.462890625 0.0888671875 0.080078125 0.046875
0 0.5927734375 0.9951171875 0.0830078125 0.0546875
0 0.48046875 1.0 0.0673828125 0.0390625
0 0.0673828125 1.0 0.0595703125 0.033203125
0 0.037109375 0.62890625 0.037109375 0.037109375
