0 0.2841796875 0.134765625 0.068359375 0.09765625
0 0.3505859375 0.140625 0.0771484375 0.0888671875
0 0.8251953125 0.06640625 0.1640625 0.06640625
0 0.5361328125 0.189453125 0.07421875 0.0615234375
0 0.7392578125 0.2138671875 0.2080078125 0.078125
0 0.8466796875 0.193359375 0.1396484375 0.05859375
0 0.9150390625 0.20703125 0.076171875 0.056640625
0 0.8828125 0.3251953125 0.0810546875 0.087890625
0 0.744140625 0.4072265625 0.0791015625 0.1044921875
0 0.580078125 0.3984375 0.087890625 0.0986328125
0 0.533203125 0.4599609375 0.1318359375 0.109375
0 0.4814453125 0.5693359375 0.09765625 0.0869140625
0 0.734375 0.6064453125 0.0751953125 0.119140625
0 0.7958984375 0.650390625 0.12890625 0.0673828125
0 0.88671875 0.560546875 0.1103515625 0.064453125
0 0.921875 0.51171875 0.0908203125 0.0849609375
0 1.0 0.3681640625 0.0517578125 0.087890625
0 0.97265625 0.6025390625 0.1083984375 0.0732421875
0 1.0 0.62890625 0.0400390625 0.0478515625
0 0.818359375 0.76171875 0.125 0.0546875
0 0.7158203125 0.8505859375 0.056640625 0.1064453125
0 0.6083984375 0.861328125 0.15234375 0.0732421875
0 0.8984375 0.814453125 0.1142578125 0.0517578125
0 0.9814453125 0.7392578125 0.078125 0.05859375
0 0.9736328125 0.8671875 0.0439453125 0.1220703125
0 1.0 0.916015625 0.0400390625 0.076171875
0 0.8984375 1.0 0.1552734375 0.142578125
0 0.5986328125 0.9013671875 0.107421875 0.044921875
0 0.572265625 1.0 0.0947265625 0.0673828125
0 0.447265625 0.9482421875 0.185546875 0.068359375
0 0.44140625 0.845703125 0.0615234375 0.087890625
0 0.3828125 0.810546875 0.0546875 0.08203125
0 0.291015625 0.7177734375 0.046875 0.1123046875
0 0.259765625 0.7685546875 0.07421875 0.0791015625
0 0.3271484375 0.685546875 0.04296875 0.0791015625
0 0.5849609375 0.119140625 0.064453125 0.078125
0 0.1005859375 1.0 0.0908203125 0.1416015625
0 0.1865234375 0.84375 0.1064453125 0.09375
0 1.0 0.0615234375 0.0615234375 0.0615234375
0 0.1240234375 0.37890625 0.0693359375 0.0732421875
0 0.0390625 0.337890625 0.0390625 0.09375
0 0.20703125 0.1923828125 0.0498046875 0.091796875
0 0.2119140625 0.357421875 0.044921875 0.046875
0 0.3271484375 0.302734375 0.0673828125 0.07421875
0 0.376953125 0.1982421875 0.0703125 0.138671875
0 0.5234375 0.1123046875 0.037109375 0.0263671875
0 0.19140625 0.498046875 0.0390625 0.0390625
