0 0.96484375 0.466796875 0.0673828125 0.0576171875
0 0.8974609375 0.1142578125 0.0830078125 0.09765625
0 0.662109375 0.5048828125 0.0927734375 0.078125
0 0.7373046875 0.607421875 0.0654296875 0.0556640625
0 0.2568359375 0.4970703125 0.072265625 0.087890625
0 0.52734375 0.8994140625 0.0927734375 0.0927734375
0 0.671875 0.2294921875 0.072265625 0.08984375
0 0.556640625 0.76171875 0.080078125 0.064453125
0 0.3466796875 0.501953125 0.0576171875 0.064453125
0 0.814453125 0.1474609375 0.0703125 0.0908203125
0 0.931640625 0.58984375 0.0693359375 0.060546875
0 0.1474609375 0.357421875 0.0703125 0.0625
0 0.64453125 0.419921875 0.0703125 0.0556640625
0 1.0 0.0390625 0.0673828125 0.0390625
0 0.39453125 0.38671875 0.0654296875 0.0625
0 0.8818359375 0.474609375 0.0673828125 0.0703125
0 0.744140625 0.7392578125 0.064453125 0.0693359375
0 1.0 0.2421875 0.0830078125 0.08984375
0 0.4375 0.662109375 0.0654296875 0.0576171875
0 0.794921875 0.3291015625 0.080078125 0.0625
0 1.0 0.5498046875 0.0458984375 0.0576171875
0 0.2998046875 0.21484375 0.0576171875 0.060546875
0 0.2373046875 0.7890625 0.0673828125 0.0673828125
0 0.7119140625 0.529296875 0.052734375 0.044921875
0 0.9873046875 0.154296875 0.0625 0.064453125
0 0.509765625 0.529296875 0.0498046875 0.046875
0 0.3818359375 0.8017578125 0.0595703125 0.0673828125
0 0.3798828125 0.70703125 0.0673828125 0.0595703125
0 0.1044921875 0.6416015625 0.052734375 0.0625
0 0.71484375 0.0771484375 0.0625 0.0546875
0 0.3173828125 0.7041015625 0.05078125 0.0419921875
0 0.0947265625 0.4697265625 0.060546875 0.0625
0 0.2529296875 0.072265625 0.05859375 0.0654296875
0 0.20703125 0.6796875 0.0576171875 0.0546875
0 0.0859375 0.0712890625 0.0634765625 0.0712890625
0 0.2197265625 0.8447265625 0.0673828125 0.0654296875
0 0.447265625 0.4375 0.0830078125 0.0654296875
0 0.4423828125 0.2041015625 0.0654296875 0.0693359375
0 0.0693359375 0.8671875 0.0673828125 0.09765625
0 0.1748046875 0.8818359375 0.0703125 0.0625
0 0.88671875 0.6142578125 0.072265625 0.064453125
0 0.060546875 0.974609375 0.05859375 0.0927734375
0 0.669921875 0.947265625 0.0576171875 0.052734375
0 0.9443359375 1.0 0.0693359375 0.0576171875
0 0.0693359375 0.65234375 0.0673828125 0.0654296875
0 0.8125 0.224609375 0.0625 0.052734375
0 0.4921875 0.1494140625 0.0654296875 0.0419921875
0 0.716796875 0.65234375 0.044921875 0.0380859375
0 0.419921875 0.919921875 0.052734375 0.095703125
0 0.7568359375 0.9541015625 0.0546875 0.0673828125
