0 0.88671875 0.2099609375 0.080078125 0.14453125
0 0.9072265625 0.353515625 0.1337890625 0.11328125
0 0.8603515625 0.3564453125 0.080078125 0.0615234375
0 1.0 0.44140625 0.0576171875 0.10546875
0 0.82421875 0.064453125 0.076171875 0.064453125
0 1.0 0.0654296875 0.0673828125 0.0654296875
0 1.0 0.0478515625 0.0185546875 0.0478515625
0 0.587890625 0.1083984375 0.05078125 0.1083984375
0 0.537109375 0.0322265625 0.05859375 0.0322265625
0 0.341796875 0.1611328125 0.1279296875 0.1611328125
0 0.1455078125 0.11328125 0.0732421875 0.11328125
0 0.5205078125 0.189453125 0.1474609375 0.12109375
0 0.451171875 0.09765625 0.1279296875 0.09765625
0 0.6005859375 0.2744140625 0.1328125 0.0859375
0 0.529296875 0.28515625 0.1171875 0.07421875
0 0.3232421875 0.25390625 0.060546875 0.0732421875
0 0.2578125 0.2041015625 0.0966796875 0.0830078125
0 0.6201171875 0.41796875 0.1142578125 0.0947265625
0 0.8095703125 0.4853515625 0.14453125 0.0673828125
0 0.8017578125 0.6376953125 0.146484375 0.1455078125
0 0.8935546875 0.619140625 0.09765625 0.140625
0 0.966796875 0.556640625 0.099609375 0.1201171875
0 1.0 0.55078125 0.029296875 0.087890625
0 1.0 0.8837890625 0.033203125 0.1103515625
0 0.9296875 0.8271484375 0.0771484375 0.0751953125
0 0.724609375 0.849609375 0.1376953125 0.095703125
0 0.783203125 0.9130859375 0.1162109375 0.158203125
0 0.6318359375 0.72265625 0.091796875 0.07421875
0 0.748046875 0.728515625 0.138671875 0.1416015625
0 0.5322265625 0.685546875 0.08984375 0.1083984375
0 0.4697265625 0.560546875 0.130859375 0.1533203125
0 0.337890625 0.5107421875 0.15234375 0.130859375
0 0.38671875 0.6748046875 0.1357421875 0.0537109375
0 0.2578125 0.72265625 0.083984375 0.041015625
0 0.2333984375 0.8212890625 0.078125 0.0771484375
0 0.4033203125 0.8779296875 0.109375 0.09765625
0 0.26171875 0.9482421875 0.09765625 0.1376953125
0 0.0986328125 1.0 0.0986328125 0.072265625
0 0.869140625 1.0 0.1328125 0.080078125
0 0.626953125 0.9765625 0.11328125 0.0615234375
0 0.21484375 0.5732421875 0.1162109375 0.17578125
0 0.109375 0.564453125 0.109375 0.0859375
0 0.04296875 0.466796875 0.04296875 0.08203125
0 0.087890625 0.43359375 0.087890625 0.09375
0 0.1064453125 0.3388671875 0.1025390625 0.1357421875
0 0.28125 0.3603515625 0.1162109375 0.09765625
0 0.4013671875 0.392578125 0.1064453125 0.0576171875
