0 0.361328125 0.2890625 0.1142578125 0.107421875
0 0.25390625 0.033203125 0.076171875 0.033203125
0 0.4033203125 0.046875 0.119140625 0.046875
0 1.0 0.23828125 0.0439453125 0.0654296875
0 0.59375 0.15234375 0.080078125 0.0732421875
0 0.1240234375 0.984375 0.04296875 0.0625
0 0.0927734375 0.9892578125 0.0751953125 0.056640625
0 0.23046875 0.8544921875 0.078125 0.048828125
0 0.27734375 0.8232421875 0.0869140625 0.1279296875
0 0.15234375 0.765625 0.0625 0.0693359375
0 0.0712890625 0.8388671875 0.0712890625 0.083984375
0 0.1845703125 1.0 0.08203125 0.0673828125
0 0.294921875 0.93359375 0.0771484375 0.046875
0 0.5390625 0.951171875 0.0625 0.0927734375
0 0.4951171875 0.9599609375 0.072265625 0.0556640625
0 0.615234375 1.0 0.0712890625 0.044921875
0 0.7294921875 0.9765625 0.0947265625 0.10546875
0 0.84375 0.98828125 0.1142578125 0.064453125
0 0.9072265625 0.9873046875 0.1123046875 0.0830078125
0 0.9189453125 0.8623046875 0.115234375 0.0556640625
0 1.0 0.845703125 0.076171875 0.0869140625
0 0.046875 0.462890625 0.046875 0.1240234375
0 0.1083984375 0.556640625 0.0693359375 0.0888671875
0 0.2265625 0.4033203125 0.0595703125 0.080078125
0 0.2705078125 0.5263671875 0.0751953125 0.07421875
0 0.357421875 0.36328125 0.0625 0.08984375
0 0.4326171875 0.408203125 0.0498046875 0.1123046875
0 0.4677734375 0.4443359375 0.0517578125 0.1083984375
0 0.3837890625 0.3935546875 0.052734375 0.0732421875
0 0.62109375 0.28125 0.083984375 0.1025390625
0 0.875 0.201171875 0.0830078125 0.0888671875
0 0.8505859375 0.294921875 0.0625 0.1044921875
0 0.7216796875 0.4599609375 0.1015625 0.18359375
0 0.9697265625 0.248046875 0.0517578125 0.078125
0 0.9150390625 0.2919921875 0.0771484375 0.0888671875
0 0.9970703125 0.43359375 0.07421875 0.05859375
0 1.0 0.49609375 0.1318359375 0.07421875
0 1.0 0.58203125 0.0732421875 0.0576171875
0 0.65625 0.54296875 0.1357421875 0.0703125
0 0.5078125 0.5244140625 0.0673828125 0.0712890625
0 0.400390625 0.6259765625 0.064453125 0.07421875
0 0.49609375 0.64453125 0.046875 0.052734375
0 0.697265625 0.669921875 0.171875 0.0712890625
0 0.4345703125 0.71875 0.1279296875 0.0947265625
0 0.5791015625 0.806640625 0.130859375 0.1171875
0 0.751953125 0.779296875 0.1240234375 0.140625
0 0.853515625 0.7861328125 0.0966796875 0.0712890625
0 0.951171875 0.693359375 0.1259765625 0.07421875
0 0.9169921875 0.75 0.068359375 0.1015625
0 0.9765625 0.802734375 0.1162109375 0.12109375
0 0.67578125 0.873046875 0.07421875 0.0810546875
0 0.751953125 0.8388671875 0.046875 0.0576171875
0 0.1533203125 0.9384765625 0.0693359375 0.0439453125
0 0.1640625 0.66015625 0.05859375 0.068359375
0 0.1240234375 0.4638671875 0.0517578125 0.0419921875
0 0.236328125 0.076171875 0.06640625 0.0439453125
0 0.7236328125 0.0615234375 0.0615234375 0.0615234375
0 0.95703125 0.9150390625 0.052734375 0.0283203125
0 0.99609375 0.869140625 0.0576171875 0.0498046875
0 0.7451171875 0.802734375 0.060546875 0.0380859375
0 0.68359375 0.8251953125 0.0732421875 0.080078125
0 0.1796875 0.1650390625 0.05859375 0.078125
0 0.2431640625 0.982421875 0.060546875 0.06640625
