0 0.5537109375 0.6923828125 0.1064453125 0.087890625
0 0.888671875 0.6484375 0.0830078125 0.05859375
0 0.73828125 0.7646484375 0.15625 0.09765625
0 0.52734375 0.8037109375 0.1455078125 0.087890625
0 0.8662109375 0.4345703125 0.0849609375 0.0693359375
0 0.9326171875 0.876953125 0.1201171875 0.0947265625
0 0.7724609375 0.685546875 0.1044921875 0.08203125
0 0.9287109375 1.0 0.0869140625 0.00390625
0 1.0 0.7978515625 0.0791015625 0.0810546875
0 0.9482421875 0.2919921875 0.06640625 0.068359375
0 0.5185546875 0.873046875 0.138671875 0.0654296875
0 0.953125 0.607421875 0.0615234375 0.0595703125
0 0.8037109375 0.44921875 0.0869140625 0.078125
0 0.173828125 0.8720703125 0.12109375 0.099609375
0 0.8505859375 0.5966796875 0.12109375 0.0712890625
0 0.65234375 0.310546875 0.0869140625 0.0869140625
0 0.439453125 0.9521484375 0.126953125 0.0810546875
0 0.7275390625 0.0986328125 0.158203125 0.0703125
0 0.064453125 0.0478515625 0.064453125 0.0478515625
0 0.6845703125 0.69140625 0.138671875 0.083984375
0 1.0 0.955078125 0.0634765625 0.1142578125
0 0.7744140625 0.5341796875 0.146484375 0.0810546875
0 0.7734375 0.939453125 0.1103515625 0.0947265625
0 0.888671875 1.0 0.1142578125 0.10546875
0 0.1259765625 0.46484375 0.1259765625 0.095703125
0 0.2880859375 0.7900390625 0.1005859375 0.056640625
0 0.904296875 0.501953125 0.115234375 0.064453125
0 0.42578125 0.166015625 0.169921875 0.087890625
0 0.8994140625 0.3037109375 0.1435546875 0.0869140625
0 0.53515625 0.119140625 0.078125 0.072265625
0 0.19921875 0.7880859375 0.10546875 0.076171875
0 0.0302734375 0.6884765625 0.0302734375 0.0712890625
0 0.1123046875 0.4150390625 0.068359375 0.06640625
0 0.796875 0.484375 0.1552734375 0.0712890625
0 0.662109375 0.064453125 0.1103515625 0.064453125
0 0.60546875 0.12109375 0.107421875 0.044921875
0 0.0791015625 0.0966796875 0.0791015625 0.0595703125
0 0.7509765625 0.9814453125 0.0654296875 0.0654296875
0 0.7119140625 1.0 0.0478515625 0.03125
0 0.041015625 0.521484375 0.041015625 0.05859375
