0 1.0 0.384765625 0.1083984375 0.0751953125
0 0.392578125 0.9267578125 0.080078125 0.1181640625
0 0.53125 0.53125 0.15625 0.1103515625
0 0.5380859375 0.8310546875 0.1474609375 0.142578125
0 1.0 0.2919921875 0.06640625 0.07421875
0 1.0 0.1484375 0.1572265625 0.130859375
0 0.1298828125 0.314453125 0.1298828125 0.107421875
0 0.5029296875 0.0634765625 0.236328125 0.0634765625
0 0.712890625 0.9697265625 0.0849609375 0.1708984375
0 1.0 0.0576171875 0.0927734375 0.0576171875
0 0.6728515625 0.6591796875 0.115234375 0.0908203125
0 1.0 0.5751953125 0.0849609375 0.1552734375
0 0.328125 1.0 0.12109375 0.0634765625
0 0.26171875 0.7451171875 0.15234375 0.14453125
0 0.6767578125 0.7265625 0.1171875 0.048828125
