0 0.087890625 0.013671875 0.076171875 0.013671875
0 0.12109375 0.16015625 0.12109375 0.0546875
0 0.1025390625 0.34375 0.1025390625 0.119140625
0 0.0654296875 0.4716796875 0.0654296875 0.0849609375
0 0.1142578125 0.4228515625 0.0927734375 0.0732421875
0 0.1787109375 0.4951171875 0.1025390625 0.087890625
0 0.3154296875 0.3154296875 0.1318359375 0.1259765625
0 0.408203125 0.4833984375 0.087890625 0.1103515625
0 0.3203125 0.5673828125 0.072265625 0.05859375
0 0.3408203125 0.67578125 0.107421875 0.05859375
0 0.6171875 0.6787109375 0.1171875 0.0576171875
0 0.025390625 0.828125 0.025390625 0.078125
0 0.07421875 0.611328125 0.0654296875 0.076171875
0 0.05078125 0.9931640625 0.05078125 0.1064453125
0 0.171875 0.939453125 0.115234375 0.201171875
0 0.1171875 0.7353515625 0.0908203125 0.080078125
0 0.189453125 0.630859375 0.0546875 0.107421875
0 0.232421875 0.7099609375 0.0634765625 0.0615234375
0 0.130859375 0.6572265625 0.060546875 0.06640625
0 0.3388671875 0.7646484375 0.0537109375 0.0810546875
0 0.443359375 0.7763671875 0.111328125 0.072265625
0 0.462890625 0.875 0.072265625 0.0712890625
0 0.423828125 1.0 0.0625 0.08984375
0 0.30859375 0.8291015625 0.0634765625 0.0634765625
0 0.6181640625 0.9248046875 0.07421875 0.138671875
0 0.6806640625 0.78515625 0.078125 0.0634765625
0 0.6103515625 0.5029296875 0.09375 0.068359375
0 0.701171875 0.50390625 0.060546875 0.06640625
0 0.50390625 0.3818359375 0.0693359375 0.064453125
0 0.6103515625 0.384765625 0.09375 0.078125
0 0.662109375 0.404296875 0.07421875 0.060546875
0 0.8173828125 0.4599609375 0.0849609375 0.119140625
0 0.7294921875 0.2431640625 0.12890625 0.0673828125
0 0.515625 0.1962890625 0.0703125 0.068359375
0 0.42578125 0.18359375 0.068359375 0.0791015625
0 0.421875 0.0703125 0.0615234375 0.0576171875
0 0.634765625 1.0 0.0791015625 0.0576171875
0 0.7666015625 0.9638671875 0.0595703125 0.0703125
0 0.83203125 0.90234375 0.0693359375 0.1025390625
0 0.9052734375 0.9375 0.064453125 0.0849609375
0 1.0 0.9228515625 0.0537109375 0.1015625
0 1.0 0.998046875 0.01953125 0.0830078125
0 1.0 0.7998046875 0.072265625 0.0859375
0 0.884765625 0.705078125 0.0751953125 0.07421875
0 0.5498046875 0.0263671875 0.06640625 0.0263671875
0 0.677734375 0.080078125 0.0751953125 0.0673828125
0 0.8876953125 0.1103515625 0.1865234375 0.048828125
0 0.8037109375 0.1611328125 0.08203125 0.056640625
0 1.0 0.2421875 0.0166015625 0.048828125
0 0.939453125 0.3642578125 0.0712890625 0.0634765625
0 1.0 0.490234375 0.0341796875 0.0703125
0 0.9599609375 0.5498046875 0.083984375 0.0703125
0 0.88671875 0.6171875 0.0595703125 0.0751953125
0 1.0 0.640625 0.0361328125 0.1171875
