0 0.9296875 0.0859375 0.107421875 0.0859375
0 0.716796875 0.0849609375 0.0888671875 0.0849609375
0 0.470703125 0.0322265625 0.212890625 0.0322265625
0 0.453125 0.1123046875 0.068359375 0.1123046875
0 0.3271484375 0.119140625 0.068359375 0.0703125
0 0.6083984375 0.4658203125 0.1123046875 0.12890625
0 0.5107421875 0.564453125 0.0546875 0.068359375
0 0.333984375 0.568359375 0.1240234375 0.076171875
0 0.4541015625 0.4794921875 0.103515625 0.1201171875
0 0.3173828125 0.44921875 0.0712890625 0.0595703125
0 0.2021484375 0.3876953125 0.0859375 0.052734375
0 0.087890625 0.423828125 0.087890625 0.2060546875
0 0.0419921875 0.642578125 0.0419921875 0.095703125
0 0.0986328125 0.498046875 0.0986328125 0.046875
0 0.1005859375 0.6142578125 0.0634765625 0.072265625
0 0.1953125 0.7666015625 0.0927734375 0.158203125
0 0.3154296875 0.7783203125 0.1064453125 0.1015625
0 0.431640625 0.650390625 0.154296875 0.140625
0 0.6357421875 0.64453125 0.193359375 0.07421875
0 0.7421875 0.6162109375 0.11328125 0.1513671875
0 0.74609375 0.8017578125 0.078125 0.2060546875
0 0.9423828125 0.470703125 0.0625 0.07421875
0 1.0 0.6298828125 0.0302734375 0.119140625
0 1.0 0.8076171875 0.041015625 0.142578125
0 0.9443359375 0.8935546875 0.0869140625 0.1435546875
0 0.8291015625 0.8984375 0.0830078125 0.1796875
0 0.5771484375 0.9873046875 0.1103515625 0.2587890625
0 0.5810546875 0.9306640625 0.0693359375 0.248046875
0 0.376953125 0.9873046875 0.119140625 0.0888671875
0 0.294921875 0.998046875 0.111328125 0.0546875
0 0.177734375 0.9755859375 0.115234375 0.0625
0 1.0 0.9619140625 0.0322265625 0.064453125
0 0.9638671875 1.0 0.208984375 0.0322265625
