0 0.931640625 0.5791015625 0.0693359375 0.091796875
0 0.7392578125 0.6337890625 0.0810546875 0.0634765625
0 0.498046875 0.123046875 0.0615234375 0.0859375
0 0.7919921875 0.86328125 0.0537109375 0.0732421875
0 0.2998046875 0.44921875 0.08203125 0.0859375
0 0.31640625 0.197265625 0.1142578125 0.072265625
0 0.0205078125 0.3525390625 0.0205078125 0.0732421875
0 0.1279296875 0.787109375 0.1083984375 0.044921875
0 0.1005859375 0.5166015625 0.0859375 0.056640625
0 0.263671875 0.896484375 0.0546875 0.087890625
0 0.30859375 0.1220703125 0.06640625 0.099609375
0 0.5341796875 0.2158203125 0.0908203125 0.052734375
0 0.6884765625 0.5712890625 0.111328125 0.0810546875
0 0.3046875 0.7158203125 0.0732421875 0.052734375
0 0.888671875 0.1572265625 0.05078125 0.080078125
0 0.9619140625 0.5673828125 0.0673828125 0.0927734375
0 0.8505859375 0.615234375 0.0693359375 0.0517578125
0 0.4541015625 0.5517578125 0.087890625 0.0458984375
0 0.7861328125 0.2919921875 0.072265625 0.052734375
0 0.47265625 0.73828125 0.080078125 0.0849609375
0 0.07421875 0.3154296875 0.07421875 0.0625
0 0.1005859375 0.216796875 0.099609375 0.080078125
0 0.298828125 0.9765625 0.1162109375 0.0556640625
0 0.0537109375 0.2373046875 0.0537109375 0.0546875
0 0.4765625 0.6728515625 0.0771484375 0.099609375
0 0.8466796875 0.474609375 0.06640625 0.060546875
0 0.0986328125 0.4072265625 0.08203125 0.0478515625
0 0.2578125 0.8046875 0.08203125 0.041015625
0 0.677734375 0.8515625 0.0595703125 0.0625
0 0.4638671875 0.3330078125 0.076171875 0.0439453125
0 1.0 0.8818359375 0.07421875 0.0341796875
0 0.4130859375 0.1044921875 0.05859375 0.103515625
0 0.1923828125 0.5380859375 0.0673828125 0.037109375
0 0.26171875 0.3359375 0.0673828125 0.056640625
0 0.6064453125 0.37109375 0.0576171875 0.0341796875
0 0.162109375 0.5703125 0.0595703125 0.0361328125
0 0.6103515625 0.287109375 0.0966796875 0.060546875
0 0.208984375 0.2197265625 0.0869140625 0.068359375
0 0.0810546875 0.4794921875 0.060546875 0.044921875
0 0.2412109375 0.185546875 0.080078125 0.0576171875
0 0.5673828125 0.8701171875 0.0634765625 0.0361328125
0 0.9697265625 0.4912109375 0.06640625 0.037109375
0 0.982421875 0.310546875 0.0810546875 0.0966796875
0 0.5146484375 0.9619140625 0.0712890625 0.0517578125
0 0.4287109375 0.212890625 0.05859375 0.0439453125
0 0.9453125 0.263671875 0.08984375 0.0439453125
0 0.3564453125 0.3916015625 0.0732421875 0.044921875
0 0.8984375 0.2919921875 0.080078125 0.0302734375
0 0.9794921875 0.07421875 0.076171875 0.06640625
0 0.8291015625 0.5029296875 0.0576171875 0.0498046875
0 0.3076171875 0.3681640625 0.0673828125 0.0400390625
0 0.998046875 0.458984375 0.0400390625 0.0576171875
0 0.45703125 0.9091796875 0.05859375 0.0419921875
0 0.9248046875 0.841796875 0.0517578125 0.0419921875
0 0.890625 0.90625 0.0654296875 0.060546875
0 0.67578125 0.3359375 0.056640625 0.0341796875
0 0.6884765625 0.3525390625 0.0712890625 0.0224609375
0 1.0 0.9169921875 0.0419921875 0.017578125
0 0.998046875 0.4208984375 0.029296875 0.044921875
0 0.1142578125 0.62109375 0.0908203125 0.05859375
0 1.0 0.5078125 0.0341796875 0.0390625
0 0.546875 0.3955078125 0.0634765625 0.0703125
0 0.57421875 0.7353515625 0.0615234375 0.0546875
0 0.6083984375 0.701171875 0.1435546875 0.0830078125
0 0.4609375 0.689453125 0.07421875 0.056640625
0 0.421875 0.94921875 0.068359375 0.052734375
0 0.306640625 0.88671875 0.0576171875 0.044921875
0 0.119140625 0.8115234375 0.05859375 0.0361328125
