0 1.0 0.32421875 0.05078125 0.0791015625
0 0.92578125 0.228515625 0.068359375 0.0751953125
0 1.0 0.1640625 0.0576171875 0.0634765625
0 0.84375 0.0361328125 0.083984375 0.0361328125
0 0.9912109375 0.5419921875 0.0439453125 0.080078125
0 1.0 0.56640625 0.025390625 0.0830078125
0 0.9072265625 0.5751953125 0.09375 0.0634765625
0 0.869140625 0.455078125 0.0751953125 0.056640625
0 0.7099609375 0.4814453125 0.052734375 0.0556640625
0 0.7119140625 0.5400390625 0.056640625 0.05859375
0 0.794921875 0.5869140625 0.0537109375 0.083984375
0 0.71875 0.646484375 0.0693359375 0.0625
0 0.8681640625 0.72265625 0.0810546875 0.0595703125
0 0.48046875 0.556640625 0.0537109375 0.044921875
0 0.611328125 0.560546875 0.068359375 0.076171875
0 0.6025390625 0.4736328125 0.0654296875 0.072265625
0 0.533203125 0.4736328125 0.080078125 0.0810546875
0 0.4921875 0.50390625 0.06640625 0.05078125
0 0.681640625 0.2587890625 0.0556640625 0.046875
0 0.474609375 0.2431640625 0.06640625 0.05078125
0 0.306640625 0.16796875 0.072265625 0.05078125
0 0.1591796875 0.11328125 0.0498046875 0.05078125
0 0.19921875 0.3349609375 0.064453125 0.0654296875
0 0.6650390625 0.0546875 0.0517578125 0.0546875
0 0.453125 0.0625 0.0546875 0.0625
0 0.5625 0.1845703125 0.078125 0.0927734375
0 0.6015625 0.2333984375 0.041015625 0.0849609375
0 0.919921875 0.82421875 0.0693359375 0.072265625
0 0.8896484375 0.9091796875 0.09765625 0.0771484375
0 0.7705078125 0.8857421875 0.0673828125 0.076171875
0 0.732421875 0.8525390625 0.076171875 0.0498046875
0 0.75 0.7939453125 0.0791015625 0.0546875
0 0.671875 0.8232421875 0.1025390625 0.1044921875
0 0.6171875 0.8564453125 0.0849609375 0.0576171875
0 0.41796875 0.755859375 0.0576171875 0.0771484375
0 0.4912109375 0.7646484375 0.068359375 0.0654296875
0 0.2841796875 0.7412109375 0.07421875 0.0703125
0 0.3486328125 0.755859375 0.0634765625 0.0517578125
0 0.2763671875 0.966796875 0.095703125 0.11328125
0 0.142578125 0.978515625 0.0888671875 0.05859375
0 0.7578125 1.0 0.0712890625 0.05859375
0 0.12109375 0.5869140625 0.0791015625 0.041015625
0 0.1357421875 0.6201171875 0.0634765625 0.0546875
0 0.0947265625 0.677734375 0.0947265625 0.0908203125
0 0.142578125 0.853515625 0.0673828125 0.0771484375
0 0.1279296875 0.75390625 0.056640625 0.056640625
0 0.390625 0.5654296875 0.0546875 0.048828125
0 0.2919921875 0.7001953125 0.0732421875 0.052734375
0 0.9462890625 0.9423828125 0.0556640625 0.0830078125
