0 0.9287109375 0.267578125 0.078125 0.10546875
0 0.43359375 0.28125 0.1083984375 0.0986328125
0 0.521484375 0.3876953125 0.1142578125 0.0478515625
0 0.427734375 0.376953125 0.123046875 0.1220703125
0 0.7900390625 0.6455078125 0.0654296875 0.05859375
0 0.4013671875 1.0 0.123046875 0.029296875
0 1.0 0.357421875 0.0361328125 0.140625
0 0.916015625 0.9521484375 0.1123046875 0.0869140625
0 0.7197265625 0.650390625 0.0654296875 0.0732421875
0 0.1845703125 1.0 0.078125 0.02734375
0 0.9140625 0.3896484375 0.10546875 0.05078125
0 0.0869140625 0.052734375 0.0849609375 0.052734375
0 0.4130859375 0.3037109375 0.1171875 0.0986328125
0 0.8984375 0.884765625 0.0732421875 0.0947265625
0 0.90625 0.119140625 0.09375 0.0390625
0 0.8486328125 0.9619140625 0.0703125 0.078125
0 0.9189453125 0.46875 0.1103515625 0.064453125
0 0.8662109375 0.884765625 0.07421875 0.0947265625
0 0.3173828125 0.646484375 0.1044921875 0.1337890625
0 1.0 0.728515625 0.060546875 0.05859375
0 0.537109375 0.3642578125 0.1162109375 0.080078125
0 0.62890625 0.2607421875 0.0849609375 0.1142578125
0 0.6376953125 0.16796875 0.123046875 0.0791015625
0 0.7861328125 0.35546875 0.09375 0.048828125
0 0.794921875 0.7734375 0.0693359375 0.0546875
0 0.6611328125 0.5048828125 0.09375 0.044921875
0 0.1787109375 0.9609375 0.0712890625 0.1572265625
0 0.1064453125 0.962890625 0.10546875 0.064453125
0 0.3095703125 0.693359375 0.123046875 0.0869140625
0 0.5810546875 0.6533203125 0.0673828125 0.044921875
0 0.224609375 0.4462890625 0.1357421875 0.1025390625
0 0.705078125 0.783203125 0.115234375 0.041015625
0 0.1025390625 0.3818359375 0.1025390625 0.05078125
0 0.560546875 0.732421875 0.1259765625 0.060546875
0 0.7119140625 0.40234375 0.0546875 0.0458984375
0 0.875 0.4931640625 0.0986328125 0.048828125
0 0.44921875 0.7744140625 0.19921875 0.1572265625
0 0.248046875 0.6904296875 0.1103515625 0.1015625
0 0.2431640625 0.6103515625 0.1591796875 0.1015625
0 0.677734375 0.2607421875 0.0732421875 0.05859375
0 0.5146484375 0.634765625 0.1064453125 0.060546875
0 0.2568359375 0.3896484375 0.123046875 0.1162109375
0 0.2734375 0.875 0.111328125 0.1220703125
0 0.7314453125 0.2275390625 0.0595703125 0.0595703125
0 0.86328125 1.0 0.0517578125 0.0302734375
0 0.1787109375 0.7236328125 0.125 0.1279296875
0 0.453125 0.9150390625 0.0556640625 0.0966796875
0 0.3056640625 0.7998046875 0.0458984375 0.0732421875
0 0.1435546875 0.3408203125 0.0986328125 0.1337890625
0 0.8388671875 0.75390625 0.091796875 0.0478515625
0 0.1162109375 1.0 0.1162109375 0.05859375
0 0.220703125 0.126953125 0.1220703125 0.0556640625
0 0.4169921875 0.470703125 0.115234375 0.201171875
0 0.9169921875 0.3037109375 0.0751953125 0.0986328125
0 0.123046875 0.58203125 0.0751953125 0.0654296875
0 0.833984375 0.3359375 0.126953125 0.1083984375
0 0.3017578125 0.123046875 0.091796875 0.123046875
0 0.544921875 0.96875 0.1533203125 0.0439453125
0 0.3154296875 0.0791015625 0.04296875 0.0419921875
0 0.267578125 0.9521484375 0.1015625 0.1005859375
0 0.552734375 0.681640625 0.048828125 0.0546875
0 1.0 0.482421875 0.0771484375 0.0419921875
0 0.08984375 0.3037109375 0.08984375 0.0791015625
0 0.6865234375 0.0478515625 0.0458984375 0.0478515625
0 0.291015625 0.1728515625 0.1416015625 0.146484375
0 0.8251953125 0.02734375 0.0361328125 0.02734375
0 0.62109375 0.53515625 0.08984375 0.03125
0 0.916015625 0.7822265625 0.056640625 0.0537109375
0 0.07421875 0.615234375 0.064453125 0.0712890625
0 1.0 0.873046875 0.080078125 0.0419921875
0 0.615234375 0.951171875 0.05859375 0.0712890625
0 0.708984375 0.8984375 0.05859375 0.0556640625
0 0.798828125 0.9921875 0.0830078125 0.0654296875
0 0.9677734375 0.455078125 0.0810546875 0.0390625
0 1.0 0.75390625 0.0400390625 0.115234375
0 0.021484375 0.66796875 0.021484375 0.048828125
