0 0.4892578125 0.3291015625 0.0849609375 0.0869140625
0 0.4169921875 0.3720703125 0.0927734375 0.0771484375
0 0.6123046875 0.3349609375 0.0927734375 0.09765625
0 0.734375 0.3544921875 0.08984375 0.099609375
0 0.5810546875 0.0458984375 0.0732421875 0.044921875
0 0.5673828125 0.40234375 0.0927734375 0.078125
0 0.4248046875 0.9521484375 0.080078125 0.0703125
0 0.2041015625 0.564453125 0.099609375 0.0771484375
0 0.212890625 0.951171875 0.0791015625 0.068359375
0 0.3896484375 0.4345703125 0.0830078125 0.0830078125
0 0.6474609375 0.6142578125 0.0927734375 0.0771484375
0 0.447265625 0.7099609375 0.072265625 0.1083984375
0 0.619140625 0.7255859375 0.0673828125 0.0712890625
0 0.46484375 0.90234375 0.0732421875 0.0654296875
0 0.8798828125 0.4248046875 0.080078125 0.0751953125
0 0.052734375 0.2705078125 0.052734375 0.0751953125
0 0.609375 0.2724609375 0.0849609375 0.0927734375
0 0.1416015625 0.8251953125 0.078125 0.0703125
0 0.732421875 1.0 0.078125 0.078125
0 0.8193359375 0.1796875 0.0869140625 0.087890625
0 0.7470703125 0.501953125 0.0849609375 0.0703125
0 0.787109375 0.6640625 0.0849609375 0.07421875
0 0.8642578125 0.2890625 0.0771484375 0.0771484375
0 0.779296875 0.57421875 0.0751953125 0.0771484375
0 0.2109375 0.1708984375 0.119140625 0.1015625
0 0.6845703125 0.8271484375 0.080078125 0.087890625
0 0.9833984375 0.41796875 0.0654296875 0.068359375
0 0.2822265625 0.0673828125 0.0693359375 0.0673828125
0 0.8544921875 0.6943359375 0.087890625 0.0771484375
0 0.876953125 0.5791015625 0.0703125 0.0673828125
0 0.65234375 0.544921875 0.0830078125 0.078125
0 0.37890625 0.6904296875 0.0673828125 0.0673828125
0 0.744140625 0.21484375 0.08203125 0.078125
0 0.8349609375 0.2197265625 0.095703125 0.0751953125
0 0.125 0.4423828125 0.1181640625 0.087890625
0 0.6142578125 0.216796875 0.0869140625 0.1298828125
0 0.7724609375 0.9169921875 0.0625 0.08203125
0 0.6259765625 0.08203125 0.064453125 0.080078125
