0 0.6962890625 0.75 0.0625 0.0966796875
0 0.1396484375 0.15625 0.1015625 0.0830078125
0 0.6181640625 0.982421875 0.12890625 0.0927734375
0 0.5078125 0.900390625 0.0556640625 0.0576171875
0 0.6572265625 0.9521484375 0.0751953125 0.1474609375
0 0.2041015625 0.2666015625 0.07421875 0.0400390625
0 0.2822265625 0.2646484375 0.078125 0.072265625
0 0.375 0.2021484375 0.123046875 0.0830078125
0 0.26171875 0.38671875 0.0673828125 0.0546875
0 0.640625 0.123046875 0.060546875 0.0576171875
0 0.341796875 0.3798828125 0.107421875 0.09765625
0 0.451171875 0.849609375 0.0771484375 0.0390625
0 0.0625 0.4072265625 0.060546875 0.10546875
0 0.2841796875 0.9873046875 0.0849609375 0.0703125
