0 0.6474609375 0.5322265625 0.0830078125 0.123046875
0 0.57421875 1.0 0.1025390625 0.0029296875
0 1.0 0.7041015625 0.080078125 0.1025390625
0 0.4921875 0.326171875 0.1044921875 0.1181640625
0 0.33203125 0.779296875 0.072265625 0.1044921875
0 0.6337890625 0.982421875 0.134765625 0.125
0 0.3642578125 0.9072265625 0.0849609375 0.0927734375
0 0.4423828125 1.0 0.087890625 0.0556640625
0 0.9794921875 0.82421875 0.1298828125 0.1142578125
0 0.5869140625 0.7548828125 0.1220703125 0.107421875
0 0.8017578125 0.7119140625 0.08984375 0.126953125
0 0.8515625 0.5166015625 0.109375 0.0966796875
0 0.841796875 0.9228515625 0.1005859375 0.1025390625
0 0.48046875 0.4990234375 0.0693359375 0.076171875
0 0.51953125 0.9169921875 0.10546875 0.0673828125
0 0.8818359375 0.26953125 0.134765625 0.1103515625
0 0.8623046875 0.7919921875 0.1279296875 0.0751953125
0 0.716796875 0.8193359375 0.072265625 0.0869140625
0 0.654296875 0.1787109375 0.11328125 0.109375
0 0.6669921875 0.4140625 0.0947265625 0.08984375
0 0.9423828125 0.6640625 0.1630859375 0.0771484375
0 0.76953125 0.2666015625 0.08984375 0.09765625
0 1.0 0.994140625 0.138671875 0.0654296875
0 0.951171875 0.890625 0.11328125 0.0751953125
0 0.5625 0.8369140625 0.1005859375 0.107421875
0 0.9345703125 0.609375 0.1171875 0.08984375
0 0.7060546875 0.2158203125 0.0986328125 0.1142578125
0 0.9091796875 0.0947265625 0.1474609375 0.0927734375
0 0.8623046875 0.34375 0.09765625 0.1123046875
0 0.7041015625 0.4921875 0.0849609375 0.134765625
0 0.71484375 0.5517578125 0.10546875 0.1220703125
0 0.8251953125 0.5908203125 0.115234375 0.0751953125
0 0.9560546875 0.9365234375 0.109375 0.083984375
0 0.9990234375 0.9541015625 0.1171875 0.0703125
0 0.7119140625 0.8623046875 0.0751953125 0.052734375
0 0.8466796875 0.724609375 0.1025390625 0.0771484375
0 0.6220703125 0.7744140625 0.107421875 0.08984375
