0 0.259765625 0.9990234375 0.08984375 0.0908203125
0 0.4306640625 0.6298828125 0.1240234375 0.1083984375
0 0.5810546875 0.1494140625 0.091796875 0.06640625
0 0.2470703125 1.0 0.24609375 0.05859375
0 0.314453125 0.73828125 0.087890625 0.189453125
0 1.0 0.240234375 0.0810546875 0.10546875
0 0.0361328125 0.4619140625 0.0361328125 0.07421875
0 0.19921875 0.9326171875 0.0908203125 0.1435546875
0 0.47265625 0.5146484375 0.2041015625 0.087890625
0 0.486328125 0.5712890625 0.0703125 0.0791015625
0 0.4716796875 1.0 0.1533203125 0.033203125
0 0.2392578125 0.4697265625 0.2294921875 0.091796875
0 1.0 1.0 0.1435546875 0.0595703125
0 0.4091796875 0.376953125 0.3603515625 0.1015625
0 0.5771484375 0.2578125 0.2548828125 0.189453125
0 0.169921875 0.34375 0.169921875 0.1240234375
0 0.9365234375 0.3740234375 0.111328125 0.1279296875
0 0.8271484375 0.61328125 0.1298828125 0.2060546875
0 0.8447265625 0.134765625 0.20703125 0.134765625
0 0.91015625 0.1494140625 0.09375 0.1494140625
0 0.2109375 0.3017578125 0.1689453125 0.1474609375
0 0.314453125 0.2578125 0.111328125 0.1953125
0 0.0888671875 0.482421875 0.068359375 0.0712890625
0 0.1103515625 0.548828125 0.056640625 0.087890625
0 0.3046875 0.52734375 0.0712890625 0.0673828125
