0 0.8984375 0.748046875 0.1337890625 0.0576171875
0 1.0 0.609375 0.0234375 0.1572265625
0 1.0 0.18359375 0.3125 0.083984375
0 0.404296875 0.46484375 0.2421875 0.091796875
0 0.537109375 0.412109375 0.1328125 0.0927734375
0 0.724609375 0.4853515625 0.171875 0.1201171875
0 0.912109375 0.498046875 0.0654296875 0.1083984375
0 0.8046875 1.0 0.1484375 0.19140625
0 0.6201171875 0.9931640625 0.138671875 0.2451171875
0 0.458984375 0.8935546875 0.1396484375 0.2333984375
0 0.287109375 0.8798828125 0.0830078125 0.08984375
0 0.025390625 0.873046875 0.025390625 0.09375
0 0.1640625 0.283203125 0.130859375 0.0810546875
0 0.271484375 0.337890625 0.12109375 0.087890625
0 0.275390625 0.5791015625 0.1201171875 0.072265625
0 1.0 0.845703125 0.02734375 0.12890625
0 0.900390625 0.99609375 0.0810546875 0.1044921875
0 0.0634765625 0.451171875 0.0634765625 0.0634765625
0 0.0712890625 0.568359375 0.0693359375 0.0556640625
0 0.4697265625 1.0 0.0546875 0.03515625
0 0.4013671875 0.974609375 0.064453125 0.0869140625
0 0.2783203125 1.0 0.0859375 0.0458984375
0 0.2197265625 0.96484375 0.0546875 0.0556640625
0 0.1318359375 1.0 0.0927734375 0.0439453125
0 0.3779296875 0.314453125 0.109375 0.0517578125
0 0.4072265625 0.16796875 0.1279296875 0.0654296875
0 0.1279296875 0.1650390625 0.068359375 0.0703125
0 0.216796875 0.115234375 0.078125 0.115234375
0 0.3642578125 0.0869140625 0.0732421875 0.0693359375
0 0.5234375 0.12109375 0.09375 0.0732421875
0 0.541015625 0.2939453125 0.056640625 0.05078125
0 0.6533203125 0.2421875 0.0986328125 0.0439453125
0 0.580078125 0.2275390625 0.072265625 0.091796875
0 0.6640625 0.611328125 0.0576171875 0.041015625
0 0.673828125 0.7265625 0.1337890625 0.1044921875
0 0.99609375 0.9150390625 0.14453125 0.10546875
0 0.9970703125 0.662109375 0.099609375 0.080078125
0 0.916015625 0.7724609375 0.056640625 0.05859375
0 0.7724609375 0.369140625 0.0673828125 0.0673828125
0 0.748046875 0.259765625 0.08203125 0.056640625
0 0.8447265625 0.2578125 0.0927734375 0.060546875
0 0.7294921875 0.13671875 0.1240234375 0.060546875
0 1.0 0.302734375 0.0400390625 0.0791015625
0 1.0 0.2099609375 0.0595703125 0.0546875
0 0.56640625 1.0 0.052734375 0.015625
