0 0.4208984375 0.7373046875 0.0859375 0.0869140625
0 0.982421875 0.341796875 0.05859375 0.0673828125
0 0.3984375 0.80078125 0.08203125 0.0654296875
0 0.1494140625 0.076171875 0.064453125 0.07421875
0 0.087890625 0.2666015625 0.0751953125 0.0693359375
0 0.595703125 0.30859375 0.064453125 0.076171875
0 0.7490234375 0.3046875 0.0693359375 0.091796875
0 0.1181640625 0.8310546875 0.0341796875 0.0673828125
0 0.2607421875 0.3310546875 0.05859375 0.078125
0 0.0478515625 0.6259765625 0.0478515625 0.04296875
0 0.6630859375 0.1611328125 0.037109375 0.0859375
0 0.5751953125 0.7578125 0.0595703125 0.0634765625
0 0.22265625 0.9189453125 0.080078125 0.0732421875
0 0.482421875 0.4755859375 0.0537109375 0.0791015625
0 0.44921875 0.94921875 0.0439453125 0.0966796875
0 0.2783203125 0.7744140625 0.0322265625 0.0751953125
0 0.271484375 0.125 0.0537109375 0.0771484375
0 0.9912109375 0.501953125 0.080078125 0.0380859375
0 0.5341796875 0.931640625 0.0576171875 0.0400390625
0 0.7412109375 0.8515625 0.046875 0.0556640625
0 0.0224609375 0.484375 0.0205078125 0.0634765625
0 0.4599609375 0.033203125 0.068359375 0.033203125
0 0.205078125 0.4296875 0.0478515625 0.08203125
0 0.2060546875 0.3203125 0.0654296875 0.087890625
0 0.4287109375 0.998046875 0.0517578125 0.0478515625
0 0.2314453125 0.4716796875 0.0703125 0.0478515625
0 0.5263671875 0.19921875 0.068359375 0.0361328125
0 0.9716796875 0.8349609375 0.0390625 0.0556640625
0 0.6552734375 0.8232421875 0.06640625 0.048828125
0 0.8798828125 0.7373046875 0.052734375 0.048828125
0 0.3427734375 0.89453125 0.072265625 0.0419921875
0 0.1298828125 0.8876953125 0.0419921875 0.03125
0 0.736328125 0.35546875 0.041015625 0.0576171875
0 0.2578125 0.390625 0.05078125 0.0400390625
0 1.0 0.1396484375 0.0400390625 0.0390625
0 0.0380859375 0.8662109375 0.0380859375 0.0986328125
0 0.935546875 0.8876953125 0.033203125 0.060546875
0 0.9677734375 0.95703125 0.076171875 0.0439453125
0 0.6271484375 0.51591796875 0.06513671875000004 0.04580078124999998
0 0.2822265625 0.5498046875 0.04296875 0.0419921875
0 0.9287109375 0.7353515625 0.0322265625 0.0576171875
0 0.7265625 0.03515625 0.029296875 0.03515625
0 0.9931640625 0.7451171875 0.029296875 0.0419921875
0 0.3662109375 0.96484375 0.044921875 0.0537109375
0 0.3671875 0.5 0.0517578125 0.03515625
0 1.0 0.5478515625 0.0322265625 0.052734375
0 0.392578125 0.4677734375 0.046875 0.0546875
0 0.568359375 1.0 0.0341796875 0.0205078125
0 0.7978515625 0.7373046875 0.0478515625 0.02734375
0 0.6162109375 0.7255859375 0.0673828125 0.0498046875
0 0.708984375 0.5810546875 0.0458984375 0.041015625
0 0.857421875 0.53125 0.0546875 0.0634765625
0 0.9296875 0.126953125 0.05078125 0.048828125
0 0.041015625 0.41796875 0.041015625 0.0400390625
0 0.2275390625 0.958984375 0.060546875 0.05078125
0 0.28515625 0.9814453125 0.111328125 0.041015625
0 0.3427734375 1.0 0.1259765625 0.0419921875
