0 0.4375 0.3173828125 0.1083984375 0.107421875
0 0.056640625 0.0791015625 0.056640625 0.0791015625
0 0.1640625 0.314453125 0.0869140625 0.0927734375
0 0.625 0.3369140625 0.150390625 0.0751953125
0 0.556640625 0.4716796875 0.1865234375 0.07421875
0 0.513671875 0.0478515625 0.0751953125 0.0478515625
0 0.0869140625 0.3583984375 0.0869140625 0.076171875
0 0.5947265625 0.1845703125 0.16015625 0.1279296875
0 0.4375 0.1044921875 0.10546875 0.1044921875
0 0.1845703125 0.3720703125 0.0673828125 0.0625
0 0.9443359375 0.6572265625 0.107421875 0.09765625
0 0.169921875 0.109375 0.0830078125 0.0576171875
0 0.189453125 0.5244140625 0.0751953125 0.0751953125
0 0.3193359375 0.1181640625 0.091796875 0.0830078125
0 0.33203125 0.5947265625 0.1201171875 0.087890625
0 0.2890625 0.1640625 0.0771484375 0.0595703125
0 0.591796875 0.4970703125 0.134765625 0.0625
0 0.5 0.14453125 0.1181640625 0.0625
0 0.509765625 0.19921875 0.087890625 0.07421875
0 0.3837890625 0.0458984375 0.1103515625 0.0458984375
0 0.3466796875 0.140625 0.0791015625 0.0634765625
