0 0.8857421875 0.240234375 0.10546875 0.0751953125
0 0.908203125 0.33984375 0.0791015625 0.0703125
0 0.7197265625 0.25 0.048828125 0.0927734375
0 0.6669921875 0.2431640625 0.109375 0.0546875
0 0.61328125 0.185546875 0.0712890625 0.087890625
0 0.6455078125 0.1552734375 0.0595703125 0.072265625
0 0.6552734375 0.0625 0.0712890625 0.0625
0 0.5419921875 0.142578125 0.060546875 0.0703125
0 0.4814453125 0.314453125 0.12890625 0.109375
0 0.37890625 0.2138671875 0.1083984375 0.0908203125
0 0.4111328125 0.0791015625 0.1005859375 0.0791015625
0 0.22265625 0.0439453125 0.0703125 0.0439453125
0 0.201171875 0.31640625 0.0986328125 0.0615234375
0 0.09765625 0.2392578125 0.095703125 0.0986328125
0 0.7998046875 0.146484375 0.0634765625 0.1259765625
0 0.9228515625 0.1015625 0.0693359375 0.076171875
0 1.0 0.0810546875 0.060546875 0.0810546875
0 0.53515625 0.5908203125 0.1162109375 0.1162109375
0 0.462890625 0.5986328125 0.068359375 0.08203125
0 0.408203125 0.64453125 0.0576171875 0.05859375
0 0.3974609375 0.5478515625 0.12109375 0.0634765625
0 0.7548828125 0.5283203125 0.123046875 0.068359375
0 0.751953125 0.640625 0.052734375 0.0966796875
0 0.9375 0.671875 0.083984375 0.080078125
0 0.861328125 0.7509765625 0.0703125 0.1005859375
0 0.6884765625 0.6376953125 0.0693359375 0.0869140625
0 0.6923828125 0.73046875 0.1044921875 0.1318359375
0 0.583984375 0.724609375 0.05859375 0.0654296875
0 0.5361328125 0.7373046875 0.080078125 0.0595703125
0 0.623046875 0.8271484375 0.0791015625 0.0673828125
0 0.455078125 0.798828125 0.1298828125 0.0810546875
0 0.3349609375 0.6845703125 0.0771484375 0.0634765625
0 0.1953125 0.62109375 0.107421875 0.0966796875
0 0.1708984375 0.6650390625 0.1044921875 0.0625
0 0.126953125 0.7001953125 0.1064453125 0.10546875
0 0.2939453125 0.8876953125 0.0986328125 0.05859375
0 0.5068359375 0.9384765625 0.07421875 0.07421875
0 0.6259765625 0.9482421875 0.064453125 0.064453125
0 0.7001953125 0.9892578125 0.06640625 0.0673828125
0 0.4365234375 1.0 0.068359375 0.0673828125
0 0.1162109375 0.94140625 0.087890625 0.0576171875
0 0.134765625 0.8974609375 0.07421875 0.0478515625
0 0.873046875 0.9931640625 0.0859375 0.0859375
0 0.8173828125 0.841796875 0.06640625 0.060546875
0 0.966796875 0.7841796875 0.076171875 0.0771484375
0 0.98828125 0.5478515625 0.0634765625 0.0751953125
0 0.734375 0.07421875 0.0654296875 0.07421875
0 0.4677734375 0.865234375 0.064453125 0.044921875
0 0.244140625 0.5615234375 0.0673828125 0.044921875
0 0.640625 0.576171875 0.0537109375 0.0576171875
