0 0.58203125 0.880859375 0.0673828125 0.072265625
0 0.8505859375 0.529296875 0.0986328125 0.056640625
0 0.390625 0.876953125 0.1044921875 0.130859375
0 0.8779296875 0.5849609375 0.0859375 0.0625
0 0.150390625 0.39453125 0.109375 0.052734375
0 0.6689453125 0.173828125 0.1025390625 0.0673828125
0 0.34765625 0.5498046875 0.064453125 0.07421875
0 0.615234375 0.05859375 0.083984375 0.0537109375
0 0.3583984375 0.3701171875 0.0869140625 0.0517578125
0 0.966796875 0.892578125 0.158203125 0.0654296875
0 0.8173828125 0.630859375 0.119140625 0.064453125
0 0.5224609375 0.0439453125 0.1083984375 0.0439453125
0 0.2939453125 0.4765625 0.1015625 0.0576171875
0 0.8154296875 1.0 0.0595703125 0.099609375
0 0.6279296875 0.9365234375 0.0986328125 0.0478515625
0 0.642578125 0.2236328125 0.0947265625 0.0556640625
0 0.103515625 0.5625 0.1025390625 0.056640625
0 0.3359375 0.650390625 0.1064453125 0.087890625
0 0.12890625 0.935546875 0.083984375 0.109375
0 0.44921875 0.7646484375 0.109375 0.0634765625
0 0.7333984375 0.4208984375 0.1318359375 0.0546875
0 0.59765625 0.28125 0.1064453125 0.060546875
0 0.1435546875 0.2900390625 0.087890625 0.07421875
0 0.4208984375 0.494140625 0.0615234375 0.0517578125
0 0.0859375 0.341796875 0.083984375 0.052734375
0 0.521484375 0.38671875 0.1220703125 0.0595703125
0 0.7890625 0.7333984375 0.126953125 0.0478515625
0 0.1279296875 0.1005859375 0.091796875 0.037109375
0 0.0947265625 0.53125 0.0458984375 0.0712890625
0 0.5517578125 0.8955078125 0.1064453125 0.0546875
0 0.302734375 0.9111328125 0.111328125 0.052734375
0 0.8935546875 0.6962890625 0.111328125 0.0498046875
0 0.2666015625 0.6337890625 0.0830078125 0.0419921875
0 0.5068359375 0.705078125 0.0810546875 0.0576171875
0 0.90625 0.056640625 0.05078125 0.0517578125
0 0.1748046875 0.658203125 0.09765625 0.056640625
0 0.13671875 0.228515625 0.1142578125 0.1103515625
0 0.7607421875 0.890625 0.1064453125 0.056640625
0 0.544921875 0.341796875 0.0791015625 0.0341796875
0 0.79296875 0.373046875 0.1005859375 0.0380859375
0 0.4091796875 0.64453125 0.0546875 0.0419921875
0 0.296875 0.681640625 0.0830078125 0.0419921875
0 0.029296875 0.0986328125 0.029296875 0.064453125
0 0.1083984375 0.134765625 0.107421875 0.03125
0 0.46875 0.3447265625 0.0908203125 0.037109375
0 0.291015625 0.9736328125 0.1044921875 0.07421875
0 1.0 0.642578125 0.0732421875 0.05078125
0 0.6103515625 0.4658203125 0.1708984375 0.068359375
0 0.1708984375 0.7177734375 0.1025390625 0.0390625
0 0.3662109375 0.0224609375 0.044921875 0.0224609375
0 0.0791015625 0.28515625 0.0791015625 0.0537109375
0 1.0 0.5302734375 0.0361328125 0.05078125
0 0.4501953125 0.693359375 0.080078125 0.029296875
0 0.4541015625 0.3154296875 0.07421875 0.0390625
0 0.2802734375 1.0 0.0791015625 0.0341796875
0 0.150390625 1.0 0.1494140625 0.0361328125
0 0.5419921875 0.9287109375 0.0595703125 0.046875
0 0.7021484375 0.0205078125 0.05859375 0.0205078125
0 0.4453125 0.935546875 0.0927734375 0.0322265625
0 0.6904296875 0.375 0.173828125 0.0986328125
0 0.1904296875 0.9775390625 0.1884765625 0.0556640625
0 0.6103515625 0.2431640625 0.09375 0.0478515625
0 0.8671875 0.3662109375 0.0888671875 0.0419921875
0 0.921875 0.8564453125 0.080078125 0.0634765625
0 0.6806640625 0.302734375 0.1376953125 0.125
0 0.1171875 0.8408203125 0.10546875 0.06640625
0 0.041015625 0.501953125 0.041015625 0.05859375
0 0.19140625 0.279296875 0.0810546875 0.06640625
0 0.8369140625 0.880859375 0.0703125 0.037109375
0 0.3193359375 0.439453125 0.0703125 0.033203125
0 0.1025390625 0.65625 0.1015625 0.1259765625
0 0.228515625 0.6298828125 0.0859375 0.0673828125
0 0.3388671875 0.6435546875 0.0791015625 0.0498046875
0 0.9453125 0.62109375 0.0712890625 0.0419921875
0 0.4501953125 0.943359375 0.0556640625 0.0712890625
0 0.189453125 0.865234375 0.11328125 0.0400390625
0 0.1748046875 0.8798828125 0.0791015625 0.0224609375
0 0.6220703125 0.18359375 0.048828125 0.0537109375
0 0.76171875 0.447265625 0.0517578125 0.03515625
0 0.341796875 0.62890625 0.0498046875 0.0400390625
