0 0.9921875 0.76171875 0.109375 0.076171875
0 1.0 0.080078125 0.0712890625 0.056640625
0 1.0 0.833984375 0.076171875 0.0791015625
0 0.9853515625 1.0 0.1103515625 0.078125
0 0.45703125 0.7724609375 0.072265625 0.1015625
0 0.955078125 0.8466796875 0.087890625 0.08984375
0 0.841796875 0.7314453125 0.1513671875 0.09375
0 0.5234375 0.787109375 0.0966796875 0.1064453125
0 0.30859375 0.5947265625 0.1337890625 0.0908203125
0 0.8173828125 0.6640625 0.1484375 0.068359375
0 0.3583984375 0.5595703125 0.0849609375 0.10546875
0 0.533203125 0.6962890625 0.09375 0.0810546875
0 0.994140625 0.3486328125 0.0732421875 0.1220703125
0 0.4208984375 0.6708984375 0.1015625 0.0869140625
0 1.0 0.935546875 0.107421875 0.0712890625
0 0.13671875 0.9716796875 0.13671875 0.1435546875
0 0.3681640625 0.0390625 0.1337890625 0.0390625
0 0.71484375 0.9814453125 0.1630859375 0.09375
0 0.8837890625 0.9521484375 0.12890625 0.0859375
0 0.404296875 0.3720703125 0.109375 0.080078125
0 0.7001953125 0.7412109375 0.123046875 0.083984375
0 0.4189453125 0.404296875 0.0771484375 0.0615234375
0 0.2841796875 0.380859375 0.0947265625 0.0595703125
0 0.2421875 0.3369140625 0.13671875 0.0693359375
0 0.2529296875 0.2705078125 0.1162109375 0.07421875
0 0.3349609375 0.28125 0.0888671875 0.1044921875
0 0.42578125 0.2783203125 0.1123046875 0.0810546875
0 0.3369140625 0.14453125 0.095703125 0.06640625
0 0.6005859375 0.37109375 0.0791015625 0.0791015625
0 0.650390625 0.3271484375 0.068359375 0.10546875
0 0.583984375 0.28125 0.0576171875 0.1298828125
0 0.5654296875 0.2177734375 0.06640625 0.0625
0 0.5439453125 0.1357421875 0.0517578125 0.0830078125
0 0.4951171875 0.2099609375 0.0634765625 0.1591796875
