0 0.419921875 0.419921875 0.1181640625 0.1025390625
0 1.0 0.13671875 0.0556640625 0.0849609375
0 0.77734375 0.439453125 0.1455078125 0.125
0 0.8759765625 0.064453125 0.1396484375 0.0625
0 0.6123046875 0.40234375 0.08984375 0.0751953125
0 0.58984375 0.51953125 0.1025390625 0.09765625
0 0.9140625 0.8193359375 0.1591796875 0.1201171875
0 0.734375 0.8818359375 0.1123046875 0.0869140625
0 0.6044921875 0.822265625 0.1298828125 0.125
0 0.8515625 0.974609375 0.1015625 0.142578125
0 0.484375 0.1875 0.1298828125 0.125
0 0.8671875 0.287109375 0.177734375 0.0849609375
0 0.7099609375 0.1572265625 0.1181640625 0.0947265625
0 0.8935546875 0.15625 0.08984375 0.10546875
