0 0.203125 0.0673828125 0.083984375 0.06640625
0 0.091796875 0.869140625 0.080078125 0.0576171875
0 0.125 0.1728515625 0.06640625 0.0771484375
0 0.603515625 0.7783203125 0.064453125 0.08984375
0 0.322265625 0.12109375 0.04296875 0.080078125
0 0.2353515625 0.888671875 0.130859375 0.0625
0 0.2119140625 0.2265625 0.068359375 0.1083984375
0 0.17578125 0.751953125 0.068359375 0.05078125
0 0.498046875 0.205078125 0.029296875 0.08203125
0 0.9580078125 0.5791015625 0.0263671875 0.056640625
0 0.111328125 0.6748046875 0.0390625 0.0673828125
0 0.146484375 0.1083984375 0.04296875 0.078125
0 0.822265625 0.478515625 0.0517578125 0.0673828125
0 0.3603515625 0.76953125 0.044921875 0.107421875
0 0.115234375 0.1083984375 0.048828125 0.0625
0 0.5673828125 0.61328125 0.0400390625 0.0908203125
0 0.900390625 0.2939453125 0.033203125 0.1025390625
0 0.4765625 0.5126953125 0.03125 0.078125
0 0.1826171875 0.7353515625 0.0380859375 0.0615234375
0 0.13671875 0.3154296875 0.05078125 0.05078125
0 0.8125 1.0 0.0234375 0.052734375
0 0.70703125 0.73046875 0.03125 0.0712890625
0 1.0 0.623046875 0.04296875 0.0625
0 0.509765625 0.4658203125 0.0517578125 0.1064453125
0 0.7060546875 0.55859375 0.06640625 0.056640625
0 0.2431640625 0.224609375 0.03125 0.10546875
0 0.6923828125 0.4658203125 0.0546875 0.0458984375
0 0.712890625 0.8369140625 0.0498046875 0.0703125
0 0.087890625 0.7421875 0.0693359375 0.033203125
0 1.0 0.76171875 0.046875 0.0390625
0 0.7958984375 0.337890625 0.05078125 0.193359375
0 0.79296875 0.498046875 0.09765625 0.0341796875
0 0.24609375 0.583984375 0.0927734375 0.0244140625
0 0.859375 0.24609375 0.0576171875 0.048828125
0 0.0244140625 0.56640625 0.0244140625 0.02734375
0 0.2333984375 0.5625 0.0419921875 0.0498046875
0 0.5 0.5224609375 0.0302734375 0.091796875
0 0.341796875 0.625 0.0712890625 0.0498046875
0 0.34365234375 0.7564453125 0.0322265625 0.095703125
0 0.552734375 0.041015625 0.046875 0.041015625
0 0.6611328125 0.064453125 0.03125 0.0546875
0 0.8046875 0.484375 0.0380859375 0.0712890625
0 0.5341796875 0.5791015625 0.0517578125 0.0693359375
0 0.6328125 0.583984375 0.04296875 0.0498046875
0 0.6181640625 1.0 0.033203125 0.017578125
0 0.2265625 0.2119140625 0.02734375 0.0927734375
0 0.68359375 0.46875 0.0478515625 0.0380859375
0 0.0205078125 0.548828125 0.0205078125 0.0576171875
0 0.2431640625 0.9609375 0.0380859375 0.029296875
0 0.9609375 0.6953125 0.0458984375 0.02734375
0 0.13671875 0.568359375 0.0615234375 0.03125
0 0.08984375 0.642578125 0.041015625 0.048828125
0 0.853515625 0.625 0.0556640625 0.04296875
0 0.4755859375 0.8310546875 0.05078125 0.0400390625
0 0.779296875 0.8935546875 0.0615234375 0.0556640625
0 0.5263671875 0.9404296875 0.0732421875 0.0390625
0 0.3359375 0.900390625 0.0556640625 0.0419921875
