0 0.12109375 0.2373046875 0.0634765625 0.078125
0 0.2978515625 0.302734375 0.1259765625 0.0986328125
0 0.484375 0.2587890625 0.123046875 0.0849609375
0 0.5537109375 0.1630859375 0.12109375 0.072265625
0 0.53125 0.060546875 0.166015625 0.060546875
0 0.3828125 0.033203125 0.095703125 0.033203125
0 0.255859375 0.453125 0.1201171875 0.06640625
0 0.1640625 0.6806640625 0.0888671875 0.0595703125
0 0.2744140625 0.8779296875 0.060546875 0.0927734375
0 0.1123046875 0.8017578125 0.1123046875 0.09375
0 0.0517578125 0.69921875 0.0517578125 0.0654296875
0 0.1708984375 0.7392578125 0.083984375 0.08203125
0 0.3134765625 0.724609375 0.087890625 0.072265625
0 0.423828125 0.7705078125 0.091796875 0.1005859375
0 0.685546875 0.9052734375 0.068359375 0.0615234375
0 0.7294921875 0.9560546875 0.0849609375 0.0693359375
0 0.7880859375 0.6953125 0.1162109375 0.078125
0 0.6884765625 0.7197265625 0.0908203125 0.0625
0 0.837890625 0.76953125 0.0908203125 0.0791015625
0 1.0 0.76171875 0.087890625 0.076171875
0 0.8642578125 0.6337890625 0.1025390625 0.072265625
0 0.7646484375 0.58984375 0.080078125 0.060546875
0 0.427734375 0.5576171875 0.119140625 0.068359375
0 0.357421875 0.5869140625 0.0810546875 0.0556640625
0 0.451171875 0.6240234375 0.0634765625 0.0634765625
0 0.5771484375 0.6923828125 0.1220703125 0.06640625
0 0.755859375 0.5263671875 0.0810546875 0.064453125
0 0.8232421875 0.419921875 0.09375 0.091796875
0 0.76171875 0.328125 0.1416015625 0.0849609375
0 0.970703125 0.404296875 0.099609375 0.0654296875
0 0.3603515625 0.3896484375 0.1123046875 0.060546875
0 0.7431640625 0.1904296875 0.0732421875 0.0673828125
0 1.0 0.2392578125 0.099609375 0.07421875
0 0.2294921875 0.2119140625 0.0537109375 0.0556640625
0 0.38671875 0.966796875 0.0634765625 0.0615234375
0 0.9638671875 0.9306640625 0.0712890625 0.130859375
0 0.1552734375 0.84375 0.04296875 0.048828125
0 0.6298828125 0.2978515625 0.0859375 0.052734375
