0 0.845703125 0.224609375 0.056640625 0.076171875
0 0.16796875 0.4951171875 0.0537109375 0.0947265625
0 0.6005859375 0.20703125 0.0712890625 0.07421875
0 0.1337890625 0.205078125 0.056640625 0.10546875
0 0.650390625 0.6396484375 0.0546875 0.080078125
0 0.97265625 0.1552734375 0.06640625 0.0673828125
0 0.40234375 0.4619140625 0.0771484375 0.0712890625
0 0.4755859375 0.8671875 0.0908203125 0.078125
0 0.5859375 0.556640625 0.033203125 0.0947265625
0 0.2197265625 0.6259765625 0.076171875 0.0634765625
0 0.4072265625 0.728515625 0.056640625 0.0732421875
0 0.4501953125 0.228515625 0.0771484375 0.07421875
0 0.4423828125 0.1943359375 0.0615234375 0.1025390625
0 0.640625 0.419921875 0.091796875 0.1259765625
0 0.978515625 0.3271484375 0.0654296875 0.06640625
0 0.9326171875 0.4970703125 0.0732421875 0.0625
0 0.92578125 0.625 0.0712890625 0.0615234375
0 0.7822265625 0.4091796875 0.0390625 0.111328125
0 0.505859375 0.662109375 0.0595703125 0.0625
0 0.3125 0.9326171875 0.0693359375 0.0439453125
0 0.6572265625 0.8525390625 0.0966796875 0.0634765625
0 0.0234375 0.8916015625 0.0234375 0.0703125
0 0.2646484375 0.5478515625 0.0546875 0.05078125
0 0.1103515625 0.953125 0.0537109375 0.087890625
0 0.13671875 1.0 0.0517578125 0.0283203125
0 0.275390625 0.974609375 0.12109375 0.0498046875
0 0.6591796875 0.9306640625 0.08203125 0.0341796875
0 0.947265625 0.0380859375 0.0400390625 0.0380859375
0 0.26171875 0.494140625 0.048828125 0.0478515625
0 0.7900390625 0.5166015625 0.0400390625 0.0810546875
0 0.4375 0.47265625 0.0380859375 0.080078125
0 0.39453125 0.5478515625 0.048828125 0.0947265625
0 0.5927734375 0.84765625 0.0556640625 0.0556640625
0 0.384765625 0.859375 0.0546875 0.0439453125
0 0.9287109375 0.88671875 0.0537109375 0.09765625
0 0.62890625 0.533203125 0.046875 0.056640625
0 0.900390625 0.0341796875 0.033203125 0.0341796875
0 0.4150390625 0.58984375 0.052734375 0.05078125
0 1.0 0.2998046875 0.04296875 0.029296875
0 0.7314453125 0.58203125 0.041015625 0.0693359375
0 0.650390625 0.720703125 0.046875 0.0400390625
0 0.6845703125 0.564453125 0.0341796875 0.060546875
0 1.0 0.55859375 0.0322265625 0.080078125
0 0.2431640625 0.7646484375 0.0517578125 0.0634765625
0 0.884765625 0.5771484375 0.04296875 0.0673828125
0 1.0 0.6494140625 0.01953125 0.080078125
0 0.7392578125 0.5126953125 0.037109375 0.0263671875
0 0.8125 0.3134765625 0.095703125 0.1181640625
0 0.8544921875 0.6005859375 0.0322265625 0.0703125
0 0.83203125 0.58984375 0.0283203125 0.07421875
0 0.095703125 0.619140625 0.0390625 0.03515625
