0 0.3994140625 0.48046875 0.0419921875 0.0849609375
0 0.1943359375 0.7236328125 0.0654296875 0.0654296875
0 0.2431640625 0.1220703125 0.07421875 0.076171875
0 0.341796875 1.0 0.091796875 0.15234375
0 0.388671875 0.2705078125 0.044921875 0.0693359375
0 0.400390625 0.912109375 0.0791015625 0.111328125
0 0.0400390625 0.0986328125 0.0400390625 0.0615234375
0 0.267578125 0.859375 0.0703125 0.0537109375
0 0.998046875 0.13671875 0.0341796875 0.0888671875
0 0.1650390625 0.130859375 0.115234375 0.0771484375
0 0.732421875 0.521484375 0.087890625 0.06640625
0 0.8505859375 0.146484375 0.048828125 0.0693359375
0 0.3125 0.275390625 0.052734375 0.0634765625
0 0.2861328125 0.20703125 0.0263671875 0.0693359375
0 0.9677734375 0.802734375 0.0390625 0.052734375
0 0.431640625 0.1220703125 0.09375 0.0478515625
0 0.6328125 0.38671875 0.025390625 0.0947265625
0 0.4375 0.853515625 0.0693359375 0.076171875
0 0.0517578125 0.2177734375 0.0517578125 0.044921875
0 0.2822265625 0.685546875 0.1044921875 0.09375
0 0.0146484375 0.423828125 0.0146484375 0.0751953125
0 0.2646484375 0.51171875 0.044921875 0.0615234375
0 0.1923828125 0.2177734375 0.0341796875 0.0478515625
0 0.3125 0.591796875 0.044921875 0.0576171875
0 0.138671875 0.4892578125 0.056640625 0.072265625
0 0.123046875 0.5732421875 0.07421875 0.0634765625
0 0.7783203125 0.173828125 0.025390625 0.0712890625
0 0.91796875 0.142578125 0.025390625 0.05859375
0 0.2373046875 0.615234375 0.0595703125 0.0439453125
0 0.4306640625 0.751953125 0.0478515625 0.064453125
0 0.0458984375 0.7998046875 0.0458984375 0.0517578125
0 0.884765625 0.302734375 0.03515625 0.072265625
0 0.94921875 0.509765625 0.0361328125 0.0615234375
0 0.97265625 0.28125 0.0771484375 0.046875
0 0.8984375 0.5224609375 0.080078125 0.05859375
0 0.2783203125 1.0 0.115234375 0.0537109375
0 0.6904296875 0.291015625 0.037109375 0.103515625
0 0.083984375 0.8818359375 0.0576171875 0.044921875
0 0.7802734375 0.412109375 0.0673828125 0.048828125
0 0.939453125 0.78515625 0.0830078125 0.0400390625
0 0.1162109375 0.62109375 0.052734375 0.0693359375
0 0.3271484375 0.12109375 0.056640625 0.0625
0 0.7392578125 0.57421875 0.0703125 0.0419921875
0 0.5908203125 0.302734375 0.037109375 0.046875
0 0.0458984375 0.962890625 0.0458984375 0.05078125
0 0.73046875 0.947265625 0.0869140625 0.041015625
0 0.0849609375 0.423828125 0.0322265625 0.0625
0 0.8486328125 1.0 0.0615234375 0.0205078125
0 0.4765625 0.24609375 0.0810546875 0.041015625
0 0.173828125 0.4365234375 0.0810546875 0.0478515625
0 0.7431640625 0.3271484375 0.05234375000000002 0.04335937499999998
0 0.3408203125 0.5498046875 0.0400390625 0.044921875
0 0.318359375 0.6337890625 0.0654296875 0.0302734375
0 0.4404296875 0.7177734375 0.080078125 0.03515625
0 0.552734375 0.837890625 0.05859375 0.037109375
0 0.7080078125 0.8486328125 0.072265625 0.05078125
0 0.8583984375 0.8330078125 0.0419921875 0.083984375
0 0.9521484375 0.8427734375 0.064453125 0.0546875
0 0.0244140625 0.8623046875 0.0244140625 0.0537109375
0 0.0849609375 0.912109375 0.0673828125 0.0419921875
0 0.40625 0.2080078125 0.076171875 0.068359375
0 0.361328125 0.158203125 0.0732421875 0.046875
0 0.4287109375 0.1396484375 0.0517578125 0.0810546875
