0 0.037109375 0.216796875 0.037109375 0.0849609375
0 0.447265625 0.95703125 0.1181640625 0.072265625
0 0.7421875 0.4873046875 0.1171875 0.1298828125
0 0.3720703125 0.8271484375 0.1572265625 0.0830078125
0 0.5673828125 0.6142578125 0.107421875 0.0751953125
0 0.3046875 0.4072265625 0.09765625 0.078125
0 0.4794921875 0.419921875 0.0771484375 0.0625
0 0.744140625 0.7197265625 0.1142578125 0.060546875
0 0.5947265625 0.51953125 0.1650390625 0.087890625
0 0.822265625 0.5244140625 0.078125 0.099609375
0 0.072265625 0.8486328125 0.072265625 0.0869140625
0 0.259765625 0.306640625 0.072265625 0.08984375
0 0.8544921875 0.5947265625 0.1552734375 0.0751953125
0 0.7119140625 0.89453125 0.15234375 0.08203125
0 0.1142578125 0.2822265625 0.1044921875 0.10546875
0 0.0947265625 0.751953125 0.080078125 0.0673828125
0 0.5322265625 0.8798828125 0.080078125 0.0703125
0 0.3193359375 0.7666015625 0.14453125 0.1298828125
0 0.9267578125 0.7099609375 0.091796875 0.068359375
0 0.734375 0.9541015625 0.125 0.064453125
0 0.5673828125 0.8193359375 0.0908203125 0.0693359375
0 0.171875 0.4296875 0.0869140625 0.080078125
0 0.349609375 0.599609375 0.107421875 0.0751953125
0 0.6298828125 0.7021484375 0.1455078125 0.0849609375
0 0.375 0.1318359375 0.0830078125 0.099609375
0 0.33984375 0.2373046875 0.087890625 0.0927734375
0 0.482421875 0.7919921875 0.107421875 0.0849609375
0 0.9169921875 0.3896484375 0.1298828125 0.1005859375
0 0.232421875 0.0693359375 0.087890625 0.0673828125
0 0.9921875 0.9697265625 0.1474609375 0.0703125
0 0.3271484375 1.0 0.0673828125 0.0830078125
0 0.251953125 0.6142578125 0.0751953125 0.0693359375
0 0.8046875 0.171875 0.1005859375 0.072265625
0 0.83984375 0.794921875 0.095703125 0.0654296875
0 0.619140625 0.1494140625 0.1025390625 0.0927734375
0 0.9072265625 0.8896484375 0.0751953125 0.0576171875
0 0.3046875 0.482421875 0.060546875 0.060546875
0 0.287109375 0.154296875 0.0673828125 0.0546875
0 0.8515625 0.197265625 0.099609375 0.072265625
0 0.724609375 0.3193359375 0.150390625 0.14453125
0 0.9140625 0.0673828125 0.099609375 0.0625
0 0.3916015625 0.38671875 0.064453125 0.0693359375
0 0.919921875 0.8125 0.115234375 0.0830078125
0 0.439453125 0.494140625 0.0546875 0.044921875
0 0.529296875 0.08984375 0.0771484375 0.0751953125
0 0.7724609375 0.3349609375 0.150390625 0.080078125
0 0.1123046875 0.0419921875 0.095703125 0.0400390625
0 0.2421875 0.1318359375 0.0625 0.0546875
0 0.9970703125 0.6318359375 0.072265625 0.0751953125
0 0.9970703125 0.3720703125 0.0654296875 0.0654296875
0 0.89453125 0.5419921875 0.08203125 0.09765625
0 0.857421875 0.056640625 0.125 0.0546875
0 0.6015625 0.0791015625 0.099609375 0.0625
0 0.998046875 0.2236328125 0.109375 0.0751953125
0 1.0 0.904296875 0.0654296875 0.0673828125
0 1.0 0.1083984375 0.0517578125 0.0703125
0 0.7041015625 0.9794921875 0.091796875 0.0478515625
0 0.232421875 0.9375 0.10546875 0.0830078125
0 1.0 0.8125 0.078125 0.0703125
0 0.4873046875 0.7998046875 0.0498046875 0.033203125
0 0.681640625 0.669921875 0.091796875 0.060546875
0 1.0 0.439453125 0.087890625 0.0703125
0 1.0 0.2021484375 0.03515625 0.0625
