0 0.4287109375 0.484375 0.2998046875 0.291015625
0 0.1142578125 0.4033203125 0.1025390625 0.076171875
0 0.080078125 0.2568359375 0.080078125 0.0791015625
0 0.2099609375 0.173828125 0.0830078125 0.072265625
0 0.529296875 0.25 0.1181640625 0.0751953125
0 0.7001953125 0.3232421875 0.150390625 0.1123046875
0 0.5771484375 0.18359375 0.0537109375 0.068359375
0 0.7236328125 0.1767578125 0.12890625 0.078125
0 0.806640625 0.1259765625 0.1650390625 0.1259765625
0 1.0 0.1376953125 0.0947265625 0.1162109375
0 0.623046875 0.095703125 0.2080078125 0.078125
0 0.060546875 0.1220703125 0.060546875 0.1220703125
0 0.7890625 0.2744140625 0.08203125 0.072265625
0 0.947265625 0.26171875 0.140625 0.078125
0 1.0 0.28515625 0.05859375 0.0732421875
0 0.962890625 0.3974609375 0.0927734375 0.134765625
0 1.0 0.3671875 0.216796875 0.0654296875
0 0.8994140625 0.7373046875 0.1552734375 0.0927734375
0 1.0 0.75 0.060546875 0.0859375
0 0.8857421875 1.0 0.068359375 0.0478515625
0 0.919921875 0.8837890625 0.095703125 0.068359375
0 0.8017578125 1.0 0.0693359375 0.04296875
0 0.74609375 1.0 0.0712890625 0.095703125
0 0.5458984375 0.9970703125 0.0751953125 0.08203125
0 0.447265625 0.8251953125 0.0712890625 0.0673828125
0 0.359375 0.6357421875 0.1015625 0.0712890625
0 0.265625 0.650390625 0.11328125 0.0859375
0 0.2861328125 0.7412109375 0.0810546875 0.076171875
0 0.322265625 0.765625 0.0859375 0.0595703125
0 0.3447265625 0.8525390625 0.08203125 0.037109375
0 0.09375 0.802734375 0.076171875 0.05078125
0 0.0693359375 1.0 0.0693359375 0.1015625
0 0.16796875 0.91796875 0.0556640625 0.06640625
0 0.4052734375 0.9150390625 0.0595703125 0.0849609375
0 0.435546875 0.9599609375 0.0654296875 0.0615234375
0 0.3359375 0.94921875 0.1689453125 0.0830078125
0 0.3466796875 1.0 0.0859375 0.056640625
0 0.146484375 1.0 0.0537109375 0.0556640625
0 0.669921875 0.6689453125 0.046875 0.0400390625
0 0.2255859375 0.8720703125 0.0556640625 0.046875
0 0.6875 0.2314453125 0.107421875 0.0673828125
