0 0.0546875 0.2509765625 0.0546875 0.064453125
0 0.064453125 0.302734375 0.064453125 0.0634765625
0 0.154296875 0.2431640625 0.080078125 0.1103515625
0 0.078125 0.1748046875 0.0693359375 0.0830078125
0 0.177734375 0.4326171875 0.072265625 0.0673828125
0 0.22265625 0.490234375 0.0869140625 0.07421875
0 0.25 0.408203125 0.072265625 0.072265625
0 0.1923828125 0.81640625 0.0859375 0.0732421875
0 0.2373046875 0.7080078125 0.0771484375 0.0810546875
0 0.119140625 0.8271484375 0.087890625 0.0673828125
0 0.3671875 0.5107421875 0.0712890625 0.087890625
0 0.4794921875 0.4736328125 0.0869140625 0.0634765625
0 0.6123046875 0.517578125 0.078125 0.078125
0 0.6103515625 0.3642578125 0.0869140625 0.072265625
0 0.5029296875 0.3369140625 0.0869140625 0.1044921875
0 0.3984375 0.298828125 0.0830078125 0.07421875
0 0.5634765625 0.453125 0.0654296875 0.072265625
0 0.744140625 0.6181640625 0.06640625 0.1025390625
0 0.6650390625 0.591796875 0.064453125 0.0791015625
0 0.5771484375 0.5966796875 0.0810546875 0.0712890625
0 0.486328125 0.7470703125 0.0732421875 0.068359375
0 0.40625 0.8173828125 0.095703125 0.083984375
0 0.537109375 0.8271484375 0.0947265625 0.068359375
0 0.6298828125 0.7587890625 0.0712890625 0.0888671875
0 0.6416015625 0.671875 0.0771484375 0.07421875
0 0.5546875 0.6591796875 0.0546875 0.0634765625
0 0.0771484375 0.60546875 0.0712890625 0.0751953125
0 0.40625 0.701171875 0.0556640625 0.0517578125
0 0.759765625 0.904296875 0.0927734375 0.0615234375
0 0.7490234375 0.9619140625 0.0908203125 0.0634765625
0 0.9248046875 0.869140625 0.0859375 0.0703125
0 0.7001953125 0.8544921875 0.0771484375 0.0830078125
0 0.6796875 0.9345703125 0.0703125 0.0673828125
0 0.7734375 0.7578125 0.08984375 0.064453125
0 0.8876953125 0.759765625 0.1005859375 0.08203125
0 0.84375 0.6494140625 0.0869140625 0.0810546875
0 1.0 0.7744140625 0.0576171875 0.0712890625
0 0.8193359375 0.875 0.0634765625 0.08203125
0 1.0 0.3642578125 0.0830078125 0.107421875
0 1.0 0.404296875 0.0537109375 0.064453125
0 0.744140625 0.3212890625 0.0751953125 0.0615234375
0 0.9091796875 0.2431640625 0.103515625 0.1181640625
0 0.98046875 0.201171875 0.078125 0.099609375
0 0.5185546875 0.0849609375 0.0654296875 0.0693359375
0 0.970703125 0.94140625 0.072265625 0.064453125
0 0.806640625 1.0 0.0966796875 0.0576171875
0 0.43359375 0.9580078125 0.068359375 0.0732421875
0 0.8173828125 0.37109375 0.0830078125 0.0625
0 0.279296875 0.5107421875 0.0654296875 0.0712890625
0 0.916015625 0.974609375 0.080078125 0.0732421875
0 0.2685546875 0.2607421875 0.07421875 0.0703125
0 0.845703125 0.0595703125 0.0859375 0.0595703125
0 0.451171875 0.056640625 0.06640625 0.056640625
0 0.9248046875 0.8037109375 0.0888671875 0.0771484375
0 0.69140625 0.978515625 0.068359375 0.0400390625
0 0.732421875 0.80078125 0.0888671875 0.064453125
0 0.666015625 0.7255859375 0.0634765625 0.05078125
0 0.5400390625 0.490234375 0.0576171875 0.0439453125
0 0.13671875 0.4296875 0.052734375 0.0703125
0 0.025390625 0.4287109375 0.025390625 0.052734375
0 0.763671875 0.2568359375 0.0673828125 0.0595703125
0 0.9345703125 0.2587890625 0.076171875 0.076171875
0 0.9912109375 0.3125 0.0703125 0.07421875
0 0.3515625 0.056640625 0.05859375 0.056640625
0 0.4814453125 0.23046875 0.0537109375 0.041015625
