0 1.0 0.33984375 0.0556640625 0.0751953125
0 0.98828125 0.998046875 0.08984375 0.1376953125
0 0.984375 0.8154296875 0.080078125 0.1533203125
0 0.9697265625 0.39453125 0.107421875 0.08203125
0 0.90234375 0.52734375 0.0654296875 0.1181640625
0 0.8662109375 0.630859375 0.125 0.09765625
0 0.9091796875 0.3623046875 0.08203125 0.10546875
0 0.9599609375 0.5322265625 0.0654296875 0.1025390625
0 0.984375 0.6171875 0.08203125 0.1328125
0 0.916015625 0.59375 0.1357421875 0.134765625
0 0.9169921875 0.6787109375 0.0673828125 0.0908203125
