0 0.5009765625 0.208984375 0.0576171875 0.0849609375
0 0.330078125 0.7080078125 0.0791015625 0.0654296875
0 0.36328125 0.373046875 0.064453125 0.1103515625
0 0.9921875 0.1513671875 0.080078125 0.09765625
0 0.2880859375 0.3369140625 0.064453125 0.083984375
0 0.96484375 0.978515625 0.11328125 0.0908203125
0 0.939453125 0.646484375 0.09765625 0.1103515625
0 0.5283203125 0.458984375 0.103515625 0.083984375
0 0.896484375 0.923828125 0.09765625 0.076171875
0 0.4326171875 0.416015625 0.07421875 0.1044921875
0 0.7841796875 0.185546875 0.0810546875 0.083984375
0 0.904296875 0.138671875 0.07421875 0.0712890625
0 0.52734375 0.8681640625 0.080078125 0.08984375
0 0.4912109375 0.3369140625 0.09375 0.1171875
0 0.37890625 1.0 0.107421875 0.046875
0 0.857421875 1.0 0.08203125 0.072265625
0 0.2119140625 0.2802734375 0.09375 0.1455078125
0 0.4365234375 0.2548828125 0.080078125 0.1064453125
0 0.107421875 0.779296875 0.09375 0.0927734375
0 1.0 0.759765625 0.060546875 0.0986328125
0 0.95703125 0.28515625 0.1005859375 0.1044921875
0 0.2431640625 0.822265625 0.08984375 0.1142578125
0 0.6015625 0.23828125 0.1142578125 0.0732421875
0 0.98046875 0.7431640625 0.0703125 0.1396484375
0 0.037109375 0.8828125 0.037109375 0.087890625
0 0.1005859375 0.05078125 0.1005859375 0.05078125
0 0.48828125 0.583984375 0.0810546875 0.0947265625
0 0.091796875 0.509765625 0.0830078125 0.0859375
0 0.669921875 0.0537109375 0.126953125 0.0537109375
0 0.2353515625 0.9912109375 0.1005859375 0.1005859375
0 0.2578125 0.6787109375 0.0966796875 0.0908203125
0 0.2529296875 0.2294921875 0.0673828125 0.046875
0 0.3212890625 0.234375 0.068359375 0.0673828125
0 0.2900390625 0.1767578125 0.072265625 0.109375
0 0.236328125 0.162109375 0.06640625 0.0849609375
0 0.7666015625 0.455078125 0.0478515625 0.0517578125
0 0.845703125 0.0810546875 0.0693359375 0.0810546875
0 0.9736328125 0.0908203125 0.0771484375 0.0869140625
