0 0.376953125 0.3671875 0.1103515625 0.08984375
0 0.5849609375 0.2119140625 0.1025390625 0.08984375
0 0.5146484375 0.3095703125 0.1123046875 0.0947265625
0 0.4521484375 0.4794921875 0.1279296875 0.0849609375
0 0.3671875 0.794921875 0.0849609375 0.0703125
0 0.8271484375 0.626953125 0.0703125 0.0546875
0 0.5556640625 1.0 0.17578125 0.0947265625
0 0.734375 0.421875 0.0771484375 0.0927734375
0 0.9970703125 0.314453125 0.107421875 0.0771484375
0 0.759765625 0.1474609375 0.107421875 0.068359375
0 0.77734375 0.0693359375 0.078125 0.0625
0 0.32421875 0.9443359375 0.1123046875 0.099609375
0 0.95703125 0.099609375 0.0625 0.0546875
0 0.912109375 0.716796875 0.080078125 0.091796875
0 0.14453125 0.697265625 0.08203125 0.0927734375
0 0.3896484375 0.6162109375 0.1044921875 0.080078125
0 0.2685546875 0.2919921875 0.1376953125 0.0693359375
0 0.599609375 0.08984375 0.1796875 0.0771484375
