0 0.09375 0.97265625 0.0791015625 0.0947265625
0 0.16796875 0.740234375 0.0830078125 0.109375
0 0.1083984375 0.84765625 0.076171875 0.091796875
0 0.2353515625 0.779296875 0.0771484375 0.126953125
0 0.36328125 0.8154296875 0.076171875 0.0732421875
0 0.4755859375 0.876953125 0.109375 0.0673828125
0 0.4833984375 0.9697265625 0.0888671875 0.12109375
0 0.48046875 0.724609375 0.076171875 0.0830078125
0 0.53125 0.798828125 0.0576171875 0.1240234375
0 0.60546875 0.6748046875 0.060546875 0.126953125
0 0.8232421875 0.7646484375 0.0859375 0.111328125
0 0.9873046875 0.8662109375 0.109375 0.0859375
0 0.98046875 0.9697265625 0.087890625 0.0791015625
0 0.8828125 1.0 0.08984375 0.0263671875
0 0.7314453125 0.5791015625 0.076171875 0.109375
0 0.728515625 0.4912109375 0.0673828125 0.0869140625
0 0.4541015625 0.4873046875 0.0712890625 0.0849609375
0 0.19921875 0.56640625 0.1337890625 0.1064453125
0 0.2509765625 0.4794921875 0.12109375 0.080078125
0 0.5146484375 0.375 0.1328125 0.0869140625
0 0.2978515625 0.3662109375 0.0546875 0.0888671875
0 0.4873046875 0.2783203125 0.109375 0.072265625
0 0.2568359375 0.2138671875 0.103515625 0.09375
0 0.1455078125 0.2705078125 0.0693359375 0.087890625
0 0.0498046875 0.275390625 0.0498046875 0.0693359375
0 0.708984375 0.2998046875 0.1279296875 0.064453125
0 0.5146484375 0.4150390625 0.0625 0.078125
0 0.9091796875 0.5390625 0.1103515625 0.154296875
0 1.0 0.3759765625 0.1142578125 0.0673828125
0 0.8671875 0.263671875 0.107421875 0.0947265625
0 0.7265625 0.224609375 0.091796875 0.0869140625
0 0.439453125 0.169921875 0.0732421875 0.091796875
0 0.6201171875 0.115234375 0.126953125 0.0625
0 0.73046875 0.103515625 0.0908203125 0.08203125
0 0.31640625 0.099609375 0.087890625 0.091796875
0 0.6328125 0.060546875 0.12109375 0.0595703125
0 0.1064453125 0.0673828125 0.0537109375 0.06640625
0 0.9013671875 0.9501953125 0.099609375 0.0732421875
0 0.787109375 0.912109375 0.0517578125 0.052734375
0 0.4091796875 1.0 0.1181640625 0.078125
0 0.5380859375 0.3349609375 0.060546875 0.0693359375
0 0.6865234375 0.03515625 0.05859375 0.03515625
0 0.478515625 0.1923828125 0.0771484375 0.0859375
0 0.0673828125 0.037109375 0.0322265625 0.037109375
0 0.0234375 0.064453125 0.0234375 0.0478515625
0 0.892578125 1.0 0.140625 0.0556640625
0 0.3525390625 1.0 0.044921875 0.0185546875
0 1.0 0.998046875 0.0869140625 0.0263671875
