0 0.2919921875 0.2119140625 0.1044921875 0.08203125
0 0.369140625 0.1044921875 0.080078125 0.080078125
0 0.2890625 0.0517578125 0.1015625 0.0517578125
0 0.994140625 0.1943359375 0.1220703125 0.099609375
0 0.232421875 0.9970703125 0.10546875 0.1025390625
0 1.0 0.8046875 0.1005859375 0.1572265625
0 0.134765625 0.4892578125 0.0654296875 0.0546875
0 0.314453125 0.8994140625 0.125 0.107421875
0 0.8271484375 0.1044921875 0.0966796875 0.0732421875
0 0.3291015625 0.6044921875 0.1142578125 0.1123046875
0 0.33984375 0.609375 0.0830078125 0.0771484375
0 1.0 0.650390625 0.0771484375 0.0703125
0 0.1103515625 0.65234375 0.09375 0.1123046875
0 0.9521484375 0.314453125 0.125 0.126953125
0 0.1337890625 0.845703125 0.103515625 0.1005859375
0 0.9072265625 0.6845703125 0.0771484375 0.0947265625
0 0.40234375 0.947265625 0.1025390625 0.1103515625
0 0.0673828125 0.1015625 0.0654296875 0.099609375
0 0.1025390625 0.384765625 0.1005859375 0.0830078125
0 0.8720703125 0.796875 0.087890625 0.0703125
0 0.8134765625 0.2060546875 0.0673828125 0.0703125
