0 0.3837890625 0.55859375 0.0849609375 0.0849609375
0 0.353515625 0.3896484375 0.1005859375 0.083984375
0 0.525390625 0.939453125 0.060546875 0.078125
0 0.33203125 0.3046875 0.07421875 0.046875
0 0.263671875 0.3212890625 0.0830078125 0.0771484375
0 0.046875 0.9130859375 0.046875 0.087890625
0 0.998046875 0.373046875 0.0673828125 0.0927734375
0 0.359375 1.0 0.1337890625 0.0517578125
0 0.69140625 0.5908203125 0.06640625 0.0595703125
0 0.5908203125 0.10546875 0.0693359375 0.0859375
0 0.193359375 0.5986328125 0.0947265625 0.064453125
0 0.5361328125 0.12109375 0.080078125 0.12109375
0 0.31640625 0.259765625 0.0771484375 0.056640625
0 0.32421875 0.5048828125 0.0849609375 0.1435546875
0 0.125 0.3642578125 0.0966796875 0.0732421875
0 0.056640625 0.623046875 0.056640625 0.0849609375
0 0.4140625 0.7890625 0.16796875 0.1484375
0 0.52734375 0.603515625 0.103515625 0.09765625
0 0.5712890625 0.96875 0.056640625 0.076171875
0 0.2060546875 1.0 0.146484375 0.0693359375
0 1.0 0.8515625 0.0615234375 0.072265625
0 1.0 0.8994140625 0.0458984375 0.056640625
0 0.9501953125 0.3115234375 0.0751953125 0.07421875
0 0.873046875 0.4580078125 0.0888671875 0.064453125
0 0.6201171875 0.5673828125 0.041015625 0.0654296875
0 0.671875 0.5693359375 0.05859375 0.0966796875
0 0.744140625 0.453125 0.126953125 0.0751953125
0 0.685546875 0.517578125 0.0576171875 0.1201171875
0 0.609375 0.43359375 0.060546875 0.072265625
0 0.484375 0.7001953125 0.07421875 0.0576171875
0 0.3388671875 0.20703125 0.0810546875 0.0703125
