0 0.3330078125 0.0849609375 0.0517578125 0.0849609375
0 0.8359375 0.4150390625 0.0595703125 0.1064453125
0 0.287109375 0.998046875 0.064453125 0.11328125
0 0.9892578125 1.0 0.056640625 0.0849609375
0 0.5234375 0.501953125 0.06640625 0.091796875
0 0.705078125 0.494140625 0.080078125 0.0771484375
0 0.0478515625 0.67578125 0.0478515625 0.0947265625
0 0.9072265625 0.3623046875 0.0634765625 0.10546875
0 0.087890625 0.9208984375 0.078125 0.10546875
0 0.1103515625 0.16796875 0.087890625 0.0927734375
0 0.927734375 0.6181640625 0.0732421875 0.0625
0 0.1279296875 0.2958984375 0.03125 0.1162109375
0 0.712890625 1.0 0.0517578125 0.07421875
0 0.3740234375 0.341796875 0.080078125 0.091796875
0 0.509765625 0.9140625 0.048828125 0.080078125
0 0.1337890625 0.4619140625 0.095703125 0.1171875
0 0.4150390625 0.435546875 0.0341796875 0.0810546875
0 0.490234375 0.3134765625 0.0341796875 0.119140625
0 0.7060546875 0.361328125 0.0771484375 0.0869140625
0 0.6591796875 0.734375 0.052734375 0.08203125
0 0.2451171875 0.9892578125 0.072265625 0.1181640625
0 0.107421875 0.330078125 0.0654296875 0.087890625
0 0.595703125 0.4384765625 0.123046875 0.0791015625
0 0.0673828125 0.490234375 0.0615234375 0.072265625
0 0.5458984375 0.951171875 0.083984375 0.0478515625
0 0.224609375 0.40625 0.05859375 0.1171875
0 0.9453125 0.712890625 0.0712890625 0.0498046875
0 0.9794921875 0.431640625 0.033203125 0.05859375
0 0.779296875 0.16796875 0.0380859375 0.107421875
0 0.662109375 0.3701171875 0.0927734375 0.0654296875
0 0.3857421875 0.8046875 0.0634765625 0.06640625
0 0.107421875 0.6796875 0.0888671875 0.0859375
0 0.6220703125 0.140625 0.0263671875 0.0654296875
0 0.712890625 0.833984375 0.0283203125 0.078125
0 0.986328125 0.529296875 0.0625 0.0400390625
0 0.57421875 0.830078125 0.0615234375 0.0517578125
0 0.6103515625 0.5615234375 0.0576171875 0.05859375
0 0.61328125 0.7421875 0.02734375 0.07421875
0 0.0302734375 0.9033203125 0.0302734375 0.0546875
0 0.841796875 0.85546875 0.05859375 0.0439453125
0 0.78515625 0.9609375 0.048828125 0.0654296875
0 0.6044921875 0.146484375 0.0439453125 0.0673828125
0 0.5859375 0.5732421875 0.05859375 0.0654296875
0 0.6796875 0.1982421875 0.0517578125 0.06640625
0 0.4384765625 1.0 0.0380859375 0.060546875
0 0.791015625 0.978515625 0.06640625 0.0498046875
0 0.9404296875 0.7890625 0.0595703125 0.0478515625
0 0.2412109375 0.4326171875 0.1171875 0.044921875
0 0.74609375 0.73046875 0.0390625 0.107421875
0 0.107421875 0.7373046875 0.0947265625 0.052734375
0 0.7890625 0.923828125 0.046875 0.068359375
0 0.44921875 1.0 0.0380859375 0.0576171875
0 0.548828125 0.2939453125 0.0439453125 0.0849609375
0 0.3984375 0.099609375 0.0400390625 0.0595703125
0 0.7744140625 1.0 0.037109375 0.03125
0 0.6767578125 1.0 0.083984375 0.03515625
0 0.1865234375 0.2529296875 0.0380859375 0.0703125
0 0.9208984375 0.486328125 0.0517578125 0.0576171875
0 0.630859375 0.3134765625 0.0751953125 0.04296875
0 0.1513671875 0.751953125 0.087890625 0.0966796875
0 0.2236328125 1.0 0.09375 0.0400390625
0 0.3818359375 0.98046875 0.12109375 0.0927734375
0 0.3134765625 0.77734375 0.07421875 0.0390625
0 0.51953125 0.7353515625 0.0390625 0.033203125
0 0.9951171875 0.9072265625 0.0478515625 0.0361328125
0 0.3408203125 0.373046875 0.15234375 0.1533203125
0 0.7451171875 0.5498046875 0.029296875 0.0625
0 0.2373046875 0.306640625 0.0751953125 0.03125
0 0.90234375 0.115234375 0.037109375 0.0478515625
0 0.1533203125 0.39453125 0.0751953125 0.0478515625
0 0.416015625 0.6435546875 0.0498046875 0.0390625
0 0.2314453125 0.4619140625 0.0927734375 0.046875
0 0.7158203125 0.033203125 0.0244140625 0.033203125
0 0.326171875 0.162109375 0.0517578125 0.0263671875
0 0.228515625 0.177734375 0.0615234375 0.0634765625
0 1.0 0.08203125 0.056640625 0.0712890625
0 0.1435546875 0.3564453125 0.0693359375 0.0615234375
