0 0.2705078125 0.96875 0.0615234375 0.0927734375
0 0.4462890625 0.0927734375 0.05078125 0.0927734375
0 0.08984375 0.091796875 0.0693359375 0.0888671875
0 0.529296875 0.642578125 0.0498046875 0.107421875
0 0.5166015625 0.271484375 0.05078125 0.099609375
0 0.388671875 0.5625 0.0546875 0.1025390625
0 0.427734375 0.3662109375 0.0625 0.0830078125
0 0.5078125 0.7568359375 0.0458984375 0.091796875
0 0.841796875 0.419921875 0.048828125 0.0966796875
0 0.1298828125 0.9697265625 0.048828125 0.0791015625
0 0.1552734375 0.435546875 0.0546875 0.0791015625
0 0.2958984375 0.669921875 0.046875 0.0673828125
0 0.234375 0.505859375 0.0654296875 0.103515625
0 0.6806640625 0.5791015625 0.048828125 0.0986328125
0 0.9248046875 0.939453125 0.068359375 0.0595703125
0 0.8486328125 0.7490234375 0.0322265625 0.09765625
0 0.4111328125 0.822265625 0.02734375 0.072265625
0 0.509765625 0.376953125 0.0458984375 0.076171875
0 0.8916015625 0.5478515625 0.029296875 0.0908203125
0 0.57421875 0.642578125 0.0615234375 0.0732421875
0 0.4189453125 0.5419921875 0.0478515625 0.0791015625
0 0.115234375 0.6025390625 0.0517578125 0.0947265625
0 0.9716796875 0.111328125 0.03125 0.083984375
0 0.7158203125 0.078125 0.0390625 0.078125
0 0.5185546875 0.2060546875 0.0390625 0.11328125
0 0.3212890625 0.6181640625 0.0361328125 0.080078125
0 0.59375 1.0 0.041015625 0.068359375
0 0.796875 0.9345703125 0.0390625 0.0693359375
0 0.58203125 0.865234375 0.041015625 0.0751953125
0 1.0 0.8310546875 0.0380859375 0.064453125
0 1.0 0.9873046875 0.02734375 0.0771484375
0 0.7041015625 0.3486328125 0.041015625 0.1640625
0 0.7412109375 0.3671875 0.03125 0.08203125
0 0.5244140625 0.048828125 0.0341796875 0.048828125
0 0.666015625 0.89453125 0.0302734375 0.1025390625
0 0.5673828125 0.1005859375 0.0380859375 0.0849609375
0 0.380859375 0.7939453125 0.0302734375 0.0634765625
0 0.4580078125 0.44921875 0.052734375 0.0458984375
0 0.62109375 0.9677734375 0.0634765625 0.09375
0 0.2900390625 0.4423828125 0.0517578125 0.0751953125
0 0.0556640625 0.7919921875 0.0322265625 0.0654296875
0 0.2177734375 0.7197265625 0.046875 0.072265625
0 0.158203125 0.8212890625 0.0390625 0.0712890625
0 0.1513671875 0.927734375 0.046875 0.080078125
0 0.0185546875 0.044921875 0.0185546875 0.044921875
0 0.4248046875 0.6328125 0.0400390625 0.0771484375
0 0.5703125 0.482421875 0.046875 0.0908203125
0 0.9501953125 0.775390625 0.0380859375 0.091796875
0 0.67578125 0.994140625 0.03125 0.0556640625
0 0.9111328125 0.3154296875 0.0302734375 0.1025390625
0 0.96875 0.7353515625 0.0322265625 0.0693359375
0 0.81640625 0.56640625 0.0244140625 0.0947265625
0 0.6279296875 0.80859375 0.0341796875 0.0859375
0 0.6767578125 0.056640625 0.0234375 0.056640625
0 0.484375 0.1279296875 0.0380859375 0.0673828125
0 0.9931640625 0.3212890625 0.0283203125 0.0966796875
0 0.3125 0.078125 0.048828125 0.0634765625
0 0.564453125 0.9501953125 0.0302734375 0.0771484375
0 0.1650390625 1.0 0.033203125 0.0234375
0 0.9951171875 0.03125 0.02734375 0.03125
0 0.3466796875 0.54296875 0.05859375 0.103515625
0 1.0 0.1796875 0.0244140625 0.072265625
0 0.0966796875 0.6748046875 0.0615234375 0.095703125
0 0.5322265625 0.5595703125 0.048828125 0.0927734375
0 0.90625 0.4951171875 0.0244140625 0.091796875
0 0.189453125 0.666015625 0.0390625 0.0693359375
0 0.169921875 0.6259765625 0.0478515625 0.08203125
0 0.3662109375 0.8154296875 0.0390625 0.0537109375
