0 0.2724609375 0.259765625 0.115234375 0.158203125
0 0.64453125 0.732421875 0.0947265625 0.09765625
0 0.5595703125 0.4091796875 0.16015625 0.09375
0 0.2666015625 0.625 0.1123046875 0.1201171875
0 0.994140625 0.1318359375 0.1025390625 0.109375
0 0.6943359375 0.859375 0.2197265625 0.072265625
0 0.365234375 0.49609375 0.09765625 0.1064453125
0 0.541015625 0.9951171875 0.11328125 0.078125
0 0.9970703125 0.2099609375 0.1123046875 0.09765625
0 0.9765625 0.4228515625 0.1142578125 0.11328125
0 0.4169921875 0.078125 0.134765625 0.0771484375
0 0.75 0.9072265625 0.2431640625 0.0751953125
0 1.0 0.6943359375 0.07421875 0.103515625
0 0.107421875 0.548828125 0.056640625 0.0810546875
0 0.099609375 0.232421875 0.080078125 0.1279296875
0 0.724609375 0.1943359375 0.205078125 0.1025390625
0 1.0 0.2421875 0.0576171875 0.0498046875
0 1.0 0.947265625 0.125 0.0703125
