0 0.09375 0.046875 0.0634765625 0.046875
0 0.1572265625 0.2705078125 0.0654296875 0.1044921875
0 0.1572265625 0.3759765625 0.052734375 0.0869140625
0 0.0908203125 0.37109375 0.072265625 0.083984375
0 0.033203125 0.421875 0.033203125 0.080078125
0 0.48828125 0.4150390625 0.0830078125 0.0859375
0 0.291015625 0.390625 0.0712890625 0.0439453125
0 0.279296875 0.478515625 0.0595703125 0.06640625
0 0.173828125 0.44921875 0.0869140625 0.056640625
0 0.076171875 0.5537109375 0.068359375 0.0751953125
0 0.6171875 0.38671875 0.06640625 0.07421875
0 0.646484375 0.265625 0.0615234375 0.056640625
0 0.3134765625 0.0458984375 0.0595703125 0.044921875
0 0.400390625 0.0439453125 0.08984375 0.0439453125
0 0.7265625 0.0615234375 0.1142578125 0.0615234375
0 0.837890625 0.0517578125 0.0859375 0.0517578125
0 0.9111328125 0.0419921875 0.0693359375 0.0419921875
0 0.8349609375 0.126953125 0.0439453125 0.0400390625
0 0.9091796875 0.37109375 0.0673828125 0.083984375
0 0.99609375 0.353515625 0.0849609375 0.07421875
0 0.8427734375 0.392578125 0.0654296875 0.0498046875
0 0.7041015625 0.41796875 0.0625 0.05078125
0 0.6806640625 0.4638671875 0.060546875 0.0361328125
0 0.669921875 0.501953125 0.0615234375 0.048828125
0 0.6748046875 0.5478515625 0.1181640625 0.0595703125
0 0.7578125 0.556640625 0.0908203125 0.046875
0 0.75390625 0.59375 0.060546875 0.0673828125
0 0.818359375 0.6357421875 0.1083984375 0.05859375
0 0.8759765625 0.4765625 0.08203125 0.0458984375
0 1.0 0.5048828125 0.072265625 0.07421875
0 0.736328125 0.69921875 0.0771484375 0.056640625
0 0.7998046875 0.701171875 0.0712890625 0.048828125
0 0.5361328125 0.5576171875 0.0703125 0.0869140625
0 0.34375 0.833984375 0.0625 0.0537109375
0 0.138671875 0.978515625 0.080078125 0.06640625
0 0.173828125 0.7890625 0.05078125 0.0478515625
0 0.056640625 0.9228515625 0.052734375 0.0947265625
0 0.0419921875 0.9599609375 0.0419921875 0.044921875
0 0.1015625 0.828125 0.0732421875 0.078125
0 0.7412109375 0.845703125 0.0703125 0.0830078125
0 1.0 0.8193359375 0.0947265625 0.0927734375
0 0.8662109375 1.0 0.0703125 0.072265625
0 0.9482421875 0.970703125 0.060546875 0.05859375
0 0.845703125 0.810546875 0.0791015625 0.0634765625
0 0.900390625 0.8359375 0.060546875 0.0615234375
0 0.83203125 0.8828125 0.072265625 0.0771484375
0 0.77734375 0.8857421875 0.0546875 0.0517578125
0 0.7177734375 0.8876953125 0.05859375 0.056640625
0 0.65234375 0.9150390625 0.087890625 0.0595703125
0 0.73046875 0.9921875 0.1181640625 0.0947265625
0 0.736328125 0.94921875 0.06640625 0.0478515625
0 0.9609375 0.3837890625 0.0595703125 0.041015625
0 0.716796875 0.134765625 0.033203125 0.0283203125
0 0.5439453125 0.037109375 0.052734375 0.03515625
0 0.3466796875 0.4013671875 0.0341796875 0.033203125
0 0.1875 0.287109375 0.056640625 0.05078125
