0 0.0556640625 0.83984375 0.0556640625 0.0546875
0 0.2265625 1.0 0.0986328125 0.0947265625
0 0.1318359375 0.84765625 0.115234375 0.12890625
0 0.0537109375 0.638671875 0.0498046875 0.0625
0 0.1171875 0.5380859375 0.080078125 0.0556640625
0 0.1669921875 0.50390625 0.0673828125 0.080078125
0 0.1337890625 0.466796875 0.04296875 0.103515625
0 0.08984375 0.412109375 0.0458984375 0.072265625
0 0.26171875 0.458984375 0.05078125 0.1171875
0 0.3212890625 0.51171875 0.0693359375 0.080078125
0 0.3984375 0.5302734375 0.056640625 0.0439453125
0 0.35546875 0.5859375 0.072265625 0.07421875
0 0.287109375 0.63671875 0.0595703125 0.0546875
0 0.4345703125 0.662109375 0.0654296875 0.0537109375
0 0.3720703125 0.9404296875 0.0439453125 0.068359375
0 0.0615234375 0.123046875 0.0615234375 0.123046875
0 0.212890625 0.1669921875 0.0712890625 0.0771484375
0 0.34765625 0.1845703125 0.1376953125 0.0576171875
0 0.3486328125 0.107421875 0.126953125 0.0849609375
0 0.2080078125 0.3203125 0.095703125 0.0556640625
0 0.1123046875 0.333984375 0.0595703125 0.052734375
0 0.6826171875 0.5068359375 0.052734375 0.04296875
0 0.6328125 0.4091796875 0.0810546875 0.1025390625
0 0.76953125 0.373046875 0.064453125 0.0556640625
0 0.7763671875 0.431640625 0.0615234375 0.0439453125
0 0.810546875 0.5361328125 0.0576171875 0.09765625
0 0.7421875 0.62109375 0.0419921875 0.07421875
0 0.70703125 0.62109375 0.05859375 0.046875
0 0.662109375 0.625 0.07421875 0.1171875
0 0.6513671875 0.6708984375 0.0849609375 0.0439453125
0 0.4755859375 0.646484375 0.0615234375 0.060546875
0 0.5048828125 0.62890625 0.0390625 0.0732421875
0 0.5322265625 0.623046875 0.05859375 0.0732421875
0 0.5849609375 0.779296875 0.046875 0.044921875
0 0.9267578125 0.703125 0.0625 0.06640625
0 0.994140625 0.763671875 0.0732421875 0.080078125
0 0.896484375 0.6259765625 0.0595703125 0.0791015625
0 0.853515625 0.3125 0.0615234375 0.0986328125
0 0.953125 0.283203125 0.076171875 0.0673828125
0 1.0 0.212890625 0.0625 0.0654296875
0 0.7001953125 0.2421875 0.087890625 0.078125
0 0.68359375 0.3037109375 0.052734375 0.06640625
0 0.712890625 0.2626953125 0.0439453125 0.0361328125
0 0.775390625 0.3037109375 0.0458984375 0.0517578125
0 0.8125 0.1572265625 0.0546875 0.09765625
0 0.841796875 0.14453125 0.109375 0.080078125
0 0.9150390625 0.09765625 0.076171875 0.0693359375
0 0.62890625 0.046875 0.064453125 0.046875
0 0.650390625 1.0 0.09375 0.0732421875
0 0.78515625 0.9765625 0.091796875 0.0927734375
0 0.7109375 0.9150390625 0.0693359375 0.0654296875
0 0.5791015625 0.9423828125 0.078125 0.06640625
0 0.9580078125 1.0 0.1025390625 0.0458984375
