0 0.9697265625 0.1533203125 0.0751953125 0.107421875
0 0.5 0.326171875 0.1005859375 0.0537109375
0 0.5791015625 0.7666015625 0.1259765625 0.08203125
0 0.17578125 0.22265625 0.1044921875 0.0791015625
0 0.271484375 0.814453125 0.15625 0.0771484375
0 0.845703125 0.998046875 0.0927734375 0.0615234375
0 0.95703125 0.3193359375 0.0859375 0.046875
0 0.3623046875 0.1875 0.1044921875 0.0771484375
0 0.328125 0.490234375 0.1748046875 0.0595703125
0 0.5966796875 0.595703125 0.0986328125 0.0517578125
0 0.1298828125 0.8076171875 0.1298828125 0.09375
0 0.98046875 0.6181640625 0.146484375 0.0712890625
0 1.0 0.5859375 0.0166015625 0.0478515625
0 0.3076171875 0.90234375 0.1015625 0.0986328125
0 0.7041015625 0.560546875 0.1767578125 0.1044921875
0 0.833984375 0.640625 0.1064453125 0.0888671875
0 0.5341796875 0.87109375 0.080078125 0.0458984375
0 0.9150390625 0.1318359375 0.0712890625 0.08984375
0 0.2724609375 0.3115234375 0.177734375 0.0576171875
0 0.5625 0.1142578125 0.0908203125 0.0546875
0 0.2685546875 0.2529296875 0.0458984375 0.060546875
0 0.619140625 0.20703125 0.0712890625 0.0712890625
0 0.3701171875 0.283203125 0.09375 0.041015625
0 0.482421875 0.095703125 0.14453125 0.095703125
0 0.068359375 0.8291015625 0.0673828125 0.04296875
0 0.4248046875 0.4365234375 0.080078125 0.080078125
0 0.408203125 0.71875 0.1181640625 0.060546875
0 0.3232421875 0.9599609375 0.103515625 0.044921875
0 0.7568359375 0.8857421875 0.123046875 0.060546875
0 0.1396484375 0.9951171875 0.1044921875 0.025390625
0 0.5458984375 0.2197265625 0.1005859375 0.03125
0 0.5908203125 0.5400390625 0.064453125 0.03515625
0 0.95703125 0.259765625 0.1708984375 0.0625
0 0.154296875 0.9033203125 0.0732421875 0.0341796875
0 0.3056640625 0.4052734375 0.18359375 0.0751953125
0 0.8447265625 0.3037109375 0.08984375 0.0517578125
0 0.091796875 0.5380859375 0.060546875 0.0625
0 0.94921875 1.0 0.0654296875 0.025390625
0 0.126953125 0.8447265625 0.111328125 0.0224609375
0 0.041015625 0.0986328125 0.041015625 0.04296875
0 0.9091796875 0.19140625 0.1474609375 0.0810546875
0 0.40234375 0.154296875 0.126953125 0.1396484375
0 0.3623046875 0.0537109375 0.0908203125 0.0517578125
0 0.2939453125 0.6396484375 0.205078125 0.0478515625
0 0.6728515625 0.814453125 0.0830078125 0.037109375
0 0.7490234375 0.1005859375 0.0458984375 0.0341796875
0 0.34375 0.2470703125 0.04296875 0.03515625
0 0.892578125 0.55859375 0.083984375 0.095703125
0 0.2919921875 0.3662109375 0.1142578125 0.048828125
0 0.482421875 0.4658203125 0.0927734375 0.1064453125
0 0.318359375 0.439453125 0.1201171875 0.0556640625
0 0.2470703125 0.529296875 0.0703125 0.04296875
0 0.2529296875 0.2353515625 0.0771484375 0.041015625
0 0.9423828125 0.552734375 0.0927734375 0.0517578125
0 0.828125 0.1669921875 0.0986328125 0.0703125
0 0.1376953125 0.576171875 0.1298828125 0.0498046875
0 0.400390625 0.91015625 0.0625 0.0556640625
0 0.564453125 0.9794921875 0.0703125 0.0478515625
0 0.638671875 0.95703125 0.09375 0.04296875
0 0.6484375 1.0 0.099609375 0.0537109375
