0 0.912109375 0.341796875 0.087890625 0.080078125
0 0.44921875 0.259765625 0.1142578125 0.123046875
0 0.9931640625 0.2880859375 0.1103515625 0.0830078125
0 0.259765625 0.544921875 0.0927734375 0.0703125
0 0.4345703125 0.5625 0.15234375 0.064453125
0 0.6669921875 0.9375 0.205078125 0.1279296875
0 0.9892578125 0.82421875 0.126953125 0.107421875
0 0.4794921875 0.7265625 0.1279296875 0.1044921875
0 0.9375 0.033203125 0.10546875 0.033203125
0 0.6708984375 0.58203125 0.177734375 0.0732421875
0 0.162109375 0.8017578125 0.0576171875 0.0673828125
0 0.62109375 1.0 0.140625 0.05859375
0 0.8271484375 0.33984375 0.123046875 0.0673828125
0 0.2822265625 0.2998046875 0.080078125 0.095703125
0 0.919921875 0.6220703125 0.1103515625 0.0947265625
0 0.3466796875 0.6943359375 0.099609375 0.0947265625
0 0.90234375 0.447265625 0.080078125 0.0556640625
0 0.9560546875 0.9208984375 0.09765625 0.0751953125
0 0.1171875 0.296875 0.078125 0.0927734375
0 0.3759765625 0.9873046875 0.1298828125 0.08203125
