0 0.2001953125 0.2587890625 0.0791015625 0.1005859375
0 0.1474609375 0.474609375 0.1240234375 0.1337890625
0 0.2255859375 0.3623046875 0.0361328125 0.0361328125
0 0.3701171875 0.46484375 0.0732421875 0.060546875
0 0.494140625 0.3583984375 0.0673828125 0.1474609375
0 0.6083984375 0.5087890625 0.1767578125 0.1025390625
0 0.7177734375 0.330078125 0.1064453125 0.1328125
0 0.7392578125 0.09375 0.0859375 0.09375
0 0.921875 0.0576171875 0.080078125 0.0576171875
0 0.021484375 0.837890625 0.021484375 0.1298828125
0 0.1611328125 0.9921875 0.095703125 0.1845703125
0 0.20703125 0.9169921875 0.080078125 0.1240234375
0 0.1728515625 0.720703125 0.0927734375 0.1494140625
0 0.3193359375 0.705078125 0.0927734375 0.08984375
0 0.29296875 0.580078125 0.123046875 0.1083984375
0 0.484375 0.6904296875 0.1025390625 0.1474609375
0 0.6630859375 0.7529296875 0.1103515625 0.08984375
0 0.771484375 0.7119140625 0.0791015625 0.083984375
0 0.861328125 1.0 0.150390625 0.064453125
0 0.828125 0.57421875 0.0830078125 0.076171875
0 0.8203125 0.4697265625 0.0888671875 0.0771484375
0 1.0 0.5830078125 0.05859375 0.109375
0 0.4931640625 1.0 0.0908203125 0.0732421875
0 0.40625 1.0 0.0439453125 0.0576171875
