0 0.1318359375 0.97265625 0.0908203125 0.1103515625
0 0.7919921875 0.41015625 0.0751953125 0.072265625
0 0.8291015625 0.3310546875 0.1220703125 0.0986328125
0 0.51171875 0.6064453125 0.087890625 0.060546875
0 0.17578125 0.396484375 0.109375 0.0693359375
0 0.8564453125 0.783203125 0.087890625 0.0849609375
0 0.451171875 0.986328125 0.11328125 0.0654296875
0 0.435546875 0.125 0.1025390625 0.0908203125
0 0.3369140625 0.23046875 0.0732421875 0.0693359375
0 0.251953125 0.1982421875 0.0830078125 0.0947265625
0 0.8837890625 0.6005859375 0.0869140625 0.103515625
0 0.5673828125 0.623046875 0.072265625 0.08203125
0 0.8115234375 0.6708984375 0.123046875 0.0888671875
0 0.67578125 0.671875 0.0771484375 0.0537109375
0 0.8330078125 0.287109375 0.0830078125 0.0595703125
0 0.93359375 0.40625 0.0927734375 0.072265625
0 0.9765625 0.25390625 0.1005859375 0.1240234375
0 0.228515625 0.0810546875 0.1005859375 0.0537109375
0 0.224609375 0.66796875 0.08203125 0.048828125
0 0.4150390625 0.439453125 0.091796875 0.1357421875
0 0.9990234375 0.3974609375 0.1328125 0.078125
0 0.6689453125 0.1142578125 0.0947265625 0.095703125
0 0.330078125 0.9306640625 0.0634765625 0.07421875
0 0.06640625 0.3486328125 0.06640625 0.1181640625
0 0.66015625 0.7138671875 0.154296875 0.044921875
0 0.51953125 0.3486328125 0.1318359375 0.060546875
0 0.4609375 0.9345703125 0.083984375 0.0888671875
0 0.650390625 0.623046875 0.10546875 0.1328125
0 0.62109375 0.529296875 0.1337890625 0.1162109375
0 0.884765625 0.45703125 0.0693359375 0.05078125
0 0.1904296875 0.970703125 0.0771484375 0.0966796875
0 0.4638671875 0.0517578125 0.05859375 0.0517578125
0 0.8291015625 0.89453125 0.0859375 0.083984375
0 0.341796875 0.3818359375 0.087890625 0.103515625
0 0.0625 0.9306640625 0.0625 0.068359375
0 0.8984375 0.2578125 0.0732421875 0.0986328125
0 0.1494140625 0.2744140625 0.08203125 0.0458984375
0 0.6298828125 0.955078125 0.154296875 0.109375
0 0.3564453125 0.310546875 0.099609375 0.064453125
0 1.0 0.666015625 0.0595703125 0.0810546875
0 0.5927734375 0.0732421875 0.11328125 0.060546875
0 0.4443359375 0.8330078125 0.125 0.0771484375
0 0.9130859375 0.2353515625 0.0830078125 0.12109375
0 0.5986328125 0.330078125 0.056640625 0.0615234375
0 0.9755859375 0.7998046875 0.0673828125 0.046875
0 0.9404296875 1.0 0.0517578125 0.0390625
0 0.396484375 0.2412109375 0.0810546875 0.078125
0 0.4375 0.9990234375 0.0791015625 0.041015625
0 0.296875 0.365234375 0.0732421875 0.0458984375
0 0.5 0.291015625 0.1064453125 0.0771484375
0 0.23828125 1.0 0.08984375 0.0634765625
0 0.68359375 0.0458984375 0.0400390625 0.0458984375
0 0.9951171875 0.03515625 0.0458984375 0.03515625
0 0.884765625 0.0302734375 0.0400390625 0.0302734375
0 0.0810546875 0.2373046875 0.0810546875 0.0869140625
0 0.9755859375 0.603515625 0.0654296875 0.0498046875
0 0.255859375 0.380859375 0.076171875 0.0263671875
0 0.5009765625 0.2900390625 0.130859375 0.1025390625
0 0.6884765625 1.0 0.0654296875 0.03125
0 0.61328125 0.8203125 0.208984375 0.07421875
0 0.2939453125 0.095703125 0.126953125 0.0947265625
