0 0.0927734375 0.7939453125 0.0673828125 0.0830078125
0 0.623046875 0.3994140625 0.0546875 0.099609375
0 0.4833984375 0.2890625 0.076171875 0.09765625
0 0.4931640625 0.6083984375 0.109375 0.0517578125
0 0.951171875 0.923828125 0.0966796875 0.0751953125
0 0.591796875 0.09375 0.0546875 0.09375
0 0.107421875 0.4873046875 0.0966796875 0.0654296875
0 0.2353515625 0.818359375 0.0849609375 0.1162109375
0 0.146484375 0.0927734375 0.1083984375 0.072265625
0 0.3984375 0.3291015625 0.0771484375 0.076171875
0 0.224609375 0.9501953125 0.0625 0.099609375
0 0.47265625 0.712890625 0.103515625 0.052734375
0 0.62109375 0.2060546875 0.056640625 0.1396484375
0 0.86328125 0.95703125 0.056640625 0.0771484375
0 0.8076171875 0.197265625 0.0732421875 0.052734375
0 0.068359375 0.205078125 0.0673828125 0.083984375
0 0.998046875 0.90625 0.0361328125 0.076171875
0 0.4638671875 0.8330078125 0.044921875 0.072265625
0 0.4853515625 0.486328125 0.0703125 0.052734375
0 0.7021484375 0.68359375 0.0908203125 0.041015625
0 0.9052734375 0.1630859375 0.056640625 0.162109375
0 0.8544921875 0.423828125 0.0478515625 0.0732421875
0 0.7490234375 0.96484375 0.0498046875 0.0771484375
0 0.7783203125 0.2578125 0.0439453125 0.0947265625
0 0.2373046875 0.6611328125 0.0966796875 0.06640625
0 0.330078125 0.4423828125 0.12109375 0.0625
0 0.09765625 0.3544921875 0.09765625 0.0751953125
0 0.67578125 0.9140625 0.0458984375 0.072265625
0 0.6611328125 0.9140625 0.0439453125 0.0703125
0 0.833984375 0.369140625 0.0966796875 0.0546875
0 0.2265625 0.8193359375 0.0673828125 0.0771484375
0 0.28125 0.263671875 0.0673828125 0.06640625
0 0.4111328125 0.486328125 0.0849609375 0.0478515625
0 0.1103515625 0.67578125 0.1064453125 0.05078125
0 0.8056640625 0.091796875 0.1005859375 0.044921875
0 0.7373046875 0.0478515625 0.0458984375 0.0478515625
0 0.1875 0.4765625 0.083984375 0.0546875
0 0.34375 0.25390625 0.056640625 0.05859375
0 0.255859375 0.984375 0.130859375 0.060546875
0 0.9638671875 0.150390625 0.068359375 0.05859375
0 0.6708984375 0.4736328125 0.06640625 0.052734375
0 0.3046875 0.625 0.0966796875 0.0458984375
0 0.1318359375 0.7236328125 0.09375 0.0478515625
0 0.923828125 0.5048828125 0.0654296875 0.0546875
0 0.15625 0.5263671875 0.0625 0.0322265625
0 0.8056640625 0.427734375 0.07421875 0.052734375
0 0.865234375 0.515625 0.087890625 0.0517578125
0 0.9873046875 0.4443359375 0.0859375 0.0537109375
0 0.6806640625 0.1181640625 0.083984375 0.0517578125
0 1.0 0.7724609375 0.046875 0.048828125
0 0.513671875 0.162109375 0.08984375 0.048828125
0 0.4365234375 0.978515625 0.0810546875 0.0380859375
0 0.7568359375 0.19140625 0.0615234375 0.05859375
0 0.8359375 0.857421875 0.0634765625 0.044921875
0 0.6767578125 0.0302734375 0.0400390625 0.0302734375
0 0.41015625 0.962890625 0.02734375 0.0751953125
0 0.8173828125 0.1396484375 0.05859375 0.04296875
0 0.76171875 0.650390625 0.056640625 0.037109375
0 0.3583984375 0.052734375 0.08984375 0.041015625
0 0.9072265625 0.6435546875 0.1025390625 0.1171875
0 0.5927734375 0.990234375 0.0791015625 0.052734375
0 0.90625 0.642578125 0.072265625 0.0673828125
0 0.9248046875 1.0 0.091796875 0.052734375
0 0.486328125 1.0 0.048828125 0.037109375
0 0.453125 0.029296875 0.068359375 0.029296875
0 0.3603515625 0.818359375 0.1142578125 0.1044921875
0 0.52734375 0.5849609375 0.0869140625 0.0439453125
0 0.6396484375 0.935546875 0.060546875 0.04296875
0 0.546875 0.638671875 0.0576171875 0.0625
0 0.73828125 0.408203125 0.056640625 0.0517578125
0 0.7451171875 0.5048828125 0.056640625 0.060546875
0 0.8115234375 0.48828125 0.0634765625 0.052734375
0 0.705078125 0.17578125 0.0537109375 0.0556640625
0 0.6240234375 0.2265625 0.06640625 0.041015625
0 0.810546875 0.9228515625 0.0751953125 0.0634765625
