0 0.0390625 0.9248046875 0.0390625 0.0908203125
0 0.076171875 0.8134765625 0.0703125 0.0703125
0 0.1953125 0.802734375 0.0771484375 0.0830078125
0 0.3388671875 1.0 0.1357421875 0.13671875
0 0.15625 0.521484375 0.0849609375 0.150390625
0 0.470703125 0.787109375 0.1650390625 0.0966796875
0 0.369140625 0.84375 0.103515625 0.0791015625
0 0.6416015625 0.716796875 0.111328125 0.099609375
0 0.74609375 0.66640625 0.07343750000000004 0.056933593749999956
0 0.90625 0.6298828125 0.107421875 0.107421875
0 0.90625 0.724609375 0.12109375 0.0869140625
0 0.8974609375 0.8681640625 0.0927734375 0.0849609375
0 0.6826171875 0.978515625 0.0869140625 0.123046875
0 0.58203125 0.853515625 0.076171875 0.0810546875
0 0.998046875 0.896484375 0.119140625 0.1142578125
0 0.982421875 0.9677734375 0.0927734375 0.0732421875
0 0.7421875 0.5185546875 0.138671875 0.083984375
0 0.572265625 0.5029296875 0.0771484375 0.0751953125
0 0.60546875 0.4228515625 0.0810546875 0.0771484375
0 0.6650390625 0.2294921875 0.103515625 0.0810546875
0 0.8017578125 0.2724609375 0.0673828125 0.0537109375
0 0.9033203125 0.279296875 0.09375 0.0693359375
0 1.0 0.2802734375 0.046875 0.0517578125
0 0.654296875 0.033203125 0.14453125 0.033203125
0 0.4453125 0.0283203125 0.08984375 0.0283203125
0 0.4560546875 0.3828125 0.091796875 0.119140625
0 0.7490234375 0.15625 0.150390625 0.1044921875
0 0.7138671875 0.1923828125 0.0634765625 0.0537109375
0 0.7001953125 0.654296875 0.095703125 0.0927734375
0 0.505859375 0.1884765625 0.1025390625 0.0576171875
