0 0.1005859375 0.8837890625 0.087890625 0.064453125
0 0.6767578125 0.26171875 0.0546875 0.083984375
0 0.533203125 0.24609375 0.0751953125 0.0615234375
0 0.53515625 0.591796875 0.06640625 0.0771484375
0 0.12890625 0.53515625 0.0830078125 0.0625
0 0.2197265625 0.6806640625 0.091796875 0.0576171875
0 0.9755859375 0.056640625 0.080078125 0.0556640625
0 0.5732421875 0.8759765625 0.0537109375 0.078125
0 0.232421875 0.2373046875 0.1474609375 0.044921875
0 0.7578125 0.19921875 0.06640625 0.095703125
0 0.2646484375 0.5224609375 0.083984375 0.0693359375
0 0.064453125 0.5673828125 0.064453125 0.076171875
0 0.5126953125 0.66796875 0.0693359375 0.072265625
0 0.306640625 0.6064453125 0.1162109375 0.0458984375
0 0.8369140625 0.322265625 0.0615234375 0.06640625
0 0.7119140625 0.0703125 0.0654296875 0.0703125
0 0.142578125 0.1904296875 0.0498046875 0.119140625
0 0.6572265625 0.119140625 0.0498046875 0.0927734375
0 0.892578125 0.1552734375 0.11328125 0.0693359375
0 0.2578125 0.8916015625 0.0693359375 0.05078125
0 0.5009765625 0.9365234375 0.0654296875 0.083984375
0 0.4345703125 0.228515625 0.0869140625 0.08984375
0 0.787109375 0.0732421875 0.052734375 0.0712890625
0 0.06640625 0.6923828125 0.06640625 0.044921875
0 0.6259765625 0.978515625 0.0693359375 0.04296875
0 0.5224609375 0.203125 0.0537109375 0.068359375
0 0.341796875 0.2490234375 0.025390625 0.1005859375
0 0.216796875 0.3193359375 0.0703125 0.05859375
0 0.7470703125 0.890625 0.0634765625 0.0546875
0 0.7236328125 0.2353515625 0.0791015625 0.0556640625
0 0.9306640625 0.564453125 0.0283203125 0.0859375
0 0.9326171875 0.7021484375 0.0849609375 0.0625
0 0.3623046875 0.796875 0.0625 0.05078125
0 0.955078125 0.98046875 0.0849609375 0.0341796875
0 0.4052734375 0.3017578125 0.060546875 0.056640625
0 0.205078125 0.048828125 0.0654296875 0.044921875
0 0.1396484375 0.060546875 0.0732421875 0.0595703125
0 0.0810546875 0.3740234375 0.060546875 0.0576171875
0 0.4873046875 0.3955078125 0.05078125 0.0498046875
0 0.3193359375 0.0927734375 0.0771484375 0.041015625
0 0.1826171875 0.974609375 0.068359375 0.0400390625
0 0.9169921875 0.4140625 0.0400390625 0.0732421875
0 0.7314453125 0.826171875 0.072265625 0.080078125
0 0.4111328125 0.423828125 0.0673828125 0.03515625
0 0.7705078125 0.734375 0.05859375 0.033203125
0 0.13671875 0.666015625 0.0634765625 0.0556640625
0 0.58984375 0.9951171875 0.052734375 0.0205078125
0 0.587890625 0.94921875 0.048828125 0.0732421875
0 0.615234375 0.810546875 0.0693359375 0.0322265625
0 0.91796875 0.90234375 0.041015625 0.076171875
0 0.5888671875 0.6298828125 0.1123046875 0.052734375
0 0.330078125 0.6533203125 0.0654296875 0.046875
0 0.8271484375 0.228515625 0.048828125 0.0771484375
0 0.6513671875 0.84765625 0.0556640625 0.03515625
0 0.841796875 0.939453125 0.06640625 0.0322265625
0 0.896484375 0.6005859375 0.0693359375 0.0712890625
0 0.12109375 0.0771484375 0.05859375 0.0537109375
0 0.8564453125 1.0 0.044921875 0.021484375
0 0.8515625 0.533203125 0.0556640625 0.0537109375
0 0.5205078125 0.2783203125 0.0654296875 0.0625
0 1.0 0.9716796875 0.0498046875 0.04296875
0 0.0244140625 0.107421875 0.0244140625 0.04296875
0 0.3994140625 1.0 0.068359375 0.013671875
0 0.705078125 0.4052734375 0.046875 0.0546875
0 0.998046875 0.271484375 0.0302734375 0.0849609375
0 0.2529296875 0.974609375 0.046875 0.0380859375
0 0.09765625 0.107421875 0.080078125 0.041015625
0 0.0537109375 0.771484375 0.0537109375 0.0224609375
0 1.0 0.052734375 0.02734375 0.052734375
0 0.7490234375 0.63154296875 0.07773437500000002 0.035839843750000044
0 0.7490234375 0.712890625 0.068359375 0.08203125
0 0.9365234375 0.7861328125 0.0546875 0.0498046875
0 0.974609375 0.7099609375 0.037109375 0.0556640625
0 0.8564453125 0.275390625 0.06640625 0.068359375
0 0.419921875 0.98046875 0.0576171875 0.0478515625
0 0.3896484375 0.236328125 0.0439453125 0.0380859375
0 0.5283203125 1.0 0.07421875 0.029296875
