0 0.8779296875 0.349609375 0.0791015625 0.0830078125
0 0.947265625 0.3349609375 0.060546875 0.0625
0 1.0 0.3212890625 0.0439453125 0.103515625
0 0.86328125 0.091796875 0.0693359375 0.07421875
0 0.6484375 0.0361328125 0.0771484375 0.0361328125
0 0.5791015625 0.0546875 0.0478515625 0.0546875
0 0.7958984375 0.2294921875 0.0908203125 0.080078125
0 0.70703125 0.2724609375 0.09765625 0.0693359375
0 0.5908203125 0.3134765625 0.1123046875 0.083984375
0 0.55859375 0.396484375 0.0625 0.056640625
0 0.5166015625 0.421875 0.0654296875 0.078125
0 0.525390625 0.462890625 0.046875 0.0615234375
0 0.591796875 0.462890625 0.052734375 0.0654296875
0 0.7763671875 0.5107421875 0.0693359375 0.068359375
0 0.7919921875 0.3876953125 0.08203125 0.060546875
0 0.9677734375 0.5029296875 0.083984375 0.072265625
0 0.9814453125 0.5322265625 0.0654296875 0.04296875
0 0.38671875 0.287109375 0.072265625 0.0498046875
0 0.318359375 0.2412109375 0.064453125 0.0693359375
0 0.25 0.2763671875 0.0869140625 0.1044921875
0 0.205078125 0.087890625 0.0458984375 0.05078125
0 0.259765625 0.09375 0.0517578125 0.0546875
0 0.458984375 0.01953125 0.076171875 0.01953125
0 0.1162109375 0.109375 0.0703125 0.0927734375
0 0.1650390625 0.0654296875 0.0458984375 0.0654296875
0 0.1171875 0.2548828125 0.0810546875 0.0947265625
0 0.1298828125 0.33203125 0.080078125 0.072265625
0 0.1640625 0.423828125 0.1220703125 0.0732421875
0 0.3173828125 0.3896484375 0.099609375 0.0693359375
0 0.349609375 0.4873046875 0.1083984375 0.0634765625
0 0.54296875 0.55859375 0.0859375 0.0625
0 0.1298828125 0.529296875 0.0634765625 0.052734375
0 0.8291015625 0.5908203125 0.08203125 0.0556640625
0 0.98828125 0.8583984375 0.0546875 0.052734375
0 0.978515625 0.9404296875 0.07421875 0.076171875
0 1.0 0.8017578125 0.0234375 0.0693359375
0 0.896484375 0.810546875 0.08203125 0.05859375
0 0.6015625 0.7646484375 0.0625 0.060546875
0 0.4423828125 0.748046875 0.0849609375 0.0615234375
0 0.408203125 0.814453125 0.091796875 0.0634765625
0 0.4599609375 0.9453125 0.0927734375 0.083984375
0 0.5458984375 0.927734375 0.0654296875 0.064453125
0 0.6904296875 0.9677734375 0.0478515625 0.0556640625
0 0.302734375 0.9482421875 0.080078125 0.0751953125
0 0.0537109375 0.833984375 0.0537109375 0.1005859375
0 0.1689453125 0.5498046875 0.064453125 0.0400390625
0 0.0732421875 0.935546875 0.0703125 0.0458984375
0 0.580078125 0.912109375 0.048828125 0.0400390625
0 0.3076171875 0.0439453125 0.060546875 0.0439453125
0 0.97265625 0.42578125 0.0517578125 0.0517578125
0 0.93359375 0.94140625 0.05859375 0.0498046875
0 0.70703125 0.396484375 0.052734375 0.048828125
0 0.1923828125 0.4423828125 0.060546875 0.0439453125
