0 0.9365234375 0.021484375 0.0791015625 0.021484375
0 0.943359375 0.123046875 0.1025390625 0.0810546875
0 0.8056640625 0.32421875 0.115234375 0.0986328125
0 0.63671875 0.0419921875 0.091796875 0.0419921875
0 0.171875 0.0185546875 0.0712890625 0.0185546875
0 0.2626953125 0.0419921875 0.095703125 0.0419921875
0 0.265625 0.216796875 0.08984375 0.078125
0 0.1650390625 0.189453125 0.05078125 0.0693359375
0 0.09375 0.357421875 0.0927734375 0.1376953125
0 0.3984375 0.57421875 0.1728515625 0.1171875
0 0.833984375 0.7294921875 0.228515625 0.1376953125
0 0.724609375 0.5 0.0732421875 0.12109375
0 0.9345703125 0.580078125 0.0908203125 0.099609375
0 1.0 0.50390625 0.0634765625 0.08203125
0 0.9521484375 0.9775390625 0.0771484375 0.0654296875
0 0.9716796875 1.0 0.111328125 0.0361328125
0 0.806640625 1.0 0.1103515625 0.044921875
0 0.716796875 0.9072265625 0.091796875 0.0732421875
0 0.4697265625 0.9169921875 0.0625 0.0673828125
0 0.443359375 0.80078125 0.11328125 0.076171875
0 0.08203125 0.8369140625 0.08203125 0.06640625
