0 0.20703125 0.169921875 0.06640625 0.0654296875
0 0.2626953125 0.220703125 0.0751953125 0.068359375
0 0.1953125 0.255859375 0.0634765625 0.072265625
0 0.1357421875 0.2470703125 0.08984375 0.111328125
0 0.4765625 0.2197265625 0.091796875 0.0693359375
0 0.8330078125 0.2138671875 0.0947265625 0.0986328125
0 0.748046875 0.416015625 0.08203125 0.072265625
0 0.6845703125 0.3330078125 0.0634765625 0.068359375
0 0.7470703125 0.3193359375 0.0634765625 0.06640625
0 0.376953125 0.5185546875 0.0869140625 0.1298828125
0 0.29296875 0.51171875 0.0556640625 0.109375
0 0.349609375 0.640625 0.072265625 0.078125
0 0.1552734375 0.7236328125 0.0810546875 0.138671875
0 0.23828125 0.7958984375 0.0654296875 0.0830078125
0 0.1904296875 0.8212890625 0.11328125 0.0888671875
0 0.3623046875 0.7373046875 0.0703125 0.078125
0 0.490234375 0.7177734375 0.09765625 0.0654296875
0 0.509765625 0.783203125 0.0712890625 0.0693359375
0 0.6689453125 0.751953125 0.103515625 0.0673828125
0 0.603515625 0.84375 0.0625 0.0751953125
0 0.771484375 0.7783203125 0.068359375 0.0546875
0 0.875 0.744140625 0.0859375 0.146484375
0 0.673828125 0.8544921875 0.0625 0.0595703125
0 0.7021484375 0.900390625 0.064453125 0.0634765625
0 0.240234375 0.904296875 0.078125 0.080078125
0 0.30859375 0.9775390625 0.0830078125 0.0859375
0 0.623046875 0.9951171875 0.1103515625 0.1279296875
0 0.787109375 0.9697265625 0.0859375 0.0849609375
0 0.9365234375 0.9638671875 0.0859375 0.0791015625
0 0.9521484375 0.5234375 0.091796875 0.0771484375
0 0.9423828125 0.3544921875 0.0654296875 0.064453125
0 0.341796875 0.412109375 0.1123046875 0.07421875
