0 0.9794921875 0.3369140625 0.1025390625 0.099609375
0 0.9091796875 0.0908203125 0.076171875 0.068359375
0 0.6044921875 0.3037109375 0.1328125 0.1015625
0 0.8271484375 0.40234375 0.076171875 0.1162109375
0 0.7919921875 0.2529296875 0.0615234375 0.0712890625
0 0.654296875 0.2939453125 0.060546875 0.1064453125
0 0.857421875 1.0 0.068359375 0.0732421875
0 0.63671875 0.376953125 0.0869140625 0.126953125
0 0.787109375 0.9697265625 0.0732421875 0.056640625
0 0.71875 0.0927734375 0.0771484375 0.08984375
0 0.876953125 0.58203125 0.0791015625 0.0791015625
0 0.7001953125 0.2080078125 0.0556640625 0.078125
0 0.9130859375 0.1591796875 0.052734375 0.060546875
