0 0.8017578125 0.1318359375 0.177734375 0.12890625
0 0.603515625 0.75390625 0.1142578125 0.0966796875
0 0.9091796875 0.734375 0.126953125 0.09765625
0 0.6611328125 0.697265625 0.2431640625 0.1083984375
0 0.9970703125 0.7099609375 0.0888671875 0.08984375
0 0.259765625 0.416015625 0.09765625 0.0869140625
0 0.4384765625 0.4169921875 0.123046875 0.1103515625
0 0.4345703125 0.2041015625 0.087890625 0.1220703125
0 0.1123046875 0.6796875 0.0625 0.060546875
0 0.443359375 0.076171875 0.111328125 0.07421875
0 0.52734375 0.4765625 0.1650390625 0.2568359375
0 0.5 0.3544921875 0.2080078125 0.2626953125
0 0.818359375 0.623046875 0.0830078125 0.0703125
