0 0.1220703125 0.4736328125 0.1220703125 0.078125
0 0.2021484375 0.6669921875 0.2021484375 0.0849609375
0 0.8642578125 0.4619140625 0.107421875 0.08203125
0 0.1796875 0.83203125 0.15234375 0.0751953125
0 0.759765625 0.3896484375 0.134765625 0.125
0 0.88671875 0.662109375 0.1171875 0.072265625
0 0.904296875 0.8369140625 0.1044921875 0.0673828125
0 0.759765625 0.2216796875 0.10546875 0.0771484375
0 0.7998046875 0.0673828125 0.1376953125 0.0673828125
0 0.1142578125 0.9384765625 0.09375 0.0537109375
0 0.9892578125 0.119140625 0.0947265625 0.0625
0 0.974609375 0.8125 0.08984375 0.080078125
0 0.94921875 1.0 0.0908203125 0.046875
0 1.0 0.20703125 0.1103515625 0.0654296875
0 0.99609375 1.0 0.0791015625 0.056640625
0 1.0 0.751953125 0.046875 0.076171875
