0 0.1572265625 0.0966796875 0.0615234375 0.091796875
0 0.1435546875 0.5927734375 0.0625 0.0771484375
0 0.890625 0.705078125 0.060546875 0.0859375
0 0.7919921875 0.208984375 0.0419921875 0.0859375
0 0.4755859375 0.3984375 0.037109375 0.09375
0 0.80078125 0.53515625 0.0595703125 0.11328125
0 0.896484375 0.3671875 0.052734375 0.1201171875
0 0.76171875 0.060546875 0.0703125 0.056640625
0 0.1044921875 0.654296875 0.06640625 0.0556640625
0 0.9619140625 0.2412109375 0.05859375 0.0712890625
0 0.7666015625 0.3017578125 0.0322265625 0.08984375
0 0.6591796875 0.365234375 0.0556640625 0.0693359375
0 0.931640625 0.6533203125 0.0517578125 0.080078125
0 0.494140625 0.94921875 0.0830078125 0.046875
0 0.3994140625 0.6982421875 0.0595703125 0.1162109375
0 0.84375 0.361328125 0.0419921875 0.0791015625
0 0.3623046875 0.4130859375 0.0361328125 0.0625
0 0.3671875 0.96484375 0.029296875 0.1162109375
0 0.72265625 0.6103515625 0.05078125 0.083984375
0 0.3154296875 0.23828125 0.0703125 0.046875
0 0.9306640625 0.3525390625 0.0400390625 0.0771484375
0 0.6103515625 0.6796875 0.0654296875 0.068359375
0 0.251953125 0.57421875 0.0546875 0.0615234375
0 0.41015625 0.36328125 0.0263671875 0.08203125
0 0.564453125 0.41015625 0.0517578125 0.0537109375
0 0.341796875 0.2470703125 0.0263671875 0.11328125
0 0.61328125 0.837890625 0.060546875 0.044921875
0 0.1376953125 0.75390625 0.052734375 0.048828125
0 0.3017578125 0.052734375 0.0234375 0.0517578125
0 0.939453125 0.0439453125 0.0263671875 0.0439453125
0 0.9326171875 0.7314453125 0.033203125 0.0595703125
0 0.90234375 0.13671875 0.03125 0.0830078125
0 0.54296875 0.615234375 0.056640625 0.029296875
0 0.9345703125 0.1884765625 0.0341796875 0.0771484375
0 0.6298828125 0.890625 0.0400390625 0.0634765625
0 0.2919921875 0.06640625 0.025390625 0.0546875
0 0.23046875 0.65625 0.0625 0.0556640625
0 0.5791015625 0.3330078125 0.0693359375 0.09765625
0 0.3916015625 0.3232421875 0.0498046875 0.078125
0 0.1826171875 0.400390625 0.046875 0.0732421875
0 0.0341796875 0.6279296875 0.0341796875 0.048828125
0 0.337890625 0.6396484375 0.0341796875 0.0615234375
0 0.7314453125 0.994140625 0.0302734375 0.046875
0 0.654296875 0.9580078125 0.0751953125 0.041015625
0 0.78125 0.7060546875 0.078125 0.0439453125
0 0.533203125 1.0 0.03515625 0.0205078125
0 0.5634765625 0.1845703125 0.0302734375 0.05859375
0 0.5986328125 0.345703125 0.0283203125 0.048828125
0 0.62109375 0.8857421875 0.0419921875 0.05859375
0 0.6259765625 0.0234375 0.0693359375 0.0224609375
0 0.986328125 1.0 0.0361328125 0.0234375
0 0.52734375 0.8330078125 0.0361328125 0.0771484375
0 0.8173828125 0.994140625 0.0546875 0.052734375
