0 0.3046875 0.662109375 0.134765625 0.115234375
0 0.884765625 0.39453125 0.0927734375 0.099609375
0 0.751953125 1.0 0.08984375 0.0458984375
0 0.1669921875 0.619140625 0.08984375 0.072265625
0 0.51171875 0.3623046875 0.1025390625 0.08984375
0 0.634765625 0.9619140625 0.1279296875 0.0751953125
0 0.9619140625 0.6845703125 0.0947265625 0.087890625
0 0.2041015625 1.0 0.08203125 0.052734375
0 0.751953125 0.384765625 0.126953125 0.1123046875
0 0.0693359375 0.19921875 0.0693359375 0.109375
0 0.3544921875 0.4794921875 0.0771484375 0.1201171875
0 0.9443359375 0.482421875 0.0673828125 0.0732421875
0 0.1591796875 0.9091796875 0.107421875 0.0947265625
0 0.2021484375 0.2919921875 0.125 0.134765625
0 0.8349609375 0.994140625 0.0830078125 0.1025390625
0 0.8095703125 0.5546875 0.0830078125 0.0703125
0 0.7568359375 0.4296875 0.1025390625 0.060546875
0 0.7373046875 0.6767578125 0.095703125 0.080078125
0 0.689453125 0.8046875 0.1220703125 0.087890625
0 0.806640625 0.7470703125 0.154296875 0.0703125
0 0.294921875 0.8896484375 0.150390625 0.1171875
0 0.9169921875 0.8994140625 0.0751953125 0.0703125
0 0.5849609375 1.0 0.095703125 0.04296875
0 0.4697265625 0.71484375 0.123046875 0.1357421875
0 0.5869140625 0.51171875 0.1044921875 0.099609375
0 0.51953125 0.259765625 0.0771484375 0.125
0 0.5390625 0.689453125 0.072265625 0.1220703125
0 0.7421875 0.2041015625 0.0625 0.08203125
0 0.0732421875 0.869140625 0.0732421875 0.1376953125
0 0.9697265625 0.8291015625 0.0654296875 0.0693359375
0 0.5341796875 0.15234375 0.1220703125 0.150390625
0 0.6416015625 0.70703125 0.099609375 0.2021484375
0 0.4072265625 0.814453125 0.078125 0.125
0 0.8173828125 0.697265625 0.0703125 0.0576171875
0 0.0947265625 0.4765625 0.0654296875 0.08203125
0 0.3623046875 0.314453125 0.0703125 0.0703125
0 0.7841796875 0.8173828125 0.0869140625 0.0673828125
0 0.1923828125 0.5146484375 0.1181640625 0.10546875
0 0.6611328125 0.0615234375 0.1044921875 0.0615234375
0 0.51171875 0.76171875 0.064453125 0.0771484375
0 0.8544921875 0.859375 0.09765625 0.0849609375
0 0.7568359375 0.1044921875 0.1044921875 0.1025390625
0 0.9970703125 0.4521484375 0.0576171875 0.0625
0 0.6591796875 0.57421875 0.1123046875 0.1025390625
0 0.6474609375 0.88671875 0.068359375 0.0576171875
0 0.1123046875 0.3642578125 0.1123046875 0.080078125
0 0.0693359375 0.5869140625 0.0419921875 0.0673828125
0 0.7216796875 0.1494140625 0.080078125 0.0546875
0 0.83203125 0.1142578125 0.1201171875 0.1142578125
0 1.0 0.5556640625 0.0341796875 0.0732421875
0 1.0 0.7646484375 0.0625 0.107421875
0 0.1875 0.3369140625 0.080078125 0.1376953125
0 0.224609375 0.5146484375 0.150390625 0.0625
0 0.697265625 0.9345703125 0.087890625 0.04296875
0 0.3798828125 0.7041015625 0.0576171875 0.0947265625
0 0.4873046875 0.6943359375 0.052734375 0.072265625
0 0.5498046875 0.5390625 0.095703125 0.1767578125
0 0.494140625 0.19921875 0.0693359375 0.1474609375
0 0.4423828125 0.064453125 0.0556640625 0.0625
0 0.6533203125 0.029296875 0.0947265625 0.029296875
0 0.892578125 0.13671875 0.08984375 0.13671875
0 0.3017578125 0.65234375 0.125 0.052734375
0 0.5869140625 0.82421875 0.072265625 0.109375
0 0.466796875 0.6591796875 0.0546875 0.0673828125
