0 0.0341796875 0.498046875 0.0341796875 0.080078125
0 0.03515625 0.6220703125 0.03515625 0.0947265625
0 0.4208984375 0.810546875 0.0693359375 0.0986328125
0 0.0732421875 0.1357421875 0.0615234375 0.1025390625
0 0.6328125 0.1279296875 0.0517578125 0.1201171875
0 0.8037109375 0.9970703125 0.046875 0.10546875
0 0.4658203125 0.099609375 0.06640625 0.0986328125
0 0.5986328125 0.3525390625 0.0751953125 0.140625
0 0.3583984375 0.1064453125 0.0439453125 0.091796875
0 0.7861328125 0.5986328125 0.0615234375 0.0712890625
0 0.0751953125 0.73046875 0.0400390625 0.1015625
0 0.490234375 0.544921875 0.0537109375 0.076171875
0 0.1572265625 0.537109375 0.060546875 0.09375
0 0.23828125 0.5126953125 0.04296875 0.1123046875
0 0.23046875 0.6357421875 0.0390625 0.0771484375
0 0.5888671875 0.8984375 0.0478515625 0.0751953125
0 0.9423828125 0.4072265625 0.033203125 0.1181640625
0 0.205078125 0.2578125 0.0625 0.080078125
0 0.37109375 0.78515625 0.0849609375 0.0908203125
0 0.9677734375 0.1953125 0.0283203125 0.099609375
0 0.0859375 0.58984375 0.0478515625 0.0732421875
0 0.3984375 0.8740234375 0.068359375 0.0693359375
0 0.55859375 0.1650390625 0.04296875 0.14453125
0 0.9248046875 0.5146484375 0.076171875 0.1201171875
0 0.056640625 0.8837890625 0.037109375 0.083984375
0 0.8818359375 0.5576171875 0.0634765625 0.1220703125
0 0.7392578125 0.8857421875 0.0439453125 0.08203125
0 0.625 0.2705078125 0.0498046875 0.115234375
0 0.7158203125 0.44921875 0.109375 0.1220703125
0 0.0732421875 0.2421875 0.0712890625 0.09375
0 0.5712890625 0.7646484375 0.0546875 0.076171875
0 0.3193359375 0.3818359375 0.13671875 0.1103515625
0 0.4130859375 0.5234375 0.0400390625 0.0986328125
0 0.8447265625 0.9326171875 0.0576171875 0.08203125
0 0.46875 0.4794921875 0.07421875 0.07421875
0 0.900390625 0.26171875 0.083984375 0.0888671875
0 0.3505859375 0.8798828125 0.0830078125 0.05078125
0 0.8544921875 0.90234375 0.0673828125 0.060546875
0 0.6435546875 0.1884765625 0.0546875 0.0732421875
0 0.1904296875 0.884765625 0.0439453125 0.0625
0 0.830078125 0.1025390625 0.0341796875 0.1025390625
0 0.376953125 0.4677734375 0.0283203125 0.11328125
0 0.611328125 0.7998046875 0.0576171875 0.1572265625
0 0.78125 0.41796875 0.0244140625 0.1015625
0 0.75390625 0.296875 0.0263671875 0.1689453125
0 0.2314453125 0.158203125 0.068359375 0.095703125
0 0.9638671875 0.07421875 0.048828125 0.07421875
0 0.3525390625 0.453125 0.0263671875 0.083984375
0 0.4560546875 0.841796875 0.0361328125 0.1123046875
0 0.263671875 0.5556640625 0.0732421875 0.0458984375
0 0.79296875 0.056640625 0.04296875 0.056640625
0 0.9326171875 0.8515625 0.025390625 0.0908203125
0 0.361328125 0.2392578125 0.0498046875 0.0849609375
0 0.943359375 0.140625 0.072265625 0.13671875
0 0.8671875 0.845703125 0.0634765625 0.056640625
0 0.2451171875 0.1025390625 0.0859375 0.0712890625
0 0.52734375 0.9287109375 0.025390625 0.0693359375
0 0.642578125 0.4892578125 0.02734375 0.1279296875
0 0.6474609375 0.7861328125 0.0537109375 0.1103515625
0 0.6513671875 0.7119140625 0.0283203125 0.123046875
0 0.8037109375 0.8662109375 0.0654296875 0.06640625
0 0.310546875 0.1796875 0.0322265625 0.1318359375
0 0.7021484375 0.8046875 0.0947265625 0.1201171875
0 0.1025390625 0.28125 0.0400390625 0.0673828125
0 0.4365234375 0.2666015625 0.0517578125 0.1123046875
0 0.220703125 0.068359375 0.0302734375 0.068359375
0 0.1728515625 0.9541015625 0.0556640625 0.068359375
0 0.6005859375 0.2998046875 0.078125 0.09765625
0 0.0302734375 0.2978515625 0.0302734375 0.134765625
0 0.2958984375 0.1240234375 0.0458984375 0.0654296875
0 0.142578125 0.9287109375 0.04296875 0.083984375
0 0.1083984375 0.5224609375 0.0517578125 0.0498046875
0 0.287109375 0.1513671875 0.0859375 0.0703125
0 0.490234375 0.919921875 0.044921875 0.0546875
0 0.27734375 0.5556640625 0.044921875 0.0556640625
0 0.720703125 0.322265625 0.0322265625 0.0576171875
0 0.8330078125 0.072265625 0.0322265625 0.0595703125
0 0.49609375 0.8720703125 0.0439453125 0.0439453125
