0 0.646484375 0.275390625 0.0537109375 0.0927734375
0 0.4384765625 0.953125 0.080078125 0.0751953125
0 0.4619140625 0.1064453125 0.0595703125 0.0830078125
0 0.3291015625 0.8271484375 0.0947265625 0.0517578125
0 0.7998046875 0.41015625 0.0615234375 0.0810546875
0 0.484375 0.74609375 0.080078125 0.0751953125
0 0.68359375 0.384765625 0.0400390625 0.0771484375
0 0.0810546875 0.7607421875 0.0810546875 0.0771484375
0 0.5126953125 0.2998046875 0.107421875 0.13671875
0 0.3291015625 0.4033203125 0.0615234375 0.076171875
0 0.033203125 0.2783203125 0.033203125 0.0693359375
0 0.8544921875 0.9990234375 0.115234375 0.05859375
0 0.224609375 0.4580078125 0.07421875 0.048828125
0 0.1103515625 0.3564453125 0.05078125 0.087890625
0 0.7099609375 0.9111328125 0.03945312499999998 0.09208984374999996
0 0.2060546875 0.1435546875 0.044921875 0.0947265625
0 0.9970703125 0.30859375 0.0419921875 0.1318359375
0 0.2099609375 0.5634765625 0.0771484375 0.072265625
0 0.8525390625 0.287109375 0.05078125 0.099609375
0 0.7041015625 0.984375 0.056640625 0.0546875
0 0.216796875 0.3046875 0.0390625 0.06640625
0 0.064453125 0.2431640625 0.064453125 0.078125
0 0.158203125 0.990234375 0.044921875 0.0732421875
0 0.5888671875 0.41015625 0.0400390625 0.0888671875
0 0.27734375 0.080078125 0.078125 0.06640625
0 0.24208984375 0.86611328125 0.14677734375 0.07001953124999993
0 0.103515625 0.63671875 0.103515625 0.078125
0 0.140625 0.6953125 0.0322265625 0.1357421875
0 0.703125 0.46875 0.03125 0.0849609375
0 0.525390625 0.487890625 0.09492187499999999 0.044628906250000044
0 0.8271484375 0.1083984375 0.0771484375 0.052734375
0 0.44921875 0.45703125 0.0419921875 0.1083984375
0 0.111328125 0.732421875 0.0556640625 0.0556640625
0 0.267578125 0.13671875 0.0390625 0.0625
0 0.4052734375 0.7197265625 0.0390625 0.0830078125
0 0.2958984375 1.0 0.0419921875 0.048828125
0 0.0283203125 0.8046875 0.0283203125 0.0634765625
0 0.2216796875 1.0 0.078125 0.072265625
0 0.439453125 0.47265625 0.048828125 0.0771484375
0 0.8984375 0.1728515625 0.0361328125 0.064453125
0 0.55859375 0.158203125 0.0498046875 0.080078125
0 0.87109375 0.1064453125 0.044921875 0.0693359375
0 0.5341796875 0.984375 0.044921875 0.0791015625
0 0.275390625 0.47265625 0.037109375 0.07421875
0 0.1767578125 0.0673828125 0.0732421875 0.0673828125
0 0.3623046875 0.7685546875 0.0458984375 0.0625
0 0.978515625 0.5732421875 0.0537109375 0.04296875
0 0.0224609375 1.0 0.0224609375 0.0419921875
0 0.0712890625 0.3837890625 0.0439453125 0.0771484375
0 0.7724609375 0.22265625 0.033203125 0.0576171875
0 0.07421875 0.9755859375 0.07421875 0.0556640625
0 0.359375 0.9140625 0.05927734374999999 0.07685546875000004
0 0.0732421875 0.3369140625 0.0732421875 0.046875
0 0.8671875 0.8232421875 0.0595703125 0.0712890625
0 0.5634765625 0.9345703125 0.0654296875 0.0439453125
0 0.4306640625 0.228515625 0.0947265625 0.02734375
0 0.9951171875 0.814453125 0.0302734375 0.056640625
0 0.50390625 0.896484375 0.0546875 0.0556640625
0 0.7998046875 0.7958984375 0.0419921875 0.064453125
0 0.9140625 0.0458984375 0.0283203125 0.0458984375
0 0.3447265625 0.3876953125 0.0380859375 0.0537109375
0 0.3701171875 0.703125 0.05078125 0.0419921875
0 0.5595703125 0.3134765625 0.0537109375 0.0380859375
0 0.841796875 0.478515625 0.037109375 0.0537109375
0 0.6826171875 0.1826171875 0.0380859375 0.060546875
0 0.07509765625 0.44970703125 0.07294921875 0.04326171875000001
0 0.3232421875 0.09765625 0.056640625 0.05078125
0 0.5126953125 0.7294921875 0.037109375 0.083984375
0 0.41796875 0.6103515625 0.0478515625 0.056640625
0 0.654296875 0.4931640625 0.029296875 0.056640625
0 0.57421875 0.171875 0.0478515625 0.0341796875
0 0.4453125 0.9130859375 0.05078125 0.0615234375
0 0.7490234375 0.515625 0.03125 0.05078125
0 0.751953125 0.6220703125 0.041015625 0.04296875
