0 0.1533203125 0.1787109375 0.087890625 0.0693359375
0 0.095703125 0.2998046875 0.0849609375 0.1044921875
0 0.2763671875 0.2626953125 0.095703125 0.09375
0 0.076171875 0.3876953125 0.076171875 0.0771484375
0 0.23046875 0.48046875 0.0986328125 0.099609375
0 0.1591796875 0.587890625 0.11328125 0.087890625
0 0.322265625 0.6318359375 0.095703125 0.10546875
0 0.5224609375 0.591796875 0.115234375 0.087890625
0 0.5107421875 0.462890625 0.08203125 0.0908203125
0 0.6923828125 0.1923828125 0.0986328125 0.0947265625
0 0.8154296875 0.2861328125 0.0947265625 0.1025390625
0 0.73828125 0.572265625 0.1044921875 0.08203125
0 0.6357421875 0.728515625 0.09375 0.0869140625
0 0.4287109375 0.734375 0.0810546875 0.0830078125
0 0.181640625 0.71875 0.08203125 0.0751953125
0 0.08984375 0.7568359375 0.0712890625 0.078125
0 0.2724609375 0.8720703125 0.0751953125 0.072265625
0 0.3720703125 0.984375 0.08203125 0.0849609375
0 0.5166015625 0.83203125 0.091796875 0.0712890625
0 0.5224609375 0.7626953125 0.0693359375 0.0478515625
0 0.7470703125 0.8515625 0.1318359375 0.0751953125
0 0.72265625 0.751953125 0.0732421875 0.0712890625
0 0.9033203125 0.8818359375 0.111328125 0.0859375
0 0.58984375 1.0 0.099609375 0.0751953125
0 0.232421875 1.0 0.0654296875 0.068359375
0 1.0 0.978515625 0.046875 0.099609375
0 0.96484375 0.7265625 0.087890625 0.1083984375
0 1.0 0.482421875 0.021484375 0.0712890625
0 1.0 0.2880859375 0.0732421875 0.0791015625
0 0.4208984375 0.1884765625 0.1015625 0.0888671875
0 0.3203125 0.0458984375 0.12109375 0.0458984375
0 0.41015625 0.5546875 0.0576171875 0.072265625
0 0.759765625 0.04296875 0.1259765625 0.04296875
0 0.7529296875 0.169921875 0.05859375 0.0849609375
