0 0.4931640625 0.8408203125 0.1025390625 0.0791015625
0 0.3212890625 0.2158203125 0.0673828125 0.09375
0 0.3837890625 0.3896484375 0.1103515625 0.048828125
0 0.642578125 0.06640625 0.0751953125 0.0654296875
0 0.51171875 0.2919921875 0.10546875 0.0927734375
0 0.10546875 0.2451171875 0.1044921875 0.10546875
0 0.5615234375 0.1328125 0.1083984375 0.0927734375
0 0.44140625 0.56640625 0.0927734375 0.0712890625
0 0.7822265625 0.169921875 0.0732421875 0.0693359375
0 0.0751953125 0.0556640625 0.07421875 0.0546875
0 0.359375 0.58984375 0.0849609375 0.07421875
0 0.9697265625 0.9365234375 0.0849609375 0.0732421875
0 0.984375 0.4306640625 0.0732421875 0.1181640625
0 0.416015625 0.3154296875 0.08984375 0.078125
0 1.0 0.34375 0.08203125 0.0498046875
0 0.197265625 0.275390625 0.07421875 0.1611328125
0 0.716796875 0.6044921875 0.083984375 0.0517578125
0 0.5078125 0.544921875 0.0927734375 0.0537109375
0 0.8818359375 0.134765625 0.0751953125 0.078125
0 0.6728515625 0.8955078125 0.064453125 0.0625
0 0.5068359375 0.892578125 0.068359375 0.0615234375
0 0.9619140625 0.62890625 0.046875 0.091796875
0 0.203125 0.41015625 0.1015625 0.0751953125
0 0.798828125 0.548828125 0.0732421875 0.0732421875
0 0.67578125 0.767578125 0.068359375 0.0537109375
0 0.130859375 0.7080078125 0.1123046875 0.138671875
0 0.8740234375 0.3271484375 0.1025390625 0.107421875
0 0.77734375 0.6982421875 0.1005859375 0.0693359375
0 0.1572265625 0.6171875 0.0654296875 0.0615234375
0 0.6044921875 0.400390625 0.0732421875 0.1259765625
0 0.6728515625 0.669921875 0.083984375 0.0908203125
0 0.6142578125 0.2890625 0.10546875 0.0517578125
0 0.669921875 0.9921875 0.111328125 0.1123046875
0 0.6708984375 0.3525390625 0.0986328125 0.0751953125
0 0.0927734375 0.8095703125 0.064453125 0.0419921875
0 0.9404296875 0.44921875 0.0859375 0.0654296875
0 0.2470703125 0.66015625 0.0791015625 0.0517578125
0 0.35546875 0.3447265625 0.080078125 0.06640625
0 0.1220703125 1.0 0.11328125 0.0419921875
0 0.765625 0.33203125 0.076171875 0.0849609375
0 0.251953125 0.7265625 0.1005859375 0.0537109375
0 0.02734375 0.5029296875 0.0263671875 0.0439453125
0 0.3271484375 0.7431640625 0.08203125 0.0341796875
0 0.603515625 0.5185546875 0.0419921875 0.044921875
0 0.1298828125 0.3212890625 0.0986328125 0.05859375
0 0.48828125 1.0 0.1103515625 0.037109375
0 0.0478515625 0.8203125 0.0458984375 0.037109375
0 0.794921875 0.6337890625 0.0673828125 0.0625
0 0.2939453125 0.1201171875 0.1259765625 0.0751953125
0 0.2451171875 0.4814453125 0.08203125 0.052734375
0 0.3251953125 1.0 0.1083984375 0.03515625
0 0.3515625 0.814453125 0.087890625 0.037109375
0 0.71875 0.703125 0.052734375 0.041015625
0 0.568359375 0.0380859375 0.03125 0.0380859375
0 0.0380859375 0.9990234375 0.037109375 0.0390625
0 0.8984375 0.953125 0.052734375 0.046875
0 0.943359375 0.7060546875 0.103515625 0.0517578125
0 0.9873046875 0.93359375 0.037109375 0.07421875
0 0.0859375 0.9443359375 0.0849609375 0.0439453125
0 0.8408203125 0.888671875 0.078125 0.0556640625
0 0.0263671875 0.2236328125 0.0263671875 0.03125
0 0.693359375 0.41015625 0.0810546875 0.0546875
0 0.2197265625 0.6708984375 0.076171875 0.05078125
0 0.591796875 0.615234375 0.0791015625 0.0390625
0 0.3671875 0.3232421875 0.072265625 0.068359375
0 0.3515625 0.044921875 0.04296875 0.044921875
0 0.822265625 0.20703125 0.048828125 0.04296875
0 0.556640625 0.7314453125 0.0634765625 0.0361328125
0 0.7578125 0.984375 0.103515625 0.0517578125
0 0.615234375 0.994140625 0.0791015625 0.0615234375
0 0.7490234375 0.0986328125 0.0810546875 0.083984375
0 0.1748046875 0.1005859375 0.0947265625 0.0927734375
