0 0.9619140625 0.5244140625 0.1572265625 0.0673828125
0 0.8916015625 0.89453125 0.0849609375 0.080078125
0 0.703125 0.984375 0.0947265625 0.126953125
0 0.806640625 0.8896484375 0.0771484375 0.09765625
0 0.7724609375 0.412109375 0.1357421875 0.0830078125
0 0.8623046875 0.2724609375 0.078125 0.060546875
0 0.6591796875 0.537109375 0.1171875 0.115234375
0 0.544921875 0.5 0.0625 0.095703125
0 0.486328125 0.2412109375 0.134765625 0.2412109375
0 0.5673828125 0.0869140625 0.0732421875 0.0869140625
0 1.0 0.271484375 0.083984375 0.126953125
0 0.4521484375 0.6494140625 0.0849609375 0.0625
0 0.9921875 0.107421875 0.0625 0.107421875
0 0.734375 0.8095703125 0.1552734375 0.0576171875
0 0.83203125 0.154296875 0.099609375 0.0693359375
0 0.322265625 0.89453125 0.1923828125 0.080078125
0 0.7041015625 0.244140625 0.1943359375 0.0966796875
0 0.7041015625 0.0146484375 0.07421875 0.0146484375
0 0.4765625 0.9248046875 0.0947265625 0.1806640625
0 0.1982421875 0.6259765625 0.1982421875 0.205078125
0 0.796875 0.7724609375 0.2744140625 0.1005859375
0 0.21484375 0.0869140625 0.140625 0.0869140625
0 0.15234375 0.689453125 0.150390625 0.072265625
0 0.76171875 0.3193359375 0.0595703125 0.0595703125
0 0.6416015625 0.421875 0.1142578125 0.1298828125
0 0.068359375 0.1953125 0.068359375 0.189453125
0 0.8349609375 0.4541015625 0.0625 0.1044921875
0 0.1806640625 0.32421875 0.1103515625 0.064453125
0 0.4140625 0.8017578125 0.091796875 0.1494140625
0 0.6494140625 0.697265625 0.072265625 0.080078125
0 0.544921875 0.5673828125 0.095703125 0.0576171875
0 0.9765625 0.197265625 0.08984375 0.134765625
0 0.7548828125 0.2822265625 0.1328125 0.060546875
0 0.7568359375 0.1748046875 0.1318359375 0.1748046875
0 0.3544921875 0.7841796875 0.0595703125 0.046875
0 0.05078125 0.5458984375 0.05078125 0.091796875
0 0.2099609375 0.2587890625 0.1630859375 0.212890625
0 0.4248046875 0.2744140625 0.0556640625 0.1728515625
0 0.037109375 0.4267578125 0.03515625 0.2099609375
0 0.1103515625 0.4931640625 0.08984375 0.04296875
0 0.5341796875 0.7294921875 0.0546875 0.0673828125
0 0.4873046875 0.8447265625 0.0703125 0.115234375
0 0.6123046875 1.0 0.1025390625 0.0458984375
0 0.1669921875 0.939453125 0.0927734375 0.087890625
0 0.0498046875 0.8369140625 0.0478515625 0.0576171875
0 0.0859375 0.9970703125 0.0859375 0.251953125
0 0.1298828125 1.0 0.1123046875 0.2509765625
0 0.884765625 0.7724609375 0.09765625 0.205078125
0 0.9091796875 0.6943359375 0.1748046875 0.099609375
0 0.9140625 0.6923828125 0.0517578125 0.05078125
0 1.0 0.60546875 0.1201171875 0.0810546875
0 0.994140625 0.646484375 0.0380859375 0.0625
0 1.0 0.7763671875 0.08984375 0.17578125
