0 0.0126953125 0.326171875 0.0126953125 0.0517578125
0 0.0859375 0.375 0.0859375 0.064453125
0 0.0185546875 0.474609375 0.0185546875 0.1142578125
0 0.251953125 0.453125 0.0927734375 0.099609375
0 0.2822265625 0.0859375 0.1806640625 0.083984375
0 0.6201171875 0.1953125 0.1435546875 0.09375
0 0.591796875 0.068359375 0.0673828125 0.068359375
0 0.4208984375 0.349609375 0.1103515625 0.1044921875
0 0.46875 0.4013671875 0.0751953125 0.0810546875
0 0.6474609375 0.4248046875 0.08203125 0.0947265625
0 0.5458984375 0.4931640625 0.0810546875 0.1142578125
0 0.6923828125 0.5166015625 0.1064453125 0.0830078125
0 0.3974609375 0.505859375 0.095703125 0.0927734375
0 0.3056640625 0.578125 0.0947265625 0.095703125
0 0.89453125 0.458984375 0.1533203125 0.1435546875
0 0.701171875 0.6396484375 0.1552734375 0.111328125
0 0.568359375 0.736328125 0.1376953125 0.1044921875
0 0.4072265625 0.734375 0.109375 0.12109375
0 0.0439453125 0.734375 0.0439453125 0.0693359375
0 0.4423828125 0.9111328125 0.1044921875 0.0654296875
0 0.212890625 0.97265625 0.0810546875 0.09375
0 0.12890625 0.84765625 0.0634765625 0.0888671875
0 0.556640625 0.86328125 0.123046875 0.0830078125
0 0.712890625 0.96875 0.087890625 0.1669921875
0 0.7900390625 0.7919921875 0.0751953125 0.0869140625
0 0.849609375 0.71484375 0.0654296875 0.0771484375
0 0.9892578125 0.970703125 0.1083984375 0.1328125
0 1.0 0.7109375 0.0830078125 0.0908203125
0 1.0 0.5244140625 0.0615234375 0.103515625
0 1.0 0.115234375 0.044921875 0.0908203125
0 0.958984375 0.224609375 0.0869140625 0.0537109375
0 0.9423828125 0.2939453125 0.0927734375 0.0732421875
0 1.0 0.255859375 0.0244140625 0.0869140625
0 0.08203125 0.0537109375 0.0791015625 0.0537109375
0 0.8896484375 0.4052734375 0.095703125 0.083984375
