0 0.072265625 0.017578125 0.072265625 0.017578125
0 0.083984375 0.0859375 0.083984375 0.0712890625
0 0.0654296875 0.2177734375 0.0654296875 0.08984375
0 0.0380859375 0.3349609375 0.0380859375 0.0927734375
0 0.0859375 0.46484375 0.0634765625 0.146484375
0 0.1484375 0.4921875 0.0634765625 0.0615234375
0 0.0595703125 0.70703125 0.0595703125 0.0595703125
0 0.0947265625 0.7177734375 0.04296875 0.0546875
0 0.220703125 0.673828125 0.0859375 0.0654296875
0 0.24609375 0.7578125 0.11328125 0.076171875
0 0.1708984375 0.783203125 0.0654296875 0.0625
0 0.09375 1.0 0.09375 0.05078125
0 0.2978515625 1.0 0.103515625 0.0556640625
0 0.263671875 0.9560546875 0.0771484375 0.0751953125
0 0.322265625 0.955078125 0.064453125 0.06640625
0 0.328125 0.88671875 0.09765625 0.083984375
0 0.4287109375 0.8154296875 0.0771484375 0.064453125
0 0.7744140625 0.9189453125 0.072265625 0.0625
0 0.7421875 1.0 0.0712890625 0.0615234375
0 0.744140625 0.779296875 0.1015625 0.0751953125
0 0.7568359375 0.7021484375 0.0751953125 0.0595703125
0 0.72265625 0.6494140625 0.080078125 0.0625
0 0.6025390625 0.7548828125 0.0693359375 0.072265625
0 0.5654296875 0.7177734375 0.072265625 0.0751953125
0 0.5087890625 0.6572265625 0.083984375 0.08984375
0 0.32421875 0.6533203125 0.0966796875 0.080078125
0 0.4013671875 0.61328125 0.0966796875 0.0751953125
0 0.4072265625 0.6650390625 0.0615234375 0.0654296875
0 0.4462890625 0.5 0.0810546875 0.0625
0 0.359375 0.3388671875 0.0771484375 0.1689453125
0 0.29296875 0.3466796875 0.076171875 0.0869140625
0 0.23046875 0.3564453125 0.0625 0.0576171875
0 0.62109375 0.4306640625 0.0810546875 0.091796875
0 0.5009765625 0.2255859375 0.095703125 0.0947265625
0 0.66796875 0.2763671875 0.1044921875 0.0732421875
0 0.69140625 0.1435546875 0.0634765625 0.0595703125
0 0.666015625 0.109375 0.103515625 0.07421875
0 0.3525390625 0.0869140625 0.07421875 0.0869140625
0 0.30078125 0.1162109375 0.0595703125 0.0771484375
0 0.267578125 0.068359375 0.078125 0.068359375
0 0.20703125 0.1484375 0.08984375 0.111328125
0 0.81640625 0.0791015625 0.0712890625 0.0791015625
0 0.953125 0.1904296875 0.068359375 0.0712890625
0 1.0 0.1982421875 0.0458984375 0.0732421875
0 0.96875 0.28125 0.0771484375 0.0673828125
0 0.9482421875 0.33984375 0.060546875 0.064453125
0 0.7919921875 0.5234375 0.091796875 0.078125
0 0.9111328125 0.634765625 0.0810546875 0.06640625
0 1.0 0.6142578125 0.0400390625 0.0615234375
0 1.0 0.677734375 0.0234375 0.06640625
0 0.970703125 0.705078125 0.11328125 0.083984375
0 1.0 0.7490234375 0.046875 0.08203125
0 0.962890625 0.783203125 0.068359375 0.0654296875
0 0.5302734375 1.0 0.0556640625 0.01953125
0 0.271484375 0.5068359375 0.0673828125 0.0732421875
0 0.978515625 0.962890625 0.064453125 0.0888671875
0 0.9150390625 0.9677734375 0.0625 0.08203125
0 0.3984375 0.18359375 0.078125 0.08203125
0 0.5361328125 0.2314453125 0.0390625 0.060546875
0 0.4736328125 0.302734375 0.064453125 0.060546875
0 0.0361328125 0.3662109375 0.0361328125 0.05078125
0 0.890625 0.5166015625 0.07421875 0.0576171875
0 0.66796875 0.8125 0.0908203125 0.052734375
0 0.8056640625 1.0 0.05859375 0.0380859375
0 0.8779296875 0.724609375 0.05859375 0.0439453125
0 0.9033203125 0.78515625 0.04296875 0.044921875
