0 0.0400390625 0.1669921875 0.0400390625 0.12890625
0 0.060546875 0.2998046875 0.060546875 0.0888671875
0 0.109375 0.3876953125 0.0966796875 0.0693359375
0 0.2568359375 0.236328125 0.076171875 0.0927734375
0 0.322265625 0.48828125 0.0703125 0.1865234375
0 0.232421875 0.34375 0.0771484375 0.0810546875
0 0.1708984375 0.5185546875 0.0849609375 0.091796875
0 0.251953125 0.478515625 0.0634765625 0.0966796875
0 0.3974609375 0.435546875 0.0693359375 0.12890625
0 0.5341796875 0.431640625 0.0693359375 0.076171875
0 0.6171875 0.318359375 0.126953125 0.107421875
0 0.447265625 0.0498046875 0.1015625 0.0498046875
0 0.1806640625 0.05859375 0.083984375 0.05859375
0 0.6494140625 0.0537109375 0.11328125 0.0537109375
0 0.8955078125 0.09375 0.0869140625 0.09375
0 0.75390625 0.2861328125 0.0986328125 0.1005859375
0 0.9052734375 0.2900390625 0.0947265625 0.115234375
0 0.626953125 0.4921875 0.0791015625 0.1103515625
0 0.626953125 0.6171875 0.0732421875 0.134765625
0 0.328125 0.72265625 0.142578125 0.1591796875
0 0.0458984375 0.7783203125 0.0458984375 0.0927734375
0 0.1552734375 0.958984375 0.08984375 0.0888671875
0 0.203125 0.84375 0.0849609375 0.0849609375
0 0.501953125 0.986328125 0.158203125 0.0751953125
0 0.4130859375 1.0 0.169921875 0.02734375
0 0.86328125 1.0 0.0498046875 0.041015625
0 0.55859375 0.7705078125 0.1337890625 0.0888671875
0 1.0 0.1767578125 0.025390625 0.0673828125
0 0.935546875 0.4267578125 0.0859375 0.1005859375
0 0.98828125 0.5859375 0.0712890625 0.0791015625
0 0.6572265625 0.84375 0.0693359375 0.0693359375
0 0.931640625 0.7802734375 0.078125 0.091796875
0 0.4501953125 0.58984375 0.1064453125 0.099609375
