0 0.310546875 0.5791015625 0.09765625 0.05859375
0 0.5439453125 0.3046875 0.09765625 0.05078125
0 0.0947265625 0.4248046875 0.0869140625 0.068359375
0 0.6728515625 0.8173828125 0.0888671875 0.1123046875
0 0.4501953125 0.92578125 0.126953125 0.0419921875
0 0.4345703125 0.46875 0.1015625 0.048828125
0 0.2509765625 0.9755859375 0.1171875 0.0546875
0 0.7646484375 0.6025390625 0.0908203125 0.0390625
0 0.84765625 0.583984375 0.0693359375 0.0537109375
0 0.9775390625 0.07421875 0.078125 0.0546875
0 0.5302734375 0.55859375 0.1123046875 0.08203125
0 1.0 0.0439453125 0.02734375 0.04296875
0 0.111328125 0.34765625 0.109375 0.0498046875
0 0.6435546875 0.658203125 0.099609375 0.056640625
0 0.931640625 0.376953125 0.068359375 0.0654296875
0 0.251953125 0.0849609375 0.1162109375 0.080078125
0 1.0 0.3115234375 0.0322265625 0.0654296875
0 0.5361328125 0.896484375 0.10546875 0.04296875
0 0.9169921875 0.6357421875 0.0556640625 0.115234375
0 0.6728515625 0.5673828125 0.0693359375 0.0439453125
0 0.3251953125 0.2431640625 0.134765625 0.0595703125
0 0.865234375 0.7314453125 0.09375 0.0341796875
0 0.37890625 0.8515625 0.0869140625 0.037109375
0 1.0 0.5380859375 0.080078125 0.037109375
0 1.0 0.3515625 0.1455078125 0.078125
0 0.076171875 0.0986328125 0.0751953125 0.0595703125
0 0.6982421875 0.0966796875 0.0615234375 0.0546875
0 0.96875 0.8505859375 0.0732421875 0.0400390625
0 0.953125 0.205078125 0.04296875 0.0537109375
0 0.779296875 0.861328125 0.1171875 0.0478515625
0 0.123046875 0.486328125 0.0673828125 0.0576171875
0 0.146484375 0.2822265625 0.1142578125 0.08203125
0 0.126953125 0.849609375 0.1103515625 0.0419921875
0 0.73828125 0.0732421875 0.0732421875 0.0458984375
0 0.1015625 0.68359375 0.1015625 0.0439453125
0 0.4638671875 0.0673828125 0.109375 0.0498046875
0 0.728515625 0.712890625 0.0849609375 0.0419921875
0 0.1572265625 0.5224609375 0.1220703125 0.0419921875
0 0.5810546875 0.6728515625 0.080078125 0.04296875
0 0.2890625 0.6181640625 0.1240234375 0.0458984375
0 0.5927734375 0.095703125 0.0986328125 0.0478515625
0 0.38671875 0.37890625 0.107421875 0.0390625
0 0.7890625 0.216796875 0.060546875 0.0263671875
0 1.0 0.6044921875 0.0283203125 0.01953125
0 0.107421875 0.779296875 0.05859375 0.017578125
0 0.7470703125 0.6650390625 0.0556640625 0.0224609375
0 0.3349609375 0.9423828125 0.099609375 0.0341796875
0 0.763671875 0.7568359375 0.0732421875 0.041015625
0 0.2255859375 0.708984375 0.0703125 0.03515625
0 0.29296875 0.0205078125 0.0625 0.0205078125
0 0.052734375 0.9599609375 0.0517578125 0.0322265625
0 0.087890625 0.978515625 0.0830078125 0.02734375
0 1.0 0.96484375 0.0166015625 0.01953125
0 0.5556640625 0.0595703125 0.09765625 0.0390625
0 1.0 0.5263671875 0.068359375 0.03515625
0 0.9384765625 0.095703125 0.0751953125 0.0361328125
0 0.814453125 0.6474609375 0.046875 0.0361328125
0 0.1845703125 0.7451171875 0.0771484375 0.0244140625
0 0.556640625 0.865234375 0.0859375 0.0556640625
0 0.3330078125 0.3447265625 0.08203125 0.0390625
0 0.2548828125 0.61328125 0.1181640625 0.0556640625
0 0.8955078125 0.8583984375 0.05859375 0.03515625
0 0.6181640625 0.4541015625 0.0498046875 0.0341796875
0 0.3203125 0.65625 0.1259765625 0.04296875
0 0.564453125 0.625 0.1552734375 0.046875
0 0.2646484375 0.88671875 0.1162109375 0.10546875
0 0.7470703125 0.9765625 0.0888671875 0.0361328125
0 0.154296875 0.6474609375 0.123046875 0.0576171875
0 0.9609375 0.1220703125 0.087890625 0.0400390625
0 0.228515625 0.115234375 0.1220703125 0.103515625
0 0.07421875 0.42578125 0.07421875 0.0517578125
0 0.271484375 0.3486328125 0.068359375 0.0302734375
0 0.7744140625 0.9609375 0.095703125 0.03515625
0 0.1923828125 0.9248046875 0.09375 0.041015625
0 0.0849609375 0.626953125 0.0849609375 0.0498046875
