0 0.634765625 0.6962890625 0.07421875 0.1162109375
0 0.708984375 0.50390625 0.0439453125 0.083984375
0 0.4453125 0.15625 0.0712890625 0.0810546875
0 0.345703125 0.7529296875 0.044921875 0.1064453125
0 0.4599609375 0.4912109375 0.0419921875 0.1025390625
0 0.46484375 0.7607421875 0.0810546875 0.12109375
0 0.7900390625 0.228515625 0.05859375 0.1171875
0 0.5517578125 0.2333984375 0.1376953125 0.0595703125
0 0.578125 0.8759765625 0.0517578125 0.1240234375
0 1.0 0.474609375 0.044921875 0.1337890625
0 0.72265625 1.0 0.0830078125 0.056640625
0 0.5927734375 0.81640625 0.048828125 0.0771484375
0 0.0732421875 0.7001953125 0.0732421875 0.0673828125
0 0.5166015625 0.2783203125 0.0361328125 0.072265625
0 0.173828125 0.0732421875 0.046875 0.0732421875
0 0.69921875 0.123046875 0.0751953125 0.107421875
0 0.1279296875 0.4462890625 0.11328125 0.0986328125
0 0.0517578125 0.5361328125 0.048828125 0.091796875
0 0.8837890625 0.3935546875 0.1025390625 0.0849609375
0 0.462890625 0.04296875 0.041015625 0.04296875
0 0.4072265625 0.34765625 0.056640625 0.134765625
0 0.6533203125 0.25 0.0537109375 0.056640625
0 0.3212890625 0.6298828125 0.109375 0.0634765625
0 0.4814453125 0.912109375 0.064453125 0.0830078125
0 0.22265625 0.556640625 0.0556640625 0.087890625
0 0.912109375 0.822265625 0.13671875 0.1279296875
0 0.763671875 1.0 0.03125 0.044921875
0 0.513671875 0.6787109375 0.08203125 0.0380859375
0 0.62890625 1.0 0.06640625 0.046875
0 0.9736328125 0.630859375 0.1259765625 0.0986328125
0 0.9482421875 0.4833984375 0.0390625 0.072265625
0 0.833984375 1.0 0.0341796875 0.0439453125
0 0.169921875 0.4501953125 0.0712890625 0.17578125
0 0.9462890625 0.2607421875 0.0732421875 0.0458984375
0 0.7216796875 0.9404296875 0.09765625 0.05859375
0 0.078125 0.4384765625 0.0595703125 0.0576171875
0 0.1240234375 0.4931640625 0.029296875 0.0654296875
0 0.2041015625 0.052734375 0.0595703125 0.052734375
0 0.701171875 0.587890625 0.0390625 0.060546875
0 0.244140625 0.28125 0.0390625 0.052734375
0 0.515625 0.845703125 0.0703125 0.041015625
0 0.2236328125 0.59375 0.0654296875 0.0478515625
0 0.2919921875 0.677734375 0.1396484375 0.0546875
0 0.1953125 0.53125 0.0498046875 0.119140625
0 0.5537109375 0.439453125 0.04296875 0.08984375
0 0.7685546875 0.666015625 0.0478515625 0.0712890625
0 0.4873046875 0.806640625 0.0419921875 0.0595703125
0 0.9970703125 0.0439453125 0.0517578125 0.0439453125
0 0.900390625 0.8984375 0.03125 0.0390625
0 0.3369140625 0.2451171875 0.0517578125 0.0595703125
0 0.212890625 0.265625 0.0361328125 0.0634765625
0 0.3701171875 0.2177734375 0.044921875 0.0419921875
0 0.92578125 0.892578125 0.056640625 0.0830078125
0 0.8642578125 0.841796875 0.052734375 0.03515625
0 0.2802734375 0.26953125 0.064453125 0.10546875
0 0.3740234375 0.2822265625 0.0498046875 0.0361328125
0 0.712890625 0.4912109375 0.056640625 0.0712890625
0 0.3369140625 0.5771484375 0.0439453125 0.083984375
0 0.419921875 0.509765625 0.08203125 0.0859375
0 0.4384765625 0.6337890625 0.0361328125 0.14453125
0 0.904296875 0.9248046875 0.056640625 0.029296875
0 0.9912109375 0.91015625 0.0849609375 0.04296875
0 1.0 0.234375 0.0361328125 0.041015625
