0 0.037109375 0.6875 0.037109375 0.1025390625
0 0.4033203125 0.9580078125 0.0888671875 0.1484375
0 0.751953125 0.94921875 0.142578125 0.0869140625
0 0.3251953125 0.763671875 0.0927734375 0.126953125
0 0.5322265625 0.2744140625 0.1572265625 0.0849609375
0 0.9169921875 0.671875 0.14453125 0.171875
0 0.900390625 0.994140625 0.185546875 0.0830078125
0 0.251953125 0.8271484375 0.1552734375 0.1630859375
0 0.6572265625 0.74609375 0.09765625 0.0849609375
0 0.75390625 0.365234375 0.20703125 0.166015625
0 0.9521484375 0.912109375 0.1875 0.0751953125
0 0.3642578125 0.2470703125 0.0771484375 0.1025390625
0 0.5048828125 0.8046875 0.087890625 0.1552734375
0 0.4306640625 0.8271484375 0.0634765625 0.0703125
0 0.484375 0.75 0.107421875 0.1533203125
0 0.9375 0.8642578125 0.177734375 0.064453125
0 0.8623046875 0.1494140625 0.0654296875 0.0849609375
0 0.7119140625 0.06640625 0.1669921875 0.064453125
0 0.9990234375 0.150390625 0.0966796875 0.1494140625
0 0.306640625 0.0849609375 0.107421875 0.0830078125
0 0.5693359375 0.2431640625 0.0634765625 0.15625
0 0.552734375 0.0869140625 0.1005859375 0.08203125
