0 0.5595703125 0.1845703125 0.076171875 0.0615234375
0 0.466796875 0.1591796875 0.08984375 0.08203125
0 0.1513671875 0.2275390625 0.1015625 0.103515625
0 0.572265625 0.9619140625 0.134765625 0.1123046875
0 0.4072265625 0.8193359375 0.087890625 0.0595703125
0 0.296875 0.6494140625 0.0751953125 0.0712890625
0 0.3818359375 0.296875 0.0947265625 0.08203125
0 0.32421875 0.189453125 0.09765625 0.0849609375
0 0.599609375 0.0625 0.10546875 0.0625
0 0.560546875 0.6044921875 0.1201171875 0.107421875
0 0.4443359375 0.447265625 0.080078125 0.072265625
0 0.5966796875 0.3818359375 0.099609375 0.0673828125
0 0.494140625 0.52734375 0.107421875 0.0703125
0 0.5048828125 0.4423828125 0.0732421875 0.11328125
0 0.4072265625 0.2216796875 0.08984375 0.0849609375
