0 0.244140625 0.458984375 0.080078125 0.0732421875
0 0.2333984375 0.22265625 0.076171875 0.0908203125
0 0.1376953125 0.1630859375 0.095703125 0.09765625
0 0.6650390625 0.20703125 0.076171875 0.087890625
0 0.751953125 0.2841796875 0.099609375 0.16796875
0 0.88671875 0.2802734375 0.138671875 0.099609375
0 0.9091796875 0.193359375 0.103515625 0.083984375
0 1.0 0.78125 0.0869140625 0.0625
0 0.6083984375 0.33984375 0.056640625 0.080078125
0 0.751953125 0.37109375 0.0703125 0.0732421875
0 0.83984375 0.416015625 0.0888671875 0.076171875
0 0.9560546875 0.5185546875 0.1435546875 0.0810546875
0 0.916015625 0.5830078125 0.0673828125 0.08984375
0 0.689453125 0.6376953125 0.1171875 0.0732421875
0 0.34375 0.62109375 0.0927734375 0.099609375
0 0.419921875 0.6552734375 0.07421875 0.0869140625
0 0.1669921875 0.6962890625 0.068359375 0.095703125
0 0.2734375 0.9970703125 0.12890625 0.0732421875
0 0.54296875 0.869140625 0.08984375 0.1103515625
0 0.5615234375 0.783203125 0.10546875 0.064453125
0 0.705078125 0.9013671875 0.0986328125 0.0634765625
0 0.8583984375 0.92578125 0.095703125 0.0869140625
0 0.8818359375 1.0 0.1318359375 0.0615234375
0 0.9150390625 0.63671875 0.0546875 0.0439453125
0 0.9150390625 0.7578125 0.048828125 0.0546875
0 1.0 0.427734375 0.0751953125 0.0546875
0 1.0 0.35546875 0.0625 0.0673828125
0 0.9130859375 0.3388671875 0.068359375 0.0615234375
0 0.9921875 0.2939453125 0.0751953125 0.080078125
0 0.3076171875 0.3916015625 0.052734375 0.07421875
0 0.193359375 0.45703125 0.076171875 0.0634765625
0 0.3828125 0.740234375 0.0693359375 0.0478515625
0 0.177734375 0.9482421875 0.068359375 0.0693359375
0 0.6513671875 0.296875 0.0693359375 0.060546875
0 0.9599609375 1.0 0.1015625 0.0595703125
