0 0.83984375 0.9169921875 0.087890625 0.1396484375
0 0.75 0.8447265625 0.1025390625 0.1279296875
0 0.3115234375 0.1669921875 0.1171875 0.140625
0 0.408203125 0.5703125 0.1201171875 0.1279296875
0 0.5029296875 0.3515625 0.1025390625 0.1181640625
0 0.451171875 0.9462890625 0.10546875 0.140625
0 0.806640625 0.205078125 0.142578125 0.0771484375
0 0.70703125 0.2900390625 0.1025390625 0.1025390625
0 0.3154296875 0.2802734375 0.107421875 0.078125
0 0.9443359375 0.5146484375 0.1044921875 0.087890625
0 0.1787109375 0.474609375 0.0703125 0.0625
0 0.6171875 0.37109375 0.0849609375 0.087890625
0 0.6015625 0.1767578125 0.08984375 0.0771484375
0 0.9365234375 0.3486328125 0.099609375 0.0908203125
0 0.6171875 0.7548828125 0.10546875 0.0927734375
0 0.4296875 0.6923828125 0.1748046875 0.125
0 0.85546875 0.3984375 0.09765625 0.0869140625
0 0.5048828125 0.7822265625 0.1650390625 0.1455078125
0 0.154296875 0.6943359375 0.1376953125 0.1298828125
0 0.5390625 0.0791015625 0.1318359375 0.0791015625
0 0.533203125 1.0 0.1123046875 0.0849609375
0 0.8447265625 0.6318359375 0.0673828125 0.072265625
0 0.431640625 0.0625 0.0947265625 0.0625
0 0.1298828125 1.0 0.0830078125 0.0732421875
0 0.046875 0.5 0.044921875 0.140625
0 0.0947265625 0.27734375 0.0927734375 0.123046875
