0 0.4833984375 0.1611328125 0.07421875 0.0966796875
0 0.7646484375 0.7529296875 0.08203125 0.072265625
0 0.8076171875 0.7275390625 0.0673828125 0.1025390625
0 0.283203125 0.4169921875 0.1005859375 0.0732421875
0 0.361328125 0.509765625 0.1123046875 0.0439453125
0 1.0 0.2470703125 0.0380859375 0.0810546875
0 0.78515625 0.5498046875 0.0712890625 0.0654296875
0 0.80078125 0.30078125 0.0888671875 0.0478515625
0 0.1357421875 0.4326171875 0.1240234375 0.0546875
0 0.19140625 0.1142578125 0.10546875 0.068359375
0 0.6357421875 0.271484375 0.109375 0.0625
0 0.74609375 0.0478515625 0.0869140625 0.0478515625
0 0.6591796875 0.62890625 0.10546875 0.0517578125
0 1.0 0.5244140625 0.052734375 0.0595703125
0 0.55859375 0.0546875 0.0888671875 0.0400390625
0 0.52119140625 0.30966796875 0.10419921875000004 0.05576171875000002
0 1.0 0.0556640625 0.0791015625 0.0361328125
0 0.7783203125 0.1953125 0.1201171875 0.0888671875
0 0.619140625 0.1572265625 0.0751953125 0.056640625
0 0.2451171875 0.2763671875 0.0751953125 0.0478515625
0 0.322265625 0.37109375 0.068359375 0.060546875
0 0.2353515625 0.9892578125 0.146484375 0.048828125
0 0.7646484375 0.1279296875 0.0986328125 0.048828125
0 0.828125 0.6650390625 0.0849609375 0.0478515625
0 0.4169921875 0.623046875 0.076171875 0.03515625
0 0.3681640625 0.8349609375 0.0986328125 0.0771484375
0 0.36328125 0.064453125 0.0478515625 0.0634765625
0 0.953125 0.24609375 0.1025390625 0.0830078125
0 0.107421875 0.865234375 0.10546875 0.04296875
0 0.3759765625 0.8818359375 0.1005859375 0.041015625
0 0.642578125 0.171875 0.025390625 0.08984375
0 0.255859375 0.810546875 0.080078125 0.02734375
0 1.0 0.998046875 0.0693359375 0.0439453125
0 0.0634765625 0.1181640625 0.0634765625 0.0322265625
0 0.150390625 0.3701171875 0.1240234375 0.0595703125
0 0.982421875 0.3759765625 0.0625 0.0390625
0 0.126171875 0.940625 0.11230468749999999 0.041015625
0 0.6787109375 0.734375 0.0849609375 0.0283203125
0 0.5732421875 0.42578125 0.0341796875 0.095703125
0 0.2451171875 0.3134765625 0.1015625 0.0517578125
0 0.6875 0.796875 0.0732421875 0.033203125
0 0.45703125 0.9404296875 0.1376953125 0.0380859375
0 0.7470703125 0.845703125 0.060546875 0.037109375
0 0.2197265625 0.447265625 0.087890625 0.0810546875
0 0.1376953125 0.6533203125 0.1376953125 0.08203125
0 0.556640625 0.7197265625 0.0625 0.0390625
0 0.150390625 0.1181640625 0.087890625 0.05859375
0 0.1767578125 0.3125 0.0849609375 0.0341796875
0 0.158203125 0.5810546875 0.095703125 0.0439453125
0 0.5927734375 0.9287109375 0.046875 0.1181640625
0 0.9287109375 0.9208984375 0.07421875 0.0263671875
0 0.103515625 0.8076171875 0.091796875 0.0947265625
0 0.6083984375 0.359375 0.0419921875 0.083984375
0 0.3408203125 0.2412109375 0.064453125 0.0615234375
0 0.4013671875 0.162109375 0.08984375 0.1416015625
0 0.1728515625 0.7294921875 0.1533203125 0.037109375
0 1.0 0.728515625 0.0390625 0.029296875
0 0.5673828125 0.4697265625 0.0576171875 0.0244140625
0 1.0 0.6328125 0.03515625 0.0703125
0 0.9638671875 0.4091796875 0.1484375 0.03515625
0 0.9208984375 0.4658203125 0.0595703125 0.02734375
0 0.28125 0.8916015625 0.14453125 0.04296875
0 0.55859375 0.5732421875 0.0693359375 0.0703125
0 0.333984375 0.7373046875 0.12890625 0.0400390625
0 0.66015625 0.927734375 0.048828125 0.0302734375
0 0.279296875 1.0 0.041015625 0.0166015625
0 0.7412109375 1.0 0.0859375 0.0244140625
0 0.9697265625 0.453125 0.0732421875 0.04296875
0 0.458984375 0.8515625 0.078125 0.0322265625
0 0.8203125 1.0 0.0732421875 0.015625
0 0.962890625 0.5966796875 0.06640625 0.0322265625
0 0.767578125 0.13671875 0.1025390625 0.076171875
0 0.921875 0.529296875 0.0556640625 0.01953125
0 0.443359375 0.2578125 0.0439453125 0.0380859375
0 0.859375 0.9609375 0.1171875 0.0517578125
0 0.7314453125 0.669921875 0.06640625 0.052734375
0 0.544921875 0.1376953125 0.05859375 0.044921875
0 0.0712890625 0.83203125 0.0712890625 0.037109375
0 0.1884765625 0.2744140625 0.072265625 0.0361328125
