0 0.271484375 0.470703125 0.0751953125 0.15234375
0 0.7783203125 0.16796875 0.083984375 0.1005859375
0 0.2841796875 0.7197265625 0.0712890625 0.119140625
0 0.4609375 0.1513671875 0.1220703125 0.1513671875
0 0.046875 0.94921875 0.046875 0.1435546875
0 0.27734375 0.310546875 0.09375 0.1826171875
0 0.8544921875 0.7783203125 0.1435546875 0.080078125
0 0.9267578125 0.2802734375 0.091796875 0.078125
0 0.9140625 1.0 0.2041015625 0.10546875
0 0.6083984375 0.126953125 0.1201171875 0.1044921875
0 0.1328125 1.0 0.0908203125 0.0556640625
0 0.7783203125 0.7216796875 0.109375 0.078125
0 0.5009765625 0.1796875 0.10546875 0.119140625
0 0.3359375 0.783203125 0.0556640625 0.1123046875
0 0.154296875 0.4052734375 0.109375 0.1728515625
0 1.0 0.8125 0.0791015625 0.109375
0 0.142578125 0.615234375 0.142578125 0.2255859375
0 0.5791015625 0.578125 0.087890625 0.1943359375
0 0.48046875 0.53125 0.0732421875 0.1669921875
0 0.6865234375 0.30078125 0.0712890625 0.0732421875
0 0.3701171875 0.34765625 0.0654296875 0.1279296875
0 0.689453125 0.2451171875 0.0849609375 0.173828125
0 0.8173828125 0.3603515625 0.083984375 0.1318359375
0 0.0927734375 0.673828125 0.0927734375 0.1123046875
0 0.9052734375 0.8720703125 0.185546875 0.1181640625
0 1.0 0.3662109375 0.0517578125 0.083984375
0 0.1064453125 0.111328125 0.0849609375 0.1103515625
0 0.1787109375 0.9423828125 0.123046875 0.08984375
0 0.337890625 0.8251953125 0.0712890625 0.06640625
0 0.345703125 0.685546875 0.0576171875 0.0703125
0 0.068359375 0.330078125 0.068359375 0.2060546875
0 0.4462890625 0.3662109375 0.07421875 0.10546875
0 0.3662109375 0.4375 0.0751953125 0.0771484375
0 0.5673828125 0.19140625 0.0546875 0.1279296875
0 0.5966796875 0.2607421875 0.068359375 0.1123046875
