0 0.3720703125 0.8818359375 0.2099609375 0.0947265625
0 0.9375 0.9619140625 0.1533203125 0.0771484375
0 0.333984375 0.552734375 0.1591796875 0.0615234375
0 0.8896484375 0.44921875 0.134765625 0.0849609375
0 0.02734375 0.279296875 0.02734375 0.115234375
0 0.15625 0.3525390625 0.15234375 0.1025390625
0 0.08203125 0.544921875 0.0810546875 0.138671875
0 0.1435546875 0.775390625 0.107421875 0.08203125
0 0.1923828125 0.2109375 0.0927734375 0.080078125
0 0.943359375 0.8720703125 0.162109375 0.1083984375
0 0.966796875 0.564453125 0.1298828125 0.080078125
0 0.9990234375 0.759765625 0.0947265625 0.0751953125
0 0.1015625 0.9892578125 0.1015625 0.09765625
0 0.2373046875 0.732421875 0.126953125 0.072265625
0 1.0 0.4560546875 0.095703125 0.1083984375
0 0.1083984375 0.1748046875 0.0986328125 0.0927734375
0 0.173828125 0.66015625 0.099609375 0.09765625
0 0.046875 0.8671875 0.046875 0.0849609375
0 0.1455078125 0.84765625 0.099609375 0.060546875
0 0.841796875 1.0 0.099609375 0.0029296875
0 0.1943359375 0.2626953125 0.1220703125 0.076171875
0 1.0 0.224609375 0.1103515625 0.08984375
0 0.9970703125 0.0810546875 0.1240234375 0.0810546875
0 0.1845703125 0.103515625 0.1015625 0.0908203125
0 0.1640625 1.0 0.1142578125 0.0478515625
