0 0.6142578125 0.068359375 0.0546875 0.0625
0 0.5400390625 0.1650390625 0.0634765625 0.0703125
0 0.4814453125 0.32421875 0.0625 0.068359375
0 0.3720703125 0.390625 0.078125 0.0654296875
0 0.2626953125 0.3984375 0.0712890625 0.0732421875
0 0.244140625 0.337890625 0.1162109375 0.0673828125
0 0.1884765625 0.4638671875 0.126953125 0.0625
0 0.408203125 0.5498046875 0.0654296875 0.07421875
0 0.236328125 0.640625 0.0849609375 0.048828125
0 0.1923828125 0.7001953125 0.068359375 0.0732421875
0 0.046875 0.6162109375 0.04296875 0.0634765625
0 0.06640625 0.521484375 0.0634765625 0.0537109375
0 0.2265625 0.787109375 0.1123046875 0.08984375
0 0.3994140625 0.669921875 0.06640625 0.0693359375
0 0.4736328125 0.7001953125 0.0810546875 0.0546875
0 0.4345703125 0.763671875 0.0625 0.0654296875
0 0.62890625 0.8349609375 0.0673828125 0.12109375
0 0.5693359375 0.7392578125 0.0634765625 0.0517578125
0 0.5185546875 0.7783203125 0.0478515625 0.064453125
0 0.427734375 0.9306640625 0.1123046875 0.068359375
0 0.5517578125 0.962890625 0.064453125 0.080078125
0 0.302734375 0.9892578125 0.080078125 0.078125
0 0.2255859375 0.99609375 0.046875 0.0654296875
0 0.8916015625 1.0 0.0771484375 0.0556640625
0 1.0 0.9560546875 0.0537109375 0.083984375
0 0.9111328125 0.9091796875 0.0986328125 0.083984375
0 0.7548828125 0.8095703125 0.0517578125 0.078125
0 0.833984375 0.7822265625 0.0478515625 0.0458984375
0 1.0 0.646484375 0.076171875 0.0634765625
0 0.765625 0.6630859375 0.076171875 0.0634765625
0 1.0 0.5771484375 0.06640625 0.0732421875
0 0.8876953125 0.51953125 0.0634765625 0.072265625
0 0.8251953125 0.501953125 0.107421875 0.0595703125
0 0.7744140625 0.4130859375 0.107421875 0.05859375
0 0.6943359375 0.4775390625 0.072265625 0.068359375
0 0.640625 0.513671875 0.1201171875 0.0634765625
0 0.6005859375 0.44921875 0.07421875 0.060546875
0 0.5185546875 0.55078125 0.07421875 0.0712890625
0 0.5322265625 0.4970703125 0.07421875 0.0546875
0 0.6904296875 0.35546875 0.0908203125 0.0927734375
0 0.83984375 0.33203125 0.0634765625 0.0771484375
0 0.88671875 0.2841796875 0.0634765625 0.0693359375
0 0.7216796875 0.259765625 0.0546875 0.0634765625
0 0.7001953125 0.2021484375 0.056640625 0.0791015625
0 0.7431640625 0.203125 0.048828125 0.068359375
0 0.857421875 0.150390625 0.0751953125 0.06640625
0 0.830078125 0.072265625 0.06640625 0.072265625
0 1.0 0.4453125 0.0576171875 0.064453125
0 0.98046875 0.2763671875 0.05078125 0.0576171875
0 0.26953125 0.091796875 0.06640625 0.072265625
0 0.201171875 0.994140625 0.076171875 0.0703125
0 0.70703125 0.58984375 0.0595703125 0.044921875
0 0.7841796875 0.580078125 0.068359375 0.048828125
0 1.0 1.0 0.0498046875 0.04296875
