0 0.9541015625 0.2646484375 0.08203125 0.0927734375
0 1.0 0.5146484375 0.087890625 0.1298828125
0 0.931640625 0.697265625 0.07421875 0.107421875
0 0.8291015625 0.6123046875 0.07421875 0.1357421875
0 0.9169921875 0.33203125 0.1123046875 0.0751953125
0 0.7666015625 0.2373046875 0.1220703125 0.0830078125
0 0.0693359375 0.64453125 0.0673828125 0.0654296875
0 0.2216796875 0.9267578125 0.1201171875 0.1796875
0 0.1943359375 0.216796875 0.0673828125 0.1025390625
0 0.072265625 0.4091796875 0.0703125 0.134765625
0 0.341796875 0.6640625 0.107421875 0.0595703125
0 0.2470703125 0.7392578125 0.0849609375 0.0751953125
0 0.0966796875 0.5498046875 0.0947265625 0.1025390625
0 0.8720703125 0.681640625 0.09765625 0.1494140625
0 0.955078125 0.037109375 0.0625 0.037109375
