0 0.669921875 0.4208984375 0.05859375 0.09765625
0 0.1474609375 0.1298828125 0.0849609375 0.111328125
0 0.2978515625 0.431640625 0.080078125 0.1044921875
0 0.8916015625 0.9208984375 0.0810546875 0.068359375
0 1.0 0.1982421875 0.078125 0.1044921875
0 0.3017578125 0.994140625 0.1240234375 0.05078125
0 0.30859375 0.7021484375 0.0546875 0.0810546875
0 0.7421875 0.73828125 0.05859375 0.080078125
0 0.7099609375 0.8037109375 0.087890625 0.0830078125
0 1.0 0.9677734375 0.068359375 0.1201171875
0 0.623046875 0.4658203125 0.0693359375 0.0634765625
0 0.662109375 0.8076171875 0.11328125 0.09765625
0 0.22265625 0.2666015625 0.0712890625 0.0634765625
0 0.2578125 0.6904296875 0.0986328125 0.0791015625
0 0.587890625 0.48046875 0.0576171875 0.0703125
0 0.36328125 0.1396484375 0.0849609375 0.06640625
0 0.3857421875 0.7900390625 0.048828125 0.11328125
0 0.4794921875 0.3798828125 0.083984375 0.0498046875
0 0.7939453125 0.662109375 0.080078125 0.0546875
0 0.08984375 0.142578125 0.0810546875 0.048828125
0 0.6650390625 0.568359375 0.0751953125 0.048828125
0 0.603515625 0.8701171875 0.0888671875 0.0654296875
0 0.5185546875 0.24609375 0.052734375 0.0693359375
0 0.0126953125 0.12109375 0.0126953125 0.0390625
0 0.1337890625 0.1796875 0.1240234375 0.0390625
0 0.978515625 0.5078125 0.0732421875 0.0419921875
0 0.2021484375 0.6806640625 0.080078125 0.0478515625
0 0.96484375 0.650390625 0.064453125 0.056640625
0 0.4833984375 0.537109375 0.099609375 0.0361328125
0 0.140625 0.275390625 0.0546875 0.04296875
0 0.55859375 0.529296875 0.078125 0.0390625
0 0.140625 0.8359375 0.140625 0.107421875
0 0.0888671875 0.2451171875 0.0625 0.0458984375
0 0.19921875 0.0859375 0.0927734375 0.037109375
0 0.115234375 0.8818359375 0.0791015625 0.0380859375
0 0.767578125 0.478515625 0.095703125 0.03125
0 0.474609375 0.2158203125 0.078125 0.064453125
0 0.1806640625 0.51171875 0.0595703125 0.0361328125
0 0.728515625 0.5625 0.0517578125 0.0419921875
0 0.990234375 0.7705078125 0.046875 0.0546875
0 0.650390625 0.6171875 0.060546875 0.0390625
0 0.9873046875 0.81640625 0.041015625 0.0439453125
0 0.0595703125 0.5791015625 0.0546875 0.025390625
0 0.7861328125 1.0 0.0390625 0.0390625
0 1.0 0.4111328125 0.0302734375 0.0732421875
0 0.6845703125 0.9033203125 0.0673828125 0.0341796875
0 0.5576171875 0.77734375 0.1240234375 0.0673828125
0 0.9580078125 0.330078125 0.029296875 0.0654296875
0 0.35546875 0.2109375 0.0888671875 0.0673828125
0 0.166015625 0.8232421875 0.12109375 0.0625
0 0.4091796875 0.0302734375 0.03515625 0.029296875
0 0.458984375 0.5009765625 0.0703125 0.0361328125
0 0.4150390625 0.1044921875 0.0615234375 0.0771484375
0 0.8740234375 0.9638671875 0.0625 0.033203125
0 0.9541015625 0.9365234375 0.0634765625 0.03515625
0 0.2900390625 0.79296875 0.0908203125 0.05078125
0 0.3662109375 0.0595703125 0.05078125 0.0595703125
0 0.34765625 0.7666015625 0.0458984375 0.0419921875
0 0.9111328125 0.607421875 0.041015625 0.0732421875
0 0.4541015625 0.41015625 0.0595703125 0.06640625
0 0.443359375 0.72265625 0.0478515625 0.0498046875
0 0.9697265625 0.78515625 0.0517578125 0.037109375
0 0.291015625 0.173828125 0.07421875 0.0703125
0 0.16796875 0.1669921875 0.05859375 0.0341796875
0 0.04296875 0.8740234375 0.04296875 0.0390625
0 0.6494140625 0.9169921875 0.0673828125 0.0263671875
0 0.8759765625 0.55859375 0.029296875 0.05078125
