0 0.255859375 0.541015625 0.1015625 0.0576171875
0 0.9384765625 0.474609375 0.0908203125 0.0537109375
0 0.650390625 0.3115234375 0.09765625 0.10546875
0 0.107421875 0.494140625 0.1064453125 0.05078125
0 0.314453125 0.0703125 0.0986328125 0.0693359375
0 0.447265625 0.3671875 0.1455078125 0.083984375
0 0.7861328125 0.2431640625 0.0986328125 0.10546875
0 0.921875 0.8310546875 0.0966796875 0.076171875
0 0.310546875 0.19921875 0.08203125 0.0458984375
0 0.345703125 0.9130859375 0.119140625 0.060546875
0 0.23046875 0.111328125 0.0927734375 0.0634765625
0 0.7587890625 0.3671875 0.1416015625 0.048828125
0 0.9423828125 0.400390625 0.076171875 0.06640625
0 0.5166015625 0.4755859375 0.1650390625 0.0498046875
0 0.9404296875 0.125 0.1337890625 0.046875
0 0.341796875 0.41015625 0.0947265625 0.048828125
0 0.201171875 0.068359375 0.0966796875 0.056640625
0 0.083984375 0.7265625 0.0830078125 0.03125
0 0.291015625 0.92578125 0.1025390625 0.0556640625
0 0.47265625 0.4326171875 0.0947265625 0.0517578125
0 0.9033203125 0.5234375 0.1025390625 0.037109375
0 0.517578125 0.533203125 0.1025390625 0.05078125
0 0.6767578125 0.1943359375 0.11328125 0.0498046875
0 0.1728515625 0.5390625 0.1171875 0.0458984375
0 0.2294921875 0.8125 0.1630859375 0.05078125
0 0.1328125 0.18359375 0.126953125 0.0615234375
0 0.83984375 0.583984375 0.072265625 0.044921875
0 0.4931640625 0.8935546875 0.107421875 0.0419921875
0 0.501953125 0.6435546875 0.078125 0.0263671875
0 0.1923828125 0.5810546875 0.0966796875 0.0546875
0 0.900390625 0.6171875 0.1025390625 0.03515625
0 0.337890625 0.28515625 0.10546875 0.029296875
0 0.2509765625 0.5986328125 0.1474609375 0.0380859375
0 0.337890625 0.6259765625 0.095703125 0.0263671875
0 0.501953125 0.224609375 0.125 0.0771484375
0 0.5625 0.1572265625 0.0625 0.0693359375
0 0.08203125 0.3984375 0.08203125 0.0673828125
0 0.466796875 0.853515625 0.123046875 0.0576171875
0 0.7490234375 0.6484375 0.0830078125 0.01953125
0 1.0 0.3662109375 0.0361328125 0.029296875
0 0.455078125 0.2705078125 0.1025390625 0.056640625
0 1.0 0.5078125 0.09765625 0.033203125
0 1.0 0.1611328125 0.0224609375 0.09765625
0 0.8310546875 0.841796875 0.0986328125 0.0341796875
0 0.95703125 0.6630859375 0.1015625 0.0419921875
0 0.8876953125 0.029296875 0.060546875 0.029296875
0 0.900390625 0.5986328125 0.05859375 0.0419921875
0 0.75390625 0.7744140625 0.10546875 0.0283203125
0 0.6884765625 0.9443359375 0.125 0.0400390625
0 0.203125 0.1962890625 0.0810546875 0.041015625
0 0.70703125 0.56640625 0.1025390625 0.0244140625
0 0.3701171875 0.537109375 0.0615234375 0.029296875
0 0.8662109375 0.19921875 0.080078125 0.025390625
0 0.7080078125 0.8681640625 0.080078125 0.03125
0 1.0 0.8388671875 0.0419921875 0.0283203125
0 0.400390625 0.0595703125 0.0712890625 0.0595703125
0 0.3486328125 0.69140625 0.2666015625 0.0732421875
0 0.44921875 0.2529296875 0.11328125 0.046875
0 0.5556640625 0.806640625 0.0869140625 0.0390625
0 0.654296875 0.853515625 0.09765625 0.037109375
0 0.916015625 0.3095703125 0.0888671875 0.04296875
0 0.0419921875 0.603515625 0.041015625 0.0283203125
0 0.0859375 0.5595703125 0.0859375 0.0478515625
0 0.0810546875 0.9130859375 0.080078125 0.029296875
0 0.18359375 0.8681640625 0.18359375 0.0673828125
0 0.5078125 0.9892578125 0.140625 0.0341796875
0 0.5244140625 0.994140625 0.0634765625 0.0205078125
0 0.9091796875 0.8310546875 0.08203125 0.0244140625
0 0.4697265625 0.1806640625 0.095703125 0.0419921875
0 0.2783203125 1.0 0.16015625 0.060546875
0 0.376953125 0.1728515625 0.0888671875 0.0419921875
0 0.5498046875 0.251953125 0.0546875 0.017578125
0 0.2626953125 0.9794921875 0.15625 0.060546875
0 0.044921875 0.1923828125 0.0439453125 0.0166015625
0 0.568359375 0.1025390625 0.115234375 0.0673828125
0 0.552734375 0.63671875 0.0556640625 0.0244140625
0 0.5185546875 0.8740234375 0.0927734375 0.0625
