0 0.1728515625 0.8740234375 0.0830078125 0.095703125
0 0.154296875 0.798828125 0.0986328125 0.091796875
0 0.1904296875 0.7587890625 0.0546875 0.078125
0 0.3349609375 0.8671875 0.0966796875 0.091796875
0 0.2841796875 0.669921875 0.08203125 0.1337890625
0 0.4541015625 0.9169921875 0.1181640625 0.060546875
0 0.4189453125 0.986328125 0.095703125 0.068359375
0 0.2626953125 0.9365234375 0.064453125 0.0703125
0 0.609375 0.9521484375 0.07421875 0.0859375
0 0.5986328125 1.0 0.0634765625 0.0546875
0 0.798828125 0.9443359375 0.0888671875 0.064453125
0 0.439453125 0.572265625 0.083984375 0.0830078125
0 0.4453125 0.6611328125 0.0732421875 0.087890625
0 0.5771484375 0.64453125 0.08984375 0.0869140625
0 0.5712890625 0.7294921875 0.068359375 0.0771484375
0 0.5205078125 0.7451171875 0.1201171875 0.0595703125
0 0.560546875 0.8134765625 0.0634765625 0.0732421875
0 0.73828125 0.7373046875 0.1103515625 0.0859375
0 0.6904296875 0.671875 0.0810546875 0.140625
0 0.802734375 0.818359375 0.0849609375 0.0673828125
0 0.9443359375 0.7685546875 0.08203125 0.11328125
0 0.8974609375 0.8359375 0.072265625 0.072265625
0 0.884765625 1.0 0.072265625 0.0595703125
0 0.9501953125 1.0 0.06640625 0.0615234375
0 1.0 0.7470703125 0.046875 0.05859375
0 1.0 0.69140625 0.0703125 0.1328125
0 0.9482421875 0.5078125 0.095703125 0.0751953125
0 0.7998046875 0.470703125 0.072265625 0.0751953125
0 0.6943359375 0.46875 0.072265625 0.0751953125
0 0.5537109375 0.486328125 0.087890625 0.1201171875
0 0.4541015625 0.4169921875 0.1005859375 0.06640625
0 0.4677734375 0.3505859375 0.125 0.083984375
0 0.22265625 0.41796875 0.1376953125 0.068359375
0 0.22265625 0.47265625 0.07421875 0.056640625
0 0.298828125 0.3173828125 0.1142578125 0.080078125
0 0.125 0.2333984375 0.0654296875 0.140625
0 0.1787109375 0.1923828125 0.0732421875 0.099609375
0 0.283203125 0.2099609375 0.0634765625 0.064453125
0 0.4443359375 0.19140625 0.0869140625 0.08984375
0 0.6357421875 0.25390625 0.078125 0.099609375
0 0.611328125 0.02734375 0.115234375 0.02734375
0 0.6708984375 0.1259765625 0.0654296875 0.1259765625
0 0.609375 0.1162109375 0.0703125 0.08984375
0 0.71484375 0.06640625 0.0634765625 0.06640625
0 0.8046875 0.0634765625 0.0888671875 0.0634765625
0 0.9140625 0.177734375 0.06640625 0.091796875
0 0.41796875 0.0595703125 0.056640625 0.0595703125
0 0.5302734375 0.79296875 0.130859375 0.0673828125
0 0.2822265625 0.421875 0.0927734375 0.0634765625
0 0.4931640625 0.9169921875 0.0673828125 0.0771484375
0 0.9912109375 0.490234375 0.05078125 0.0751953125
0 0.26171875 1.0 0.0859375 0.01953125
0 0.4140625 1.0 0.099609375 0.0234375
0 0.998046875 0.5849609375 0.0400390625 0.0693359375
0 0.0166015625 0.365234375 0.0166015625 0.08984375
