0 1.0 0.7060546875 0.123046875 0.1220703125
0 0.5478515625 0.46875 0.162109375 0.125
0 0.3818359375 0.3876953125 0.1611328125 0.123046875
0 0.5478515625 0.2421875 0.099609375 0.091796875
0 0.779296875 0.1689453125 0.15234375 0.09375
0 0.3623046875 0.1376953125 0.125 0.1376953125
0 0.8984375 0.0771484375 0.154296875 0.0771484375
0 0.30859375 0.5546875 0.216796875 0.095703125
0 0.3916015625 0.6826171875 0.1220703125 0.0947265625
0 0.2333984375 0.7626953125 0.1640625 0.0849609375
0 1.0 0.4423828125 0.0498046875 0.1005859375
0 0.982421875 0.59375 0.068359375 0.078125
0 0.23828125 0.1748046875 0.10546875 0.16796875
0 0.236328125 0.26953125 0.064453125 0.0673828125
0 0.328125 0.2626953125 0.0830078125 0.0859375
0 0.107421875 0.2939453125 0.087890625 0.087890625
0 0.17578125 0.4443359375 0.08984375 0.095703125
0 0.5234375 0.5654296875 0.0859375 0.076171875
0 0.732421875 0.58203125 0.0771484375 0.0673828125
0 0.63671875 0.58203125 0.05859375 0.0400390625
0 0.6484375 0.6484375 0.091796875 0.0771484375
0 0.373046875 0.8818359375 0.08984375 0.07421875
0 0.275390625 0.9345703125 0.09765625 0.0654296875
0 0.5380859375 0.9296875 0.140625 0.140625
0 0.072265625 0.8251953125 0.072265625 0.0634765625
0 0.330078125 1.0 0.083984375 0.0751953125
0 0.7158203125 1.0 0.0615234375 0.0595703125
0 0.7919921875 0.98828125 0.0791015625 0.0615234375
0 0.98046875 0.9716796875 0.146484375 0.072265625
0 0.9443359375 0.99609375 0.115234375 0.03515625
