0 0.5361328125 0.1826171875 0.0556640625 0.10546875
0 0.587890625 0.189453125 0.05078125 0.0576171875
0 0.5361328125 0.294921875 0.0595703125 0.0556640625
0 0.7109375 0.224609375 0.0751953125 0.056640625
0 0.6865234375 0.15625 0.056640625 0.0537109375
0 0.74609375 0.1806640625 0.0546875 0.09375
0 0.7919921875 0.1376953125 0.083984375 0.076171875
0 0.7998046875 0.232421875 0.0693359375 0.0771484375
0 0.791015625 0.306640625 0.0546875 0.044921875
0 0.7548828125 0.32421875 0.064453125 0.05078125
0 0.62109375 0.4150390625 0.0634765625 0.0615234375
0 0.5322265625 0.4384765625 0.119140625 0.08203125
0 0.4951171875 0.3759765625 0.16796875 0.17578125
0 0.3271484375 0.2158203125 0.056640625 0.1142578125
0 0.28125 0.193359375 0.0556640625 0.0615234375
0 0.279296875 0.1162109375 0.07421875 0.1162109375
0 0.4091796875 0.1845703125 0.0849609375 0.1328125
0 0.4453125 0.1591796875 0.072265625 0.068359375
0 0.4189453125 0.0869140625 0.060546875 0.0849609375
0 0.193359375 0.1240234375 0.1181640625 0.0908203125
0 0.14453125 0.1279296875 0.0791015625 0.0771484375
0 0.1611328125 0.2158203125 0.0732421875 0.0849609375
0 0.1611328125 0.43359375 0.0625 0.126953125
0 0.076171875 0.2314453125 0.076171875 0.1181640625
0 0.302734375 0.4912109375 0.0703125 0.072265625
0 0.255859375 0.505859375 0.0546875 0.0859375
0 0.37109375 0.44140625 0.1240234375 0.0634765625
0 0.1826171875 0.30859375 0.11328125 0.0712890625
0 0.123046875 0.619140625 0.0810546875 0.0390625
0 0.2919921875 0.6591796875 0.0546875 0.0615234375
0 0.28515625 0.75390625 0.0673828125 0.0546875
0 0.3505859375 0.61328125 0.0712890625 0.0380859375
0 0.458984375 0.619140625 0.0751953125 0.08203125
0 0.466796875 0.5224609375 0.0595703125 0.0654296875
0 0.5625 0.5458984375 0.078125 0.048828125
0 0.509765625 0.5771484375 0.0693359375 0.048828125
0 0.560546875 0.626953125 0.0615234375 0.05078125
0 0.626953125 0.6357421875 0.0703125 0.06640625
0 0.5390625 0.6669921875 0.060546875 0.046875
0 0.5615234375 0.73046875 0.0625 0.041015625
0 0.634765625 0.7294921875 0.0546875 0.0556640625
0 0.7509765625 0.642578125 0.0859375 0.05859375
0 0.787109375 0.630859375 0.0625 0.068359375
0 0.9189453125 0.583984375 0.0908203125 0.07421875
0 0.962890625 0.505859375 0.083984375 0.048828125
0 0.865234375 0.4306640625 0.0595703125 0.0634765625
0 0.86328125 0.357421875 0.0615234375 0.0634765625
0 0.984375 0.650390625 0.0751953125 0.0517578125
0 0.8896484375 0.701171875 0.04296875 0.08203125
0 0.9443359375 0.70703125 0.0615234375 0.0361328125
0 0.857421875 0.7158203125 0.083984375 0.0498046875
0 0.841796875 0.6376953125 0.05859375 0.060546875
0 1.0 0.4423828125 0.037109375 0.0771484375
0 1.0 0.1806640625 0.0478515625 0.0458984375
0 0.978515625 0.1884765625 0.08203125 0.0791015625
0 0.890625 0.169921875 0.095703125 0.1005859375
0 0.833984375 0.06640625 0.0693359375 0.06640625
0 0.130859375 0.8720703125 0.099609375 0.0625
0 0.5068359375 0.8818359375 0.0732421875 0.046875
0 0.1923828125 1.0 0.0546875 0.05078125
0 0.6005859375 1.0 0.064453125 0.044921875
0 0.71875 0.9404296875 0.048828125 0.0625
0 0.6259765625 0.78125 0.10546875 0.0419921875
0 0.6884765625 0.9912109375 0.07421875 0.0654296875
0 0.83203125 1.0 0.05859375 0.06640625
0 1.0 0.8681640625 0.0322265625 0.04296875
0 0.958984375 0.828125 0.0517578125 0.0625
0 1.0 0.7890625 0.0517578125 0.0537109375
0 0.1181640625 0.24609375 0.0478515625 0.0498046875
0 0.36328125 0.3955078125 0.046875 0.0458984375
0 0.2880859375 0.595703125 0.0634765625 0.0478515625
0 0.2763671875 0.533203125 0.0517578125 0.0419921875
0 0.1533203125 0.978515625 0.05078125 0.0537109375
0 0.69921875 0.7822265625 0.0859375 0.0537109375
0 0.66015625 0.2353515625 0.0439453125 0.07421875
0 0.5625 0.0947265625 0.0615234375 0.04296875
0 0.99609375 0.740234375 0.044921875 0.0361328125
0 0.0732421875 0.2109375 0.0732421875 0.171875
0 0.7822265625 0.7236328125 0.0458984375 0.0458984375
0 0.357421875 0.0859375 0.0625 0.0693359375
