0 0.0400390625 0.90625 0.0400390625 0.0634765625
0 0.1328125 0.8662109375 0.0986328125 0.083984375
0 0.328125 0.9658203125 0.0615234375 0.064453125
0 0.234375 0.7509765625 0.1201171875 0.08984375
0 0.2080078125 0.638671875 0.1064453125 0.0693359375
0 0.0419921875 0.6689453125 0.0419921875 0.05078125
0 0.068359375 0.4609375 0.0595703125 0.0703125
0 0.1572265625 0.5029296875 0.08203125 0.0625
0 0.255859375 0.4208984375 0.0771484375 0.103515625
0 0.326171875 0.4814453125 0.068359375 0.056640625
0 0.0302734375 0.23828125 0.0302734375 0.0673828125
0 0.1357421875 0.095703125 0.0615234375 0.0732421875
0 0.3154296875 0.0390625 0.0546875 0.0390625
0 0.4462890625 0.3359375 0.09375 0.080078125
0 0.6669921875 0.3154296875 0.0810546875 0.07421875
0 0.6220703125 0.380859375 0.076171875 0.056640625
0 0.521484375 0.4638671875 0.1103515625 0.0849609375
0 0.6982421875 0.51171875 0.109375 0.1171875
0 0.783203125 0.4609375 0.103515625 0.0908203125
0 0.841796875 0.373046875 0.0810546875 0.0751953125
0 0.984375 0.2119140625 0.111328125 0.060546875
0 0.763671875 0.66015625 0.1064453125 0.076171875
0 0.3779296875 0.646484375 0.0810546875 0.052734375
0 0.453125 0.74609375 0.138671875 0.0576171875
0 0.400390625 0.8173828125 0.078125 0.0634765625
0 0.673828125 0.9970703125 0.091796875 0.125
0 0.876953125 0.7529296875 0.080078125 0.123046875
0 1.0 0.79296875 0.1103515625 0.0751953125
0 1.0 0.6142578125 0.0478515625 0.060546875
0 0.9814453125 0.4873046875 0.10546875 0.078125
0 0.9775390625 0.08203125 0.0712890625 0.060546875
