0 0.228515625 0.2099609375 0.1005859375 0.1708984375
0 0.0771484375 0.171875 0.0771484375 0.0693359375
0 0.3427734375 0.10546875 0.1083984375 0.0703125
0 0.296875 0.1845703125 0.08203125 0.0693359375
0 0.484375 0.2607421875 0.0830078125 0.1025390625
0 0.3681640625 0.2568359375 0.0615234375 0.0615234375
0 0.4599609375 0.0732421875 0.0751953125 0.05078125
0 0.244140625 0.4423828125 0.0703125 0.103515625
0 0.3193359375 0.4033203125 0.09375 0.0673828125
0 0.2119140625 0.5771484375 0.107421875 0.1123046875
0 0.1494140625 0.623046875 0.078125 0.1064453125
0 0.0859375 0.484375 0.056640625 0.0595703125
0 0.0703125 0.5283203125 0.0654296875 0.0546875
0 0.1162109375 0.6513671875 0.0712890625 0.0771484375
0 0.326171875 0.70703125 0.123046875 0.0703125
0 0.4638671875 0.5 0.0810546875 0.109375
0 0.5126953125 0.390625 0.107421875 0.0673828125
0 0.517578125 0.3291015625 0.0654296875 0.056640625
0 0.701171875 0.359375 0.0927734375 0.091796875
0 0.45703125 0.673828125 0.0869140625 0.09765625
0 0.44921875 0.7578125 0.0869140625 0.12109375
0 0.55078125 0.6708984375 0.083984375 0.060546875
0 0.5185546875 0.625 0.0595703125 0.072265625
0 0.4052734375 0.8642578125 0.0859375 0.068359375
0 0.326171875 0.880859375 0.0673828125 0.0654296875
0 0.3115234375 0.9541015625 0.0654296875 0.072265625
0 0.7451171875 0.904296875 0.0673828125 0.083984375
0 0.6064453125 0.8515625 0.1064453125 0.0771484375
0 0.7197265625 0.7099609375 0.0751953125 0.076171875
0 0.8076171875 0.734375 0.0712890625 0.0673828125
0 0.7763671875 0.64453125 0.0712890625 0.0712890625
0 0.865234375 0.583984375 0.0908203125 0.091796875
0 0.9384765625 0.6015625 0.078125 0.0751953125
0 0.8544921875 0.4326171875 0.087890625 0.056640625
0 0.91015625 0.3759765625 0.080078125 0.064453125
0 0.9619140625 0.3173828125 0.0712890625 0.0810546875
0 1.0 0.2705078125 0.0634765625 0.0810546875
0 0.9453125 0.0927734375 0.076171875 0.0908203125
0 0.849609375 0.060546875 0.095703125 0.060546875
0 1.0 0.83203125 0.0810546875 0.08203125
0 0.9541015625 0.99609375 0.0576171875 0.103515625
0 1.0 0.9638671875 0.0498046875 0.0810546875
0 0.6962890625 0.197265625 0.056640625 0.056640625
0 0.8408203125 0.28125 0.0771484375 0.0751953125
0 0.87109375 0.751953125 0.0830078125 0.08203125
0 0.1083984375 0.5615234375 0.0673828125 0.0732421875
0 0.765625 0.5947265625 0.078125 0.072265625
0 0.2236328125 0.05078125 0.0927734375 0.05078125
0 0.896484375 0.0341796875 0.0556640625 0.0341796875
0 0.390625 0.8193359375 0.0859375 0.0615234375
0 0.7216796875 0.828125 0.05078125 0.046875
0 0.5576171875 0.9501953125 0.0634765625 0.07421875
0 0.580078125 1.0 0.041015625 0.0263671875
0 0.646484375 1.0 0.044921875 0.025390625
0 0.68359375 0.46875 0.107421875 0.0595703125
0 0.583984375 0.3359375 0.0439453125 0.04296875
