0 0.0947265625 0.0498046875 0.076171875 0.0498046875
0 0.150390625 0.0966796875 0.068359375 0.0517578125
0 0.2041015625 0.2109375 0.0634765625 0.0830078125
0 0.283203125 0.181640625 0.0927734375 0.068359375
0 0.3359375 0.1962890625 0.05859375 0.05078125
0 0.3759765625 0.21875 0.0673828125 0.0546875
0 0.4658203125 0.21875 0.060546875 0.0615234375
0 0.7099609375 0.1611328125 0.072265625 0.087890625
0 0.806640625 0.138671875 0.0732421875 0.05078125
0 0.861328125 0.0751953125 0.078125 0.0654296875
0 0.0849609375 1.0 0.0712890625 0.078125
0 0.064453125 0.92578125 0.064453125 0.0537109375
0 0.205078125 1.0 0.078125 0.046875
0 0.3203125 0.95703125 0.0693359375 0.056640625
0 0.3642578125 0.978515625 0.060546875 0.0517578125
0 0.0517578125 0.568359375 0.0517578125 0.05078125
0 0.0859375 0.6083984375 0.0546875 0.056640625
0 0.1005859375 0.671875 0.068359375 0.0810546875
0 0.12109375 0.49609375 0.087890625 0.0703125
0 0.3720703125 0.6494140625 0.1123046875 0.0556640625
0 0.47265625 0.572265625 0.08203125 0.083984375
0 0.5859375 0.576171875 0.08203125 0.0888671875
0 0.580078125 0.630859375 0.1025390625 0.0546875
0 0.6015625 0.7216796875 0.0693359375 0.05859375
0 0.48046875 0.8134765625 0.0712890625 0.0947265625
0 0.4921875 0.732421875 0.0625 0.046875
0 0.6123046875 0.80859375 0.0703125 0.078125
0 0.689453125 0.77734375 0.0625 0.05078125
0 0.744140625 0.6064453125 0.0830078125 0.0693359375
0 0.740234375 0.55859375 0.09375 0.0712890625
0 0.86328125 0.6953125 0.0986328125 0.0791015625
0 0.7138671875 0.6640625 0.076171875 0.068359375
0 0.9345703125 0.6318359375 0.076171875 0.0751953125
0 0.9931640625 0.591796875 0.0703125 0.0654296875
0 0.94921875 0.53515625 0.0634765625 0.0869140625
0 0.9423828125 0.8896484375 0.115234375 0.0986328125
0 1.0 0.95703125 0.1064453125 0.0615234375
0 0.6376953125 1.0 0.09765625 0.07421875
0 0.650390625 0.1572265625 0.0859375 0.0673828125
0 0.6162109375 0.0859375 0.0732421875 0.05078125
