0 0.4599609375 0.69921875 0.2001953125 0.125
0 0.337890625 1.0 0.337890625 0.4052734375
0 0.7802734375 0.9775390625 0.107421875 0.1025390625
0 0.8525390625 0.4990234375 0.07421875 0.072265625
0 0.806640625 0.89453125 0.13671875 0.103515625
0 0.6533203125 0.216796875 0.107421875 0.216796875
0 1.0 0.2099609375 0.171875 0.1220703125
0 0.80078125 0.626953125 0.1494140625 0.1416015625
0 0.7568359375 0.70703125 0.166015625 0.080078125
0 0.939453125 0.0830078125 0.0888671875 0.0830078125
0 0.9072265625 1.0 0.0859375 0.107421875
0 0.0859375 0.4326171875 0.048828125 0.0712890625
0 0.0458984375 0.265625 0.0458984375 0.087890625
0 0.6875 0.9599609375 0.1064453125 0.0830078125
0 0.7412109375 0.6611328125 0.1083984375 0.05859375
0 0.94140625 0.853515625 0.0390625 0.048828125
