0 0.3017578125 0.984375 0.05078125 0.0625
0 0.3662109375 0.974609375 0.068359375 0.0908203125
0 0.2919921875 0.8740234375 0.0693359375 0.072265625
0 0.12109375 0.9443359375 0.0693359375 0.06640625
0 0.6005859375 0.85546875 0.09375 0.0712890625
0 0.419921875 0.8408203125 0.0654296875 0.0625
0 0.345703125 0.8115234375 0.0673828125 0.0546875
0 0.3525390625 0.7568359375 0.0703125 0.0595703125
0 0.4013671875 0.6943359375 0.0810546875 0.0712890625
0 0.5146484375 0.73046875 0.0986328125 0.0634765625
0 0.552734375 0.7744140625 0.080078125 0.0546875
0 0.2666015625 0.759765625 0.1005859375 0.0634765625
0 0.138671875 0.8232421875 0.0712890625 0.07421875
0 0.11328125 0.8857421875 0.08203125 0.0615234375
0 0.052734375 0.9404296875 0.052734375 0.0595703125
0 0.0458984375 0.4560546875 0.0458984375 0.1552734375
0 0.130859375 0.279296875 0.0693359375 0.078125
0 0.2509765625 0.3994140625 0.09375 0.0712890625
0 0.0556640625 0.23046875 0.0556640625 0.078125
0 0.1357421875 0.1591796875 0.0654296875 0.0693359375
0 0.298828125 0.0703125 0.0478515625 0.0693359375
0 0.3544921875 0.1103515625 0.0556640625 0.107421875
0 0.5732421875 0.2734375 0.0634765625 0.095703125
0 0.41796875 0.296875 0.0771484375 0.060546875
0 0.775390625 0.201171875 0.0625 0.0634765625
0 0.8134765625 0.234375 0.0458984375 0.05078125
0 0.7744140625 0.2734375 0.0703125 0.07421875
0 0.826171875 0.326171875 0.0517578125 0.087890625
0 0.8857421875 0.2724609375 0.064453125 0.0693359375
0 0.8876953125 0.2041015625 0.09375 0.048828125
0 0.90234375 0.1630859375 0.0576171875 0.05859375
0 0.85546875 0.396484375 0.0927734375 0.0634765625
0 0.982421875 0.3037109375 0.103515625 0.0576171875
0 0.9912109375 0.345703125 0.056640625 0.05078125
0 0.6474609375 0.6591796875 0.0693359375 0.0830078125
0 0.7158203125 0.7109375 0.05078125 0.060546875
0 0.8642578125 0.66796875 0.052734375 0.0595703125
0 0.8359375 0.6435546875 0.10546875 0.0888671875
0 0.9638671875 0.7099609375 0.0703125 0.0673828125
0 0.84375 0.7724609375 0.052734375 0.080078125
0 0.88671875 0.8251953125 0.0712890625 0.0634765625
0 0.82421875 0.9873046875 0.0537109375 0.072265625
0 0.8798828125 0.9619140625 0.05078125 0.06640625
0 0.9541015625 0.876953125 0.0654296875 0.048828125
0 0.9921875 0.916015625 0.0751953125 0.0556640625
0 0.876953125 0.8916015625 0.052734375 0.0537109375
0 1.0 0.8251953125 0.048828125 0.0576171875
0 0.9990234375 0.904296875 0.04296875 0.078125
0 0.0625 0.4150390625 0.05859375 0.0654296875
0 1.0 0.16796875 0.0322265625 0.0419921875
