0 0.830078125 0.7197265625 0.0947265625 0.1064453125
0 0.76171875 0.3759765625 0.099609375 0.13671875
0 0.9130859375 0.3798828125 0.0546875 0.1669921875
0 1.0 0.4169921875 0.08203125 0.0849609375
0 0.1455078125 0.3056640625 0.08203125 0.099609375
0 0.669921875 0.369140625 0.068359375 0.123046875
0 0.8095703125 0.591796875 0.0595703125 0.0712890625
0 0.3359375 1.0 0.1123046875 0.0849609375
0 0.32421875 0.9189453125 0.1298828125 0.0732421875
0 0.2216796875 0.11328125 0.07421875 0.0986328125
0 0.90625 1.0 0.09765625 0.1123046875
0 0.6689453125 0.5693359375 0.1259765625 0.06640625
0 0.5341796875 0.294921875 0.185546875 0.1826171875
0 0.3349609375 0.84765625 0.0693359375 0.158203125
0 0.298828125 0.9130859375 0.1396484375 0.0908203125
0 0.744140625 0.6953125 0.0634765625 0.1005859375
0 0.8583984375 0.3798828125 0.0927734375 0.0908203125
0 0.9169921875 0.208984375 0.0556640625 0.1083984375
0 0.865234375 0.2373046875 0.1962890625 0.078125
0 0.740234375 0.44921875 0.1064453125 0.1005859375
0 0.4287109375 0.5546875 0.10546875 0.08203125
0 0.626953125 0.486328125 0.0703125 0.0673828125
0 0.6337890625 0.529296875 0.0546875 0.06640625
0 0.822265625 0.486328125 0.072265625 0.0556640625
0 0.8369140625 0.30859375 0.076171875 0.0830078125
0 0.2900390625 0.353515625 0.06640625 0.0556640625
0 0.728515625 0.8671875 0.0693359375 0.0830078125
0 0.7392578125 0.1162109375 0.05078125 0.0419921875
