0 0.1591796875 0.5244140625 0.1201171875 0.126953125
0 0.19921875 0.82421875 0.1044921875 0.1240234375
0 0.2001953125 1.0 0.1328125 0.05859375
0 0.701171875 0.75390625 0.0869140625 0.046875
0 0.6376953125 0.3974609375 0.103515625 0.072265625
0 0.857421875 1.0 0.11328125 0.0751953125
0 0.6162109375 0.6875 0.07421875 0.1181640625
0 0.482421875 0.607421875 0.1103515625 0.1025390625
0 0.787109375 0.9111328125 0.09375 0.08984375
0 0.322265625 0.4599609375 0.16015625 0.1025390625
0 0.806640625 0.294921875 0.1650390625 0.115234375
0 0.9921875 1.0 0.123046875 0.0751953125
0 0.2890625 0.5517578125 0.1298828125 0.08203125
0 0.9287109375 0.4638671875 0.171875 0.1748046875
0 0.115234375 0.1484375 0.0849609375 0.14453125
0 0.1376953125 0.388671875 0.1171875 0.1953125
0 0.5166015625 0.83203125 0.1142578125 0.0673828125
0 0.439453125 0.6923828125 0.052734375 0.078125
0 0.6875 0.0751953125 0.1630859375 0.0732421875
0 0.5771484375 0.3056640625 0.056640625 0.076171875
0 0.5322265625 0.6923828125 0.087890625 0.080078125
0 1.0 0.5869140625 0.0654296875 0.0703125
