0 0.572265625 0.2177734375 0.060546875 0.048828125
0 0.5859375 0.15234375 0.052734375 0.056640625
0 1.0 0.322265625 0.111328125 0.0703125
0 0.630859375 0.392578125 0.052734375 0.0361328125
0 0.6630859375 0.345703125 0.05078125 0.0849609375
0 0.677734375 0.1796875 0.083984375 0.0712890625
0 1.0 0.6923828125 0.0478515625 0.0849609375
0 0.517578125 0.29296875 0.0537109375 0.09375
0 0.419921875 0.5361328125 0.046875 0.05078125
0 0.0380859375 0.09375 0.0380859375 0.0791015625
0 0.11328125 0.15625 0.083984375 0.1337890625
0 0.2119140625 0.17578125 0.0908203125 0.1005859375
0 0.57421875 0.3916015625 0.0712890625 0.06640625
0 0.607421875 0.28515625 0.0830078125 0.0654296875
0 0.4228515625 0.2978515625 0.0703125 0.0751953125
0 0.1767578125 0.4296875 0.126953125 0.0810546875
0 0.48828125 0.15234375 0.0615234375 0.0615234375
0 0.3125 0.2021484375 0.0859375 0.0859375
0 0.5439453125 0.0927734375 0.0634765625 0.0927734375
0 1.0 0.3896484375 0.052734375 0.0869140625
0 0.9443359375 0.41796875 0.0419921875 0.0703125
0 0.4111328125 0.693359375 0.0625 0.0537109375
0 0.4375 0.6435546875 0.0419921875 0.0361328125
0 0.4619140625 0.6181640625 0.0791015625 0.046875
0 0.712890625 0.5009765625 0.1572265625 0.109375
0 0.6591796875 0.6025390625 0.056640625 0.111328125
0 0.65625 0.673828125 0.068359375 0.0625
0 0.5107421875 0.7001953125 0.05859375 0.060546875
0 0.5224609375 0.6435546875 0.06640625 0.0546875
0 0.5771484375 0.7001953125 0.0859375 0.0810546875
0 0.4560546875 0.873046875 0.05859375 0.0595703125
0 0.4931640625 0.9169921875 0.052734375 0.0693359375
0 0.62890625 0.8984375 0.1259765625 0.0595703125
0 0.6845703125 0.9765625 0.125 0.0732421875
0 0.74609375 1.0 0.0986328125 0.02734375
0 0.853515625 1.0 0.158203125 0.0849609375
0 0.4326171875 0.98046875 0.0546875 0.0380859375
0 0.3740234375 0.333984375 0.0537109375 0.0625
0 0.48828125 0.4736328125 0.076171875 0.0712890625
0 0.53125 0.53515625 0.060546875 0.0703125
