0 0.6865234375 0.0380859375 0.068359375 0.0380859375
0 0.517578125 0.1943359375 0.06640625 0.103515625
0 0.6416015625 0.2353515625 0.0693359375 0.0654296875
0 0.359375 0.3232421875 0.0654296875 0.0859375
0 0.28125 0.380859375 0.078125 0.0625
0 0.31640625 0.4931640625 0.078125 0.09765625
0 0.5537109375 0.3623046875 0.0693359375 0.0634765625
0 0.2861328125 0.599609375 0.0810546875 0.0595703125
0 0.2919921875 0.650390625 0.0634765625 0.0546875
0 0.37890625 0.5888671875 0.0498046875 0.0595703125
0 0.4033203125 0.6875 0.05078125 0.056640625
0 0.08984375 0.8193359375 0.068359375 0.0908203125
0 0.21875 0.8583984375 0.0595703125 0.0595703125
0 0.28515625 0.857421875 0.0732421875 0.07421875
0 0.3876953125 0.810546875 0.1064453125 0.0849609375
0 0.5517578125 0.7763671875 0.09375 0.0634765625
0 0.58984375 0.7314453125 0.0615234375 0.0595703125
0 0.6748046875 0.640625 0.0771484375 0.09765625
0 0.8056640625 0.6181640625 0.0693359375 0.05859375
0 0.7724609375 0.6591796875 0.07421875 0.056640625
0 0.6875 0.7734375 0.0751953125 0.0771484375
0 0.771484375 0.76953125 0.0771484375 0.0537109375
0 0.775390625 0.828125 0.08203125 0.0595703125
0 0.685546875 0.8291015625 0.0634765625 0.0517578125
0 0.85546875 0.8271484375 0.0771484375 0.0947265625
0 0.607421875 0.9189453125 0.0595703125 0.056640625
0 0.080078125 0.9990234375 0.0732421875 0.072265625
0 1.0 0.8017578125 0.0732421875 0.0703125
0 0.943359375 0.6533203125 0.09765625 0.0654296875
0 0.9853515625 0.16015625 0.068359375 0.0625
0 0.9755859375 0.220703125 0.0673828125 0.0576171875
0 1.0 0.19140625 0.0361328125 0.0654296875
0 0.298828125 0.728515625 0.0634765625 0.0771484375
0 0.9765625 0.76953125 0.0869140625 0.07421875
