0 0.732421875 0.7919921875 0.1201171875 0.08984375
0 0.6474609375 0.556640625 0.09765625 0.1025390625
0 0.58203125 0.1220703125 0.134765625 0.072265625
0 0.751953125 0.5849609375 0.1123046875 0.095703125
0 0.482421875 0.296875 0.1103515625 0.0751953125
0 1.0 0.130859375 0.0625 0.11328125
0 0.69921875 0.169921875 0.1142578125 0.068359375
0 0.609375 0.39453125 0.08984375 0.0654296875
0 1.0 0.001953125 0.0478515625 0.001953125
0 0.9140625 0.322265625 0.0693359375 0.123046875
0 0.7998046875 0.13671875 0.087890625 0.0693359375
0 0.7021484375 0.2568359375 0.125 0.0673828125
0 0.7041015625 0.0947265625 0.1025390625 0.0947265625
0 0.966796875 0.3720703125 0.0625 0.0849609375
0 0.58984375 0.599609375 0.0849609375 0.0673828125
0 0.716796875 0.2099609375 0.08203125 0.0458984375
0 0.5 0.138671875 0.0859375 0.0478515625
