0 0.22265625 0.06640625 0.0732421875 0.06640625
0 0.3896484375 0.0380859375 0.0791015625 0.0380859375
0 0.7216796875 0.0185546875 0.0849609375 0.0185546875
0 0.6396484375 0.185546875 0.0810546875 0.0654296875
0 0.5107421875 0.12109375 0.0625 0.0732421875
0 0.1923828125 0.2060546875 0.0830078125 0.072265625
0 0.3759765625 0.23046875 0.09765625 0.0478515625
0 0.345703125 0.29296875 0.125 0.0654296875
0 0.23046875 0.3134765625 0.0791015625 0.072265625
0 0.1953125 0.5576171875 0.076171875 0.1171875
0 0.2744140625 0.5068359375 0.0947265625 0.0751953125
0 0.4912109375 0.3857421875 0.12890625 0.06640625
0 0.533203125 0.53515625 0.0771484375 0.0966796875
0 0.5673828125 0.5927734375 0.076171875 0.07421875
0 0.484375 0.609375 0.111328125 0.095703125
0 0.06640625 0.6748046875 0.06640625 0.0771484375
0 0.8125 0.2705078125 0.1064453125 0.0712890625
0 0.72265625 0.4150390625 0.0703125 0.0693359375
0 0.8408203125 0.4296875 0.0869140625 0.080078125
0 0.9150390625 0.349609375 0.0751953125 0.1044921875
0 1.0 0.17578125 0.0703125 0.0986328125
0 0.8984375 0.1005859375 0.08203125 0.076171875
0 0.955078125 0.44921875 0.0732421875 0.0625
0 0.9638671875 0.5029296875 0.068359375 0.0673828125
0 0.8046875 0.6689453125 0.0869140625 0.0849609375
0 0.8359375 0.7880859375 0.0625 0.072265625
0 0.91796875 0.78515625 0.0576171875 0.0771484375
0 0.43359375 0.8408203125 0.1162109375 0.08203125
0 0.0869140625 0.931640625 0.0595703125 0.0888671875
0 0.4755859375 0.958984375 0.1220703125 0.0927734375
0 0.4326171875 0.9638671875 0.0361328125 0.0908203125
0 0.623046875 0.810546875 0.0751953125 0.072265625
0 0.734375 0.888671875 0.0654296875 0.060546875
0 0.7412109375 0.9755859375 0.08203125 0.0830078125
0 0.8955078125 0.9921875 0.07421875 0.0791015625
0 0.9326171875 0.888671875 0.0498046875 0.044921875
0 0.978515625 0.927734375 0.06640625 0.07421875
0 0.990234375 0.5625 0.0322265625 0.044921875
0 0.1181640625 0.1025390625 0.1181640625 0.09375
