0 0.876953125 0.787109375 0.0947265625 0.0947265625
0 0.87109375 0.3740234375 0.11328125 0.0673828125
0 0.697265625 1.0 0.09765625 0.080078125
0 0.154296875 0.8916015625 0.0849609375 0.091796875
0 0.72265625 0.8330078125 0.1123046875 0.115234375
0 0.15234375 0.5546875 0.11328125 0.080078125
0 0.1513671875 0.80078125 0.134765625 0.103515625
0 0.2099609375 0.1669921875 0.1376953125 0.1552734375
0 0.6123046875 0.349609375 0.1044921875 0.0947265625
0 0.728515625 0.7255859375 0.099609375 0.1298828125
0 0.9345703125 0.4677734375 0.0673828125 0.1083984375
0 0.8681640625 0.919921875 0.091796875 0.091796875
0 0.849609375 0.1142578125 0.080078125 0.0693359375
0 0.669921875 0.2900390625 0.0751953125 0.09765625
0 0.595703125 0.6318359375 0.0830078125 0.072265625
0 0.5322265625 0.6650390625 0.0634765625 0.0927734375
0 0.82421875 0.2109375 0.0849609375 0.1318359375
0 0.8662109375 0.4248046875 0.1005859375 0.0703125
0 0.2294921875 0.3564453125 0.0888671875 0.08203125
0 0.7568359375 0.62109375 0.080078125 0.076171875
0 0.998046875 0.9873046875 0.0595703125 0.0830078125
0 0.4423828125 0.8056640625 0.0830078125 0.076171875
