0 0.4619140625 0.1533203125 0.1318359375 0.0888671875
0 0.755859375 0.9345703125 0.123046875 0.0908203125
0 0.7783203125 0.2568359375 0.1240234375 0.0849609375
0 0.556640625 0.099609375 0.0400390625 0.099609375
0 0.2255859375 0.853515625 0.140625 0.0830078125
0 0.3310546875 0.115234375 0.1572265625 0.107421875
0 1.0 0.4599609375 0.0751953125 0.0576171875
0 0.443359375 0.1142578125 0.0927734375 0.09375
0 0.6064453125 0.35546875 0.083984375 0.0732421875
0 0.6044921875 0.2451171875 0.1259765625 0.0859375
0 1.0 0.115234375 0.0400390625 0.0380859375
0 0.220703125 0.892578125 0.103515625 0.0380859375
0 0.861328125 0.5859375 0.1005859375 0.1220703125
0 0.1982421875 0.5625 0.10546875 0.04296875
0 0.79296875 0.20703125 0.1171875 0.052734375
0 0.5869140625 0.9609375 0.1552734375 0.0458984375
0 0.53125 0.85546875 0.1455078125 0.15625
0 0.0673828125 0.2646484375 0.06640625 0.0419921875
0 0.3564453125 0.4501953125 0.091796875 0.041015625
0 1.0 0.9931640625 0.0849609375 0.0546875
0 0.6171875 0.14453125 0.1171875 0.0673828125
0 0.5146484375 0.5859375 0.1240234375 0.056640625
0 0.888671875 0.40234375 0.1220703125 0.037109375
0 0.7646484375 0.9716796875 0.083984375 0.04296875
0 0.955078125 0.267578125 0.0771484375 0.1064453125
0 1.0 0.576171875 0.0302734375 0.0400390625
0 0.1826171875 0.3359375 0.1826171875 0.0576171875
0 0.671875 0.314453125 0.1201171875 0.083984375
0 0.8564453125 0.71484375 0.14453125 0.0751953125
0 0.525390625 0.9267578125 0.1142578125 0.0498046875
0 0.626953125 0.83984375 0.1591796875 0.078125
0 0.9931640625 0.41015625 0.076171875 0.041015625
0 0.3701171875 0.63671875 0.2177734375 0.0517578125
0 0.107421875 0.431640625 0.107421875 0.0576171875
0 0.1953125 0.455078125 0.1171875 0.0703125
0 0.5830078125 0.3720703125 0.22265625 0.0849609375
0 0.7548828125 0.490234375 0.1943359375 0.0986328125
0 1.0 0.94921875 0.1787109375 0.07421875
0 1.0 0.5087890625 0.115234375 0.0830078125
0 0.455078125 0.5146484375 0.0927734375 0.0322265625
0 0.2470703125 1.0 0.0703125 0.017578125
0 0.7763671875 0.998046875 0.0517578125 0.0322265625
0 0.4951171875 0.74609375 0.2265625 0.0791015625
0 0.1015625 0.98828125 0.1015625 0.03515625
0 0.13671875 1.0 0.0693359375 0.017578125
0 0.833984375 0.587890625 0.150390625 0.1181640625
0 0.240234375 0.7021484375 0.2236328125 0.046875
0 0.912109375 0.7880859375 0.234375 0.0361328125
0 1.0 0.9970703125 0.060546875 0.029296875
0 0.322265625 0.40625 0.1533203125 0.15625
0 0.927734375 0.8671875 0.16796875 0.1728515625
0 0.708984375 0.36328125 0.1318359375 0.0517578125
0 0.0859375 0.609375 0.0859375 0.029296875
0 0.0419921875 0.478515625 0.0419921875 0.0400390625
0 1.0 0.4765625 0.0869140625 0.0673828125
0 0.90625 0.23046875 0.1259765625 0.041015625
0 0.953125 0.8583984375 0.1904296875 0.12890625
0 0.384765625 0.5537109375 0.2353515625 0.04296875
0 0.134765625 0.65234375 0.103515625 0.033203125
0 0.119140625 0.654296875 0.10546875 0.044921875
0 0.5478515625 0.5849609375 0.115234375 0.130859375
0 0.7646484375 0.546875 0.2275390625 0.0625
