0 0.1240234375 0.15234375 0.07421875 0.0966796875
0 0.494140625 0.40625 0.1181640625 0.060546875
0 0.693359375 0.19140625 0.111328125 0.0830078125
0 0.306640625 0.9375 0.095703125 0.0615234375
0 0.8837890625 0.1171875 0.09375 0.0546875
0 0.255859375 0.8271484375 0.109375 0.0693359375
0 0.49609375 0.041015625 0.111328125 0.0390625
0 0.369140625 0.42578125 0.05859375 0.0693359375
0 0.8798828125 0.1845703125 0.0751953125 0.0654296875
0 0.28515625 0.4794921875 0.0947265625 0.048828125
0 0.7607421875 0.150390625 0.07421875 0.0498046875
0 0.5234375 0.62109375 0.0556640625 0.03515625
0 0.443359375 0.9072265625 0.099609375 0.0498046875
0 0.146484375 0.439453125 0.111328125 0.076171875
0 0.95703125 0.171875 0.09375 0.056640625
0 0.8798828125 0.2138671875 0.09375 0.0654296875
0 1.0 0.8701171875 0.041015625 0.140625
0 0.7314453125 0.2470703125 0.0888671875 0.0634765625
0 0.8193359375 0.3017578125 0.0634765625 0.0673828125
0 0.7978515625 0.1953125 0.060546875 0.0478515625
0 0.3701171875 0.0673828125 0.068359375 0.0439453125
0 0.0732421875 0.0205078125 0.0712890625 0.01953125
0 0.65625 0.4619140625 0.087890625 0.0595703125
0 0.8955078125 0.734375 0.068359375 0.0625
0 0.3447265625 0.5927734375 0.083984375 0.0224609375
0 0.9658203125 0.4169921875 0.0947265625 0.0478515625
0 0.1650390625 0.88671875 0.083984375 0.0712890625
0 0.107421875 0.5478515625 0.10546875 0.0927734375
0 0.7666015625 0.2177734375 0.0546875 0.03515625
0 0.3125 0.3779296875 0.0771484375 0.0341796875
0 0.28125 0.60546875 0.1689453125 0.064453125
0 0.9453125 0.4697265625 0.0498046875 0.0546875
0 0.6962890625 0.8134765625 0.0791015625 0.0556640625
0 0.876953125 0.8046875 0.0771484375 0.0439453125
0 0.892578125 0.875 0.0595703125 0.0556640625
0 0.8154296875 0.5234375 0.048828125 0.0546875
0 0.884765625 0.2060546875 0.0888671875 0.076171875
0 0.087890625 0.8388671875 0.087890625 0.0673828125
0 0.4755859375 0.6796875 0.0810546875 0.0439453125
0 0.19921875 0.0498046875 0.09765625 0.037109375
0 0.244140625 0.6904296875 0.1083984375 0.0439453125
0 0.0556640625 0.119140625 0.0546875 0.0458984375
0 0.5263671875 0.5478515625 0.09375 0.064453125
0 0.08203125 0.4248046875 0.080078125 0.05859375
0 0.1767578125 0.73828125 0.0869140625 0.041015625
0 0.8271484375 0.4345703125 0.0751953125 0.0546875
0 1.0 0.5341796875 0.01953125 0.021484375
0 0.154296875 0.5458984375 0.0966796875 0.05859375
0 0.1845703125 0.646484375 0.08203125 0.05078125
0 0.5625 0.0947265625 0.0595703125 0.04296875
0 0.365234375 0.6376953125 0.0927734375 0.0419921875
0 0.1279296875 0.921875 0.115234375 0.0458984375
0 0.5126953125 0.8955078125 0.076171875 0.046875
0 0.3857421875 0.681640625 0.07421875 0.0478515625
0 0.7724609375 0.9052734375 0.0654296875 0.048828125
0 0.7802734375 0.8095703125 0.1025390625 0.044921875
0 0.451171875 0.6171875 0.0595703125 0.0205078125
0 0.119140625 0.4697265625 0.119140625 0.0439453125
0 0.7216796875 0.76171875 0.068359375 0.03515625
0 0.7216796875 0.279296875 0.0703125 0.033203125
0 0.5048828125 0.876953125 0.1435546875 0.0546875
0 0.95703125 0.80078125 0.05078125 0.05078125
0 0.927734375 0.546875 0.05859375 0.0322265625
0 0.7998046875 0.1474609375 0.0537109375 0.04296875
0 0.294921875 0.3193359375 0.0927734375 0.0439453125
0 0.19921875 0.2568359375 0.0810546875 0.0302734375
0 0.529296875 0.78125 0.0849609375 0.048828125
0 0.3779296875 0.7763671875 0.1044921875 0.0810546875
0 0.412109375 0.85546875 0.09375 0.0498046875
0 0.8935546875 0.5205078125 0.04296875 0.0322265625
0 0.3828125 0.5380859375 0.09375 0.044921875
0 0.4619140625 0.5703125 0.0966796875 0.0517578125
0 0.189453125 0.310546875 0.1005859375 0.076171875
0 0.232421875 0.298828125 0.0791015625 0.0419921875
0 0.802734375 0.9013671875 0.0546875 0.0419921875
0 0.96484375 0.9169921875 0.041015625 0.033203125
0 0.634765625 0.5654296875 0.1044921875 0.05859375
0 0.7021484375 0.294921875 0.037109375 0.0263671875
