0 0.033203125 0.9892578125 0.033203125 0.0927734375
0 0.11328125 1.0 0.052734375 0.021484375
0 0.1962890625 0.8974609375 0.083984375 0.0830078125
0 0.1845703125 0.7158203125 0.0966796875 0.080078125
0 0.1748046875 0.650390625 0.0869140625 0.0634765625
0 0.2646484375 0.609375 0.072265625 0.0576171875
0 0.19921875 0.1015625 0.080078125 0.09375
0 0.0458984375 0.06640625 0.0458984375 0.0625
0 0.21875 1.0 0.068359375 0.0595703125
0 0.2841796875 0.9072265625 0.0791015625 0.103515625
0 0.345703125 0.78125 0.0830078125 0.076171875
0 0.4423828125 0.7548828125 0.08203125 0.1025390625
0 0.3603515625 0.640625 0.0712890625 0.076171875
0 0.6083984375 0.779296875 0.0947265625 0.1220703125
0 0.7431640625 0.7294921875 0.1162109375 0.091796875
0 0.685546875 0.630859375 0.068359375 0.1083984375
0 0.794921875 0.4658203125 0.11328125 0.10546875
0 0.9638671875 0.572265625 0.1474609375 0.09375
0 1.0 0.7841796875 0.0576171875 0.05859375
0 1.0 0.9443359375 0.05078125 0.087890625
0 0.806640625 0.927734375 0.1474609375 0.06640625
0 0.7265625 0.9951171875 0.107421875 0.0869140625
0 0.751953125 1.0 0.0908203125 0.0146484375
0 0.337890625 0.19921875 0.072265625 0.076171875
0 0.43359375 0.1123046875 0.091796875 0.091796875
0 0.6279296875 0.1953125 0.095703125 0.0830078125
0 0.697265625 0.1318359375 0.08203125 0.0732421875
0 0.8095703125 0.1669921875 0.1044921875 0.0830078125
0 0.806640625 0.0146484375 0.0810546875 0.0146484375
0 0.923828125 0.0517578125 0.115234375 0.0517578125
0 0.9619140625 0.349609375 0.11328125 0.0908203125
0 1.0 0.236328125 0.0517578125 0.0810546875
0 1.0 0.322265625 0.025390625 0.068359375
0 0.482421875 0.62109375 0.064453125 0.0947265625
0 0.3671875 0.45703125 0.0654296875 0.1357421875
0 0.4345703125 0.341796875 0.10546875 0.134765625
0 0.6884765625 0.248046875 0.060546875 0.0625
0 0.236328125 0.71484375 0.0498046875 0.0693359375
0 0.205078125 0.546875 0.0712890625 0.064453125
0 0.4658203125 0.9345703125 0.08984375 0.080078125
0 0.4873046875 0.861328125 0.0908203125 0.0634765625
0 0.310546875 0.28515625 0.0732421875 0.0595703125
0 0.947265625 0.87890625 0.064453125 0.0517578125
