0 0.515625 0.3818359375 0.068359375 0.0771484375
0 0.158203125 0.7822265625 0.0595703125 0.0791015625
0 0.4677734375 0.1396484375 0.068359375 0.0830078125
0 0.9833984375 0.6083984375 0.087890625 0.0693359375
0 0.8505859375 0.734375 0.046875 0.0751953125
0 0.8779296875 0.1796875 0.046875 0.068359375
0 0.8193359375 0.3916015625 0.041015625 0.0693359375
0 0.486328125 0.435546875 0.0576171875 0.05078125
0 0.4658203125 0.68359375 0.06640625 0.0654296875
0 0.1572265625 0.4873046875 0.0673828125 0.0888671875
0 0.7705078125 0.2646484375 0.05078125 0.076171875
0 0.599609375 0.484375 0.076171875 0.0478515625
0 0.1484375 0.84375 0.078125 0.037109375
0 0.3505859375 0.2568359375 0.0546875 0.0546875
0 0.5703125 1.0 0.046875 0.0576171875
0 0.83984375 0.2744140625 0.0830078125 0.0859375
0 0.6142578125 0.2646484375 0.0546875 0.078125
0 0.0302734375 0.2861328125 0.0302734375 0.037109375
0 0.72265625 0.8916015625 0.0654296875 0.025390625
0 0.162109375 0.5625 0.072265625 0.03515625
0 0.09375 0.6064453125 0.0693359375 0.0791015625
0 0.30078125 0.64453125 0.0556640625 0.033203125
0 0.79296875 0.5498046875 0.080078125 0.0634765625
0 0.2177734375 0.1767578125 0.033203125 0.07421875
0 0.771484375 0.4951171875 0.0771484375 0.052734375
0 0.392578125 0.490234375 0.056640625 0.0595703125
0 0.484375 0.6826171875 0.037109375 0.0634765625
0 0.595703125 0.9462890625 0.068359375 0.041015625
0 0.3232421875 0.8359375 0.0771484375 0.0361328125
0 0.49609375 0.1298828125 0.0458984375 0.07421875
0 0.5439453125 0.8251953125 0.0546875 0.048828125
0 0.369140625 0.69140625 0.04296875 0.046875
0 0.7578125 0.6552734375 0.05078125 0.0361328125
0 0.7900390625 0.0791015625 0.0771484375 0.0546875
0 0.3310546875 0.5927734375 0.0439453125 0.0634765625
0 0.453125 0.529296875 0.072265625 0.0576171875
0 0.1865234375 0.2919921875 0.0458984375 0.03515625
0 0.5078125 0.2138671875 0.0390625 0.0517578125
0 0.0166015625 0.810546875 0.0166015625 0.0166015625
0 0.5771484375 0.9150390625 0.0869140625 0.0439453125
0 0.666015625 0.5146484375 0.0615234375 0.0458984375
0 0.8076171875 0.5751953125 0.08984375 0.029296875
0 0.080078125 0.7646484375 0.072265625 0.03125
0 0.9619140625 0.859375 0.064453125 0.033203125
0 0.8662109375 0.36328125 0.0537109375 0.0224609375
0 0.49609375 0.03125 0.068359375 0.03125
0 0.4287109375 0.892578125 0.04296875 0.037109375
0 0.4697265625 0.6298828125 0.060546875 0.0400390625
0 0.9384765625 0.6083984375 0.0791015625 0.0478515625
0 0.7861328125 0.859375 0.041015625 0.0361328125
0 0.783203125 1.0 0.05859375 0.0166015625
0 0.8447265625 0.865234375 0.0439453125 0.046875
0 0.611328125 0.6083984375 0.0517578125 0.01953125
0 0.97265625 0.263671875 0.0546875 0.0263671875
0 0.3701171875 0.9404296875 0.048828125 0.025390625
0 0.123046875 0.8046875 0.0458984375 0.0224609375
0 0.220703125 0.908203125 0.052734375 0.0625
0 0.7158203125 0.7939453125 0.0419921875 0.02734375
0 0.1494140625 0.923828125 0.07421875 0.0478515625
0 0.80078125 0.595703125 0.076171875 0.0205078125
0 0.583984375 0.4609375 0.0361328125 0.0498046875
0 0.8701171875 0.6689453125 0.0478515625 0.0556640625
0 0.228515625 0.9833984375 0.1025390625 0.0341796875
0 0.384765625 0.5595703125 0.0556640625 0.0380859375
0 0.0673828125 0.224609375 0.05078125 0.0517578125
0 0.2861328125 0.8974609375 0.0634765625 0.0400390625
0 0.1728515625 1.0 0.07421875 0.0166015625
0 0.8935546875 0.927734375 0.0576171875 0.0390625
