0 0.17578125 0.9541015625 0.05859375 0.076171875
0 0.068359375 0.939453125 0.0458984375 0.08203125
0 0.05078125 0.85546875 0.0400390625 0.0458984375
0 0.220703125 0.7734375 0.0986328125 0.052734375
0 0.2001953125 0.7314453125 0.0751953125 0.056640625
0 0.2216796875 0.6943359375 0.0458984375 0.0517578125
0 0.22265625 0.857421875 0.0615234375 0.091796875
0 0.1005859375 0.494140625 0.06640625 0.0595703125
0 0.1650390625 0.455078125 0.0654296875 0.0634765625
0 0.083984375 0.2880859375 0.0732421875 0.064453125
0 0.1435546875 0.2392578125 0.0732421875 0.0849609375
0 0.2412109375 0.232421875 0.091796875 0.0634765625
0 0.2353515625 0.2890625 0.0654296875 0.05859375
0 0.3193359375 0.30859375 0.0595703125 0.0546875
0 0.2998046875 0.431640625 0.060546875 0.0595703125
0 0.318359375 0.498046875 0.0751953125 0.076171875
0 0.3740234375 0.607421875 0.0478515625 0.0498046875
0 0.4951171875 0.517578125 0.068359375 0.0458984375
0 0.4638671875 0.4697265625 0.0390625 0.0419921875
0 0.443359375 0.42578125 0.05078125 0.048828125
0 0.55078125 0.4677734375 0.0869140625 0.0888671875
0 0.5498046875 0.6640625 0.05859375 0.0546875
0 0.5224609375 0.720703125 0.076171875 0.060546875
0 0.3759765625 0.7685546875 0.05078125 0.0615234375
0 0.4189453125 0.775390625 0.0595703125 0.0537109375
0 0.5908203125 0.849609375 0.0576171875 0.056640625
0 0.6142578125 0.908203125 0.0634765625 0.0771484375
0 0.5 0.9580078125 0.052734375 0.076171875
0 0.5537109375 0.9912109375 0.0537109375 0.087890625
0 0.611328125 0.962890625 0.083984375 0.056640625
0 0.6962890625 0.7900390625 0.05078125 0.0546875
0 0.6376953125 0.7421875 0.0625 0.060546875
0 0.8427734375 0.9443359375 0.0703125 0.0537109375
0 0.78515625 0.888671875 0.0517578125 0.0546875
0 0.8447265625 0.8896484375 0.0625 0.068359375
0 0.9150390625 0.875 0.111328125 0.1044921875
0 0.93359375 0.798828125 0.0869140625 0.0810546875
0 0.9453125 0.7607421875 0.0537109375 0.048828125
0 0.9833984375 0.8447265625 0.0712890625 0.0634765625
0 0.998046875 0.9619140625 0.0673828125 0.0869140625
0 0.765625 0.5908203125 0.060546875 0.0625
0 0.9833984375 0.580078125 0.048828125 0.0732421875
0 0.876953125 0.4443359375 0.0546875 0.0556640625
0 0.6376953125 0.3828125 0.0595703125 0.068359375
0 0.3876953125 0.3251953125 0.048828125 0.052734375
0 0.4423828125 0.328125 0.0625 0.0673828125
0 0.474609375 0.2646484375 0.0654296875 0.0625
0 0.58984375 0.275390625 0.060546875 0.0546875
0 0.5927734375 0.322265625 0.0625 0.044921875
0 0.73046875 0.2041015625 0.0712890625 0.095703125
0 0.564453125 0.1728515625 0.0478515625 0.0556640625
0 0.544921875 0.1181640625 0.0830078125 0.0634765625
0 0.6552734375 0.05078125 0.0751953125 0.05078125
0 0.9990234375 1.0 0.0576171875 0.029296875
0 0.08203125 0.64453125 0.05078125 0.05078125
0 0.0244140625 0.7626953125 0.0244140625 0.0693359375
0 0.568359375 0.2177734375 0.04296875 0.0419921875
0 0.5927734375 0.41796875 0.0654296875 0.046875
0 0.17578125 0.8525390625 0.046875 0.0556640625
