0 0.53125 0.1357421875 0.087890625 0.083984375
0 0.4736328125 0.1669921875 0.1943359375 0.0830078125
0 0.662109375 0.234375 0.0830078125 0.06640625
0 0.48046875 0.23046875 0.1240234375 0.0751953125
0 0.26171875 0.3447265625 0.14453125 0.15625
0 0.14453125 0.607421875 0.1083984375 0.15625
0 0.2783203125 0.8525390625 0.0986328125 0.2041015625
0 0.7099609375 0.6357421875 0.1181640625 0.0771484375
0 0.365234375 1.0 0.2119140625 0.0703125
0 0.8291015625 0.5 0.07421875 0.0654296875
0 0.4775390625 0.5185546875 0.05078125 0.0712890625
0 1.0 0.4375 0.0361328125 0.1103515625
0 0.8876953125 0.5556640625 0.0498046875 0.05859375
0 0.865234375 0.431640625 0.0625 0.06640625
0 0.830078125 0.353515625 0.056640625 0.095703125
0 0.7001953125 0.3779296875 0.0888671875 0.0771484375
0 0.716796875 0.3291015625 0.060546875 0.0595703125
0 0.62890625 0.3583984375 0.0576171875 0.06640625
0 0.970703125 0.3076171875 0.142578125 0.103515625
0 1.0 0.3037109375 0.0625 0.08203125
0 1.0 0.2626953125 0.0322265625 0.130859375
0 1.0 0.1181640625 0.080078125 0.0888671875
0 0.9248046875 0.1533203125 0.08984375 0.080078125
0 1.0 0.0498046875 0.056640625 0.0498046875
0 0.7880859375 0.5546875 0.05078125 0.0693359375
0 1.0 0.5791015625 0.11328125 0.130859375
0 0.8544921875 0.76953125 0.0595703125 0.0625
0 0.8154296875 0.421875 0.0732421875 0.0869140625
0 0.080078125 0.5185546875 0.080078125 0.0908203125
0 0.5361328125 0.66015625 0.0654296875 0.0390625
0 0.0302734375 0.4326171875 0.0302734375 0.037109375
