0 0.9755859375 0.072265625 0.1005859375 0.072265625
0 0.6630859375 0.6201171875 0.1240234375 0.126953125
0 0.40625 1.0 0.130859375 0.060546875
0 0.478515625 0.67578125 0.1005859375 0.103515625
0 0.556640625 0.7275390625 0.177734375 0.076171875
0 0.83984375 0.376953125 0.16015625 0.193359375
0 0.6728515625 1.0 0.0771484375 0.1220703125
0 0.791015625 0.6650390625 0.1171875 0.107421875
0 0.4287109375 0.0439453125 0.1630859375 0.0439453125
0 0.498046875 0.603515625 0.0791015625 0.146484375
0 0.2236328125 0.4404296875 0.1650390625 0.1845703125
0 0.1416015625 0.291015625 0.1416015625 0.099609375
0 0.423828125 0.6708984375 0.2802734375 0.09765625
0 0.9228515625 0.533203125 0.1611328125 0.1787109375
0 0.6064453125 0.7392578125 0.072265625 0.1279296875
0 0.6796875 0.326171875 0.12109375 0.1904296875
0 0.4267578125 0.236328125 0.2060546875 0.193359375
0 0.28515625 0.724609375 0.2041015625 0.1591796875
0 0.3486328125 0.654296875 0.1884765625 0.111328125
0 0.615234375 0.525390625 0.1044921875 0.0654296875
0 0.5986328125 0.5029296875 0.1015625 0.150390625
0 1.0 0.1796875 0.044921875 0.1748046875
