0 0.0576171875 0.2265625 0.0576171875 0.0634765625
0 0.0458984375 0.09375 0.044921875 0.087890625
0 0.1318359375 0.1279296875 0.05859375 0.0703125
0 0.2470703125 0.2294921875 0.0439453125 0.046875
0 0.2392578125 0.349609375 0.103515625 0.0791015625
0 0.21484375 0.4091796875 0.0654296875 0.0673828125
0 0.259765625 0.466796875 0.0791015625 0.0703125
0 0.4296875 0.4072265625 0.091796875 0.056640625
0 0.41796875 0.3544921875 0.0712890625 0.0595703125
0 0.5478515625 0.2548828125 0.0810546875 0.064453125
0 0.4521484375 0.2177734375 0.0654296875 0.0654296875
0 0.642578125 0.2373046875 0.0888671875 0.083984375
0 0.7666015625 0.2919921875 0.1171875 0.06640625
0 0.9453125 0.2685546875 0.107421875 0.0673828125
0 0.9296875 0.1591796875 0.1201171875 0.0634765625
0 0.72265625 0.0400390625 0.080078125 0.0400390625
0 0.5751953125 0.53515625 0.072265625 0.0576171875
0 0.7724609375 0.36328125 0.0869140625 0.076171875
0 0.875 0.328125 0.083984375 0.0517578125
0 0.9150390625 0.41796875 0.0712890625 0.0654296875
0 0.984375 0.5400390625 0.12109375 0.10546875
0 0.9658203125 0.6298828125 0.060546875 0.0546875
0 0.86328125 0.6806640625 0.1015625 0.0615234375
0 0.841796875 0.759765625 0.072265625 0.0751953125
0 0.9423828125 0.78125 0.0810546875 0.0517578125
0 0.9658203125 0.89453125 0.11328125 0.0634765625
0 0.8505859375 0.869140625 0.0712890625 0.0625
0 0.685546875 0.8388671875 0.0830078125 0.099609375
0 0.4345703125 0.7392578125 0.0712890625 0.056640625
0 0.37890625 0.685546875 0.076171875 0.0732421875
0 0.4384765625 0.6416015625 0.0693359375 0.0537109375
0 0.5439453125 0.6494140625 0.1025390625 0.0693359375
0 0.3583984375 0.5947265625 0.1025390625 0.06640625
0 0.142578125 0.609375 0.05859375 0.0615234375
0 0.0361328125 0.673828125 0.0361328125 0.0673828125
0 0.1279296875 0.8359375 0.080078125 0.0625
0 0.076171875 0.88671875 0.0625 0.07421875
0 0.087890625 0.97265625 0.087890625 0.0927734375
0 0.240234375 0.9111328125 0.0771484375 0.0673828125
0 0.1923828125 0.841796875 0.0771484375 0.068359375
0 0.3642578125 0.9072265625 0.0869140625 0.103515625
0 0.5224609375 0.916015625 0.091796875 0.0771484375
0 0.4267578125 0.99609375 0.05859375 0.0732421875
0 0.1591796875 1.0 0.0673828125 0.05078125
0 0.083984375 0.3505859375 0.07421875 0.103515625
0 0.9033203125 0.5771484375 0.0849609375 0.060546875
0 0.5478515625 0.802734375 0.0810546875 0.0615234375
0 0.1748046875 0.2548828125 0.0595703125 0.068359375
0 0.4951171875 0.087890625 0.06640625 0.0576171875
0 0.92578125 0.833984375 0.0732421875 0.052734375
0 0.9970703125 0.6708984375 0.046875 0.076171875
0 0.71484375 0.34765625 0.0595703125 0.0673828125
0 0.2646484375 0.6708984375 0.0546875 0.0234375
0 0.9326171875 0.650390625 0.0576171875 0.0361328125
