0 0.0732421875 0.0478515625 0.0732421875 0.0478515625
0 0.0654296875 0.125 0.0654296875 0.0693359375
0 0.25 0.08984375 0.0712890625 0.0595703125
0 0.177734375 0.1298828125 0.0546875 0.0830078125
0 0.2744140625 0.0302734375 0.1025390625 0.0302734375
0 0.68359375 0.052734375 0.1162109375 0.052734375
0 0.68359375 0.1513671875 0.1162109375 0.1083984375
0 0.7958984375 0.0244140625 0.09375 0.0244140625
0 0.90234375 0.09375 0.0693359375 0.09375
0 0.8466796875 0.27734375 0.17578125 0.09765625
0 0.8203125 0.412109375 0.091796875 0.078125
0 0.6630859375 0.369140625 0.0634765625 0.06640625
0 0.271484375 0.2421875 0.0625 0.083984375
0 0.2705078125 0.15234375 0.1015625 0.052734375
0 0.09765625 0.25 0.0732421875 0.09375
0 0.984375 0.5087890625 0.08203125 0.0703125
0 0.9326171875 0.5185546875 0.0625 0.08984375
0 0.890625 0.5888671875 0.1728515625 0.107421875
0 0.6357421875 0.609375 0.0791015625 0.0517578125
0 0.5283203125 0.5244140625 0.1220703125 0.0966796875
0 0.1435546875 0.556640625 0.072265625 0.0625
0 0.1396484375 0.677734375 0.1396484375 0.0966796875
0 0.158203125 0.8173828125 0.1279296875 0.0986328125
0 0.5673828125 0.796875 0.134765625 0.1513671875
0 0.7568359375 0.87109375 0.1416015625 0.150390625
0 0.8662109375 0.9453125 0.1044921875 0.1025390625
0 1.0 0.6328125 0.048828125 0.0830078125
0 0.173828125 1.0 0.1005859375 0.11328125
0 0.0615234375 1.0 0.056640625 0.0556640625
0 0.341796875 1.0 0.080078125 0.064453125
0 0.9169921875 1.0 0.07421875 0.072265625
