0 0.361328125 0.619140625 0.099609375 0.1396484375
0 0.9521484375 0.455078125 0.1630859375 0.107421875
0 0.3271484375 0.064453125 0.115234375 0.064453125
0 0.341796875 0.224609375 0.125 0.1123046875
0 0.8447265625 0.19921875 0.0947265625 0.1201171875
0 0.318359375 0.8515625 0.1142578125 0.076171875
0 1.0 0.80078125 0.109375 0.0830078125
0 0.5361328125 0.8642578125 0.091796875 0.125
0 0.884765625 0.875 0.10546875 0.10546875
0 0.7880859375 0.4541015625 0.0927734375 0.08984375
0 0.1416015625 0.7021484375 0.1044921875 0.125
0 0.3994140625 0.9267578125 0.0673828125 0.09765625
0 0.974609375 0.8974609375 0.0849609375 0.078125
0 1.0 0.25 0.0703125 0.087890625
0 0.740234375 0.189453125 0.078125 0.0751953125
0 0.134765625 0.8466796875 0.1103515625 0.0869140625
0 0.3720703125 0.7119140625 0.0830078125 0.0673828125
0 0.7294921875 0.6298828125 0.2001953125 0.1103515625
0 0.4541015625 0.4443359375 0.1142578125 0.126953125
0 0.9296875 0.66015625 0.078125 0.0830078125
0 0.5849609375 0.4541015625 0.09765625 0.107421875
0 0.4248046875 0.2041015625 0.080078125 0.0869140625
0 0.1767578125 0.9599609375 0.1220703125 0.09765625
0 0.4794921875 0.3671875 0.0751953125 0.0654296875
0 0.26171875 0.826171875 0.099609375 0.0810546875
