0 0.3349609375 0.3486328125 0.15234375 0.1103515625
0 0.431640625 0.7119140625 0.13671875 0.0751953125
0 0.462890625 0.2001953125 0.1181640625 0.0849609375
0 0.5400390625 0.3857421875 0.1982421875 0.0908203125
0 0.2763671875 0.951171875 0.083984375 0.189453125
0 0.3955078125 0.08203125 0.0810546875 0.08203125
0 0.62109375 0.4609375 0.2001953125 0.0849609375
0 0.0546875 0.482421875 0.0537109375 0.0927734375
0 0.998046875 0.470703125 0.1796875 0.08203125
0 0.58984375 0.9521484375 0.1630859375 0.087890625
0 0.9970703125 0.998046875 0.09765625 0.1494140625
0 0.404296875 0.77734375 0.1201171875 0.080078125
0 0.6982421875 0.7998046875 0.080078125 0.08984375
0 0.4462890625 0.9951171875 0.0771484375 0.115234375
0 0.19921875 0.0673828125 0.07421875 0.0673828125
0 0.2080078125 0.59375 0.080078125 0.0751953125
0 0.947265625 0.08203125 0.21484375 0.08203125
0 0.384765625 0.9677734375 0.119140625 0.162109375
0 1.0 0.20703125 0.095703125 0.08984375
0 0.8271484375 0.162109375 0.1005859375 0.125
0 1.0 0.3916015625 0.0654296875 0.10546875
0 1.0 0.2744140625 0.09765625 0.08203125
0 1.0 0.3994140625 0.078125 0.052734375
0 0.384765625 0.8515625 0.1201171875 0.1044921875
