0 0.376953125 0.5849609375 0.1103515625 0.0908203125
0 0.966796875 0.6494140625 0.1845703125 0.0751953125
0 0.296875 0.46484375 0.115234375 0.0927734375
0 0.26171875 0.58984375 0.09765625 0.0849609375
0 0.908203125 0.3916015625 0.125 0.0791015625
0 0.8671875 0.7373046875 0.1201171875 0.0751953125
0 0.9599609375 0.8994140625 0.095703125 0.099609375
0 0.2744140625 0.0966796875 0.1328125 0.0947265625
0 0.1220703125 0.7998046875 0.0927734375 0.095703125
0 0.7119140625 0.1474609375 0.080078125 0.068359375
0 0.3798828125 0.7890625 0.107421875 0.072265625
0 0.7744140625 0.0341796875 0.080078125 0.0341796875
0 0.3974609375 1.0 0.130859375 0.0625
0 0.216796875 0.6669921875 0.1025390625 0.080078125
0 0.1142578125 0.4921875 0.0751953125 0.08984375
0 0.2197265625 0.1943359375 0.09765625 0.08203125
0 0.1396484375 0.4091796875 0.1025390625 0.0849609375
0 0.33203125 0.3798828125 0.125 0.0849609375
0 1.0 0.8896484375 0.1005859375 0.0927734375
0 0.4013671875 0.0234375 0.1025390625 0.0205078125
