0 0.9697265625 0.21484375 0.1279296875 0.1357421875
0 0.7041015625 0.2470703125 0.119140625 0.0771484375
0 0.9873046875 0.0693359375 0.09765625 0.0693359375
0 0.8447265625 0.0625 0.0751953125 0.0625
0 0.6796875 0.3798828125 0.09765625 0.1005859375
0 0.9716796875 0.6171875 0.1796875 0.08984375
0 0.6748046875 0.5224609375 0.1005859375 0.0908203125
0 0.9599609375 0.484375 0.1552734375 0.072265625
0 0.8017578125 0.9716796875 0.072265625 0.14453125
0 0.9716796875 0.9140625 0.099609375 0.0849609375
0 1.0 0.3427734375 0.0380859375 0.087890625
0 0.900390625 0.9990234375 0.06640625 0.0771484375
