0 0.080078125 0.0302734375 0.080078125 0.0302734375
0 0.2216796875 0.0546875 0.0791015625 0.0546875
0 0.1962890625 0.17578125 0.0673828125 0.0908203125
0 0.107421875 0.1767578125 0.0625 0.1103515625
0 0.0595703125 0.22265625 0.0556640625 0.1181640625
0 0.2734375 0.18359375 0.05859375 0.0810546875
0 0.3134765625 0.23046875 0.0791015625 0.064453125
0 0.359375 0.2822265625 0.064453125 0.083984375
0 0.330078125 0.328125 0.0625 0.08203125
0 0.25 0.38671875 0.0732421875 0.0693359375
0 0.27734375 0.51953125 0.0556640625 0.0625
0 0.3896484375 0.58984375 0.052734375 0.1103515625
0 0.423828125 0.634765625 0.044921875 0.05859375
0 0.455078125 0.3525390625 0.0537109375 0.0576171875
0 0.1572265625 0.9384765625 0.0908203125 0.080078125
0 0.4208984375 0.8193359375 0.0595703125 0.056640625
0 0.04296875 0.96875 0.04296875 0.0849609375
0 0.4150390625 0.9833984375 0.064453125 0.0537109375
0 0.4462890625 1.0 0.09375 0.04296875
0 0.6181640625 1.0 0.16796875 0.0498046875
0 0.6259765625 0.9423828125 0.08203125 0.0771484375
0 0.5595703125 0.7939453125 0.0712890625 0.06640625
0 0.6279296875 0.7802734375 0.072265625 0.083984375
0 0.685546875 0.7802734375 0.0419921875 0.052734375
0 0.7646484375 0.8115234375 0.078125 0.0927734375
0 0.9345703125 0.6953125 0.2158203125 0.0556640625
0 0.609375 0.69140625 0.0791015625 0.0869140625
0 0.6298828125 0.625 0.1181640625 0.0791015625
0 0.5087890625 0.591796875 0.0966796875 0.080078125
0 0.513671875 0.5029296875 0.0654296875 0.1083984375
0 0.556640625 0.498046875 0.0537109375 0.0869140625
0 0.7021484375 0.427734375 0.1259765625 0.109375
0 1.0 0.8544921875 0.0205078125 0.0703125
0 0.8896484375 0.8662109375 0.1005859375 0.0654296875
0 0.8505859375 0.947265625 0.0830078125 0.087890625
0 0.8564453125 0.984375 0.0830078125 0.0634765625
0 0.7255859375 0.8984375 0.068359375 0.037109375
0 0.7353515625 0.951171875 0.0654296875 0.0546875
0 0.7734375 1.0 0.064453125 0.0517578125
0 0.8681640625 1.0 0.080078125 0.01953125
0 1.0 1.0 0.05078125 0.0224609375
0 1.0 0.904296875 0.0849609375 0.0517578125
0 1.0 0.9736328125 0.017578125 0.0634765625
0 1.0 0.2900390625 0.0302734375 0.103515625
0 0.9697265625 0.255859375 0.0810546875 0.060546875
0 0.6982421875 0.1572265625 0.0751953125 0.078125
0 0.9462890625 0.12890625 0.0703125 0.0595703125
0 0.966796875 0.087890625 0.046875 0.07421875
0 0.771484375 0.04296875 0.064453125 0.04296875
0 0.5107421875 0.2568359375 0.0712890625 0.1162109375
