0 0.9130859375 0.82421875 0.2060546875 0.072265625
0 0.978515625 0.9775390625 0.1865234375 0.052734375
0 1.0 0.759765625 0.1357421875 0.1181640625
0 0.3828125 0.8359375 0.314453125 0.1455078125
0 0.9306640625 0.5390625 0.09765625 0.05078125
0 1.0 0.83203125 0.0859375 0.10546875
0 0.7138671875 0.765625 0.0859375 0.1240234375
0 0.263671875 0.5625 0.18359375 0.0859375
0 0.1796875 0.466796875 0.1796875 0.0908203125
0 0.7001953125 0.0556640625 0.0869140625 0.0556640625
0 0.3505859375 0.9169921875 0.115234375 0.083984375
0 0.865234375 0.91796875 0.21875 0.18359375
0 1.0 0.236328125 0.177734375 0.158203125
0 0.4755859375 0.8994140625 0.0986328125 0.0927734375
0 0.1787109375 0.4013671875 0.1787109375 0.10546875
0 0.390625 0.4267578125 0.18359375 0.1142578125
0 0.3994140625 0.40234375 0.083984375 0.1533203125
0 0.3037109375 0.3212890625 0.228515625 0.1494140625
0 0.4560546875 0.3330078125 0.109375 0.1279296875
0 0.6123046875 0.3935546875 0.05859375 0.0556640625
0 0.810546875 0.0849609375 0.0693359375 0.05078125
0 0.9736328125 0.998046875 0.162109375 0.046875
