0 0.1591796875 0.0966796875 0.0595703125 0.08203125
0 0.244140625 0.0703125 0.0537109375 0.0654296875
0 0.3759765625 0.0771484375 0.1103515625 0.0703125
0 0.3896484375 0.1796875 0.1064453125 0.0771484375
0 0.50390625 0.1630859375 0.0986328125 0.0830078125
0 0.67578125 0.1162109375 0.0830078125 0.08984375
0 0.5439453125 0.26171875 0.0732421875 0.0908203125
0 0.84765625 0.046875 0.080078125 0.046875
0 0.9775390625 0.0859375 0.099609375 0.0771484375
0 1.0 0.1689453125 0.0732421875 0.1015625
0 0.6484375 0.35546875 0.064453125 0.087890625
0 0.7880859375 0.3427734375 0.0693359375 0.0791015625
0 1.0 0.462890625 0.0478515625 0.1279296875
0 1.0 0.4580078125 0.1484375 0.0810546875
0 0.71875 0.55859375 0.134765625 0.109375
0 0.7109375 0.4853515625 0.0771484375 0.06640625
0 0.453125 0.451171875 0.0576171875 0.0615234375
0 0.302734375 0.5771484375 0.0673828125 0.0693359375
0 0.24609375 0.5693359375 0.05859375 0.0576171875
0 0.244140625 0.470703125 0.076171875 0.052734375
0 0.0888671875 0.5869140625 0.0888671875 0.07421875
0 0.1953125 0.7216796875 0.0732421875 0.0830078125
0 0.2890625 0.7666015625 0.0849609375 0.1201171875
0 0.3759765625 0.6748046875 0.0517578125 0.09765625
0 0.060546875 0.849609375 0.0537109375 0.130859375
0 0.0625 0.71875 0.0625 0.0478515625
0 0.5693359375 0.7216796875 0.068359375 0.12109375
0 0.5498046875 0.591796875 0.0947265625 0.0830078125
0 0.71484375 0.7109375 0.09375 0.107421875
0 0.6494140625 0.9453125 0.1484375 0.216796875
0 0.6162109375 1.0 0.0849609375 0.064453125
0 0.7802734375 0.931640625 0.0771484375 0.125
0 0.7353515625 0.990234375 0.076171875 0.119140625
0 0.859375 0.91796875 0.0595703125 0.087890625
0 0.958984375 0.85546875 0.052734375 0.052734375
0 1.0 0.8232421875 0.0166015625 0.10546875
0 1.0 0.5400390625 0.078125 0.0849609375
0 1.0 0.9287109375 0.072265625 0.0703125
0 0.9541015625 1.0 0.0908203125 0.0771484375
0 0.828125 1.0 0.064453125 0.0703125
0 0.6669921875 0.638671875 0.1005859375 0.06640625
0 0.4169921875 0.6005859375 0.060546875 0.0693359375
0 0.251953125 1.0 0.08984375 0.0361328125
0 0.3388671875 0.62109375 0.1083984375 0.0693359375
0 0.66796875 0.83203125 0.0830078125 0.12109375
