0 0.29296875 0.0556640625 0.1337890625 0.0556640625
0 0.267578125 0.8779296875 0.10546875 0.06640625
0 0.529296875 0.6630859375 0.0947265625 0.044921875
0 0.8701171875 0.8583984375 0.0537109375 0.0986328125
0 0.115234375 0.896484375 0.1142578125 0.08203125
0 0.275390625 0.5703125 0.091796875 0.072265625
0 0.7392578125 0.990234375 0.0625 0.0810546875
0 0.7529296875 0.279296875 0.099609375 0.1142578125
0 0.7744140625 0.8857421875 0.10546875 0.048828125
0 0.767578125 0.228515625 0.0771484375 0.07421875
0 0.7177734375 0.564453125 0.083984375 0.052734375
0 0.900390625 0.3310546875 0.0625 0.0712890625
0 0.9609375 0.337890625 0.0625 0.052734375
0 0.41796875 0.7138671875 0.1064453125 0.080078125
0 0.8291015625 0.751953125 0.1044921875 0.05078125
0 0.5771484375 0.3125 0.0439453125 0.0849609375
0 0.2138671875 0.2412109375 0.1279296875 0.0537109375
0 0.2314453125 0.220703125 0.1064453125 0.10546875
0 0.6474609375 0.6982421875 0.09375 0.041015625
0 0.1279296875 0.3671875 0.11328125 0.0654296875
0 0.53515625 0.9833984375 0.0947265625 0.0830078125
0 0.705078125 0.671875 0.087890625 0.0419921875
0 0.8271484375 0.7236328125 0.0966796875 0.0654296875
0 0.3994140625 0.3369140625 0.134765625 0.0439453125
0 0.3818359375 0.9208984375 0.0703125 0.0478515625
0 0.1611328125 0.8115234375 0.1123046875 0.0458984375
0 0.94921875 0.705078125 0.072265625 0.029296875
0 0.884765625 0.0302734375 0.0771484375 0.029296875
0 0.865234375 0.34765625 0.0537109375 0.03515625
0 0.091796875 1.0 0.0615234375 0.0283203125
0 0.6806640625 0.7490234375 0.0400390625 0.0546875
0 0.8232421875 0.595703125 0.05859375 0.0322265625
0 0.1376953125 0.107421875 0.1259765625 0.1025390625
0 0.279296875 0.6728515625 0.099609375 0.0673828125
0 0.7314453125 0.0263671875 0.044921875 0.0263671875
0 0.9814453125 0.24609375 0.052734375 0.05078125
0 0.41015625 0.845703125 0.0908203125 0.0322265625
0 0.6513671875 0.0380859375 0.044921875 0.037109375
0 0.0625 0.25390625 0.0625 0.0361328125
0 0.9384765625 0.8544921875 0.087890625 0.052734375
0 0.984375 0.99609375 0.083984375 0.01953125
0 0.1865234375 0.73046875 0.0673828125 0.0302734375
0 0.140625 0.6826171875 0.078125 0.03515625
0 0.423828125 0.0478515625 0.0546875 0.03125
0 0.0537109375 0.69921875 0.0537109375 0.0341796875
0 0.7685546875 0.9404296875 0.0673828125 0.02734375
0 0.900390625 0.6591796875 0.08203125 0.021484375
0 0.732421875 0.58984375 0.0908203125 0.025390625
0 0.099609375 0.0380859375 0.09765625 0.037109375
0 0.8486328125 0.6357421875 0.0703125 0.02734375
0 0.8876953125 0.255859375 0.072265625 0.0380859375
0 0.865234375 0.9501953125 0.068359375 0.0400390625
0 0.2734375 0.681640625 0.109375 0.0634765625
0 0.9638671875 0.9345703125 0.083984375 0.03125
0 0.7236328125 0.9912109375 0.0546875 0.0361328125
0 0.310546875 1.0 0.099609375 0.0380859375
0 0.6416015625 0.9306640625 0.08984375 0.033203125
0 0.66796875 0.2939453125 0.0517578125 0.0390625
0 0.65234375 0.943359375 0.16796875 0.076171875
0 0.3310546875 0.3595703125 0.05224609375 0.02880859375
0 0.7822265625 0.0205078125 0.0537109375 0.01953125
0 0.6416015625 0.9169921875 0.1083984375 0.0615234375
0 0.4375 0.01953125 0.1171875 0.01953125
