0 0.193359375 0.98046875 0.0673828125 0.072265625
0 0.4033203125 0.92578125 0.1015625 0.06640625
0 0.443359375 0.9794921875 0.068359375 0.0595703125
0 0.3955078125 1.0 0.0869140625 0.0263671875
0 0.5439453125 1.0 0.0947265625 0.0478515625
0 1.0 0.9326171875 0.056640625 0.0712890625
0 0.8974609375 0.92578125 0.091796875 0.1025390625
0 0.677734375 0.8671875 0.056640625 0.0615234375
0 0.4697265625 0.90234375 0.0537109375 0.0927734375
0 0.548828125 0.830078125 0.0771484375 0.06640625
0 0.5380859375 0.775390625 0.076171875 0.048828125
0 0.4013671875 0.7333984375 0.056640625 0.08203125
0 0.5556640625 0.7119140625 0.126953125 0.0654296875
0 0.1552734375 0.7578125 0.0859375 0.111328125
0 0.033203125 0.5888671875 0.033203125 0.0751953125
0 0.08984375 0.6552734375 0.056640625 0.0771484375
0 0.162109375 0.6513671875 0.072265625 0.0771484375
0 0.212890625 0.6787109375 0.0693359375 0.07421875
0 0.361328125 0.6533203125 0.1025390625 0.0830078125
0 0.2548828125 0.609375 0.0576171875 0.0966796875
0 0.587890625 0.642578125 0.09375 0.0673828125
0 0.7470703125 0.609375 0.0693359375 0.0693359375
0 0.837890625 0.6220703125 0.0830078125 0.064453125
0 0.9345703125 0.6201171875 0.0625 0.0712890625
0 0.9111328125 0.71484375 0.0693359375 0.0625
0 0.6708984375 0.521484375 0.0654296875 0.083984375
0 0.849609375 0.4892578125 0.0595703125 0.0693359375
0 0.3818359375 0.455078125 0.0625 0.0615234375
0 0.244140625 0.40625 0.0859375 0.103515625
0 0.103515625 0.443359375 0.0546875 0.05859375
0 0.298828125 0.5048828125 0.0625 0.0439453125
0 0.5146484375 0.5166015625 0.1015625 0.0849609375
0 0.525390625 0.5380859375 0.0546875 0.05078125
0 0.61328125 0.5595703125 0.080078125 0.0654296875
0 0.5810546875 0.373046875 0.1015625 0.126953125
0 0.521484375 0.2568359375 0.0654296875 0.05078125
0 0.2783203125 0.2109375 0.0830078125 0.1103515625
0 0.0712890625 0.14453125 0.056640625 0.05859375
0 0.1201171875 0.20703125 0.0634765625 0.07421875
0 0.30078125 0.0537109375 0.09375 0.052734375
0 0.41015625 0.064453125 0.0673828125 0.060546875
0 0.5087890625 0.12109375 0.0556640625 0.091796875
0 0.548828125 0.0947265625 0.0458984375 0.0556640625
0 0.650390625 0.21484375 0.0595703125 0.0556640625
0 0.7275390625 0.25390625 0.046875 0.111328125
0 0.7294921875 0.10546875 0.1005859375 0.0869140625
0 0.91015625 0.14453125 0.076171875 0.0556640625
0 0.869140625 0.2451171875 0.0634765625 0.0537109375
0 0.9990234375 0.13671875 0.0625 0.111328125
0 0.951171875 0.5654296875 0.091796875 0.078125
0 0.982421875 0.068359375 0.0849609375 0.056640625
0 0.6962890625 0.02734375 0.0390625 0.02734375
0 0.5556640625 0.044921875 0.0517578125 0.033203125
0 0.1064453125 0.0224609375 0.056640625 0.0224609375
0 0.8173828125 0.5703125 0.052734375 0.041015625
0 0.6767578125 0.7685546875 0.0439453125 0.048828125
0 0.478515625 1.0 0.09375 0.01953125
