0 0.095703125 0.6826171875 0.060546875 0.0673828125
0 0.08984375 0.5576171875 0.0693359375 0.0888671875
0 0.017578125 0.6201171875 0.017578125 0.0615234375
0 0.0673828125 0.390625 0.0673828125 0.07421875
0 0.0634765625 0.2880859375 0.0634765625 0.0771484375
0 0.375 0.1279296875 0.09375 0.1171875
0 0.3037109375 0.181640625 0.05078125 0.068359375
0 0.29296875 0.2646484375 0.0673828125 0.0625
0 0.2255859375 0.220703125 0.046875 0.0625
0 0.1689453125 0.2529296875 0.0830078125 0.0634765625
0 0.4052734375 0.2763671875 0.068359375 0.064453125
0 0.521484375 0.2978515625 0.0771484375 0.0947265625
0 0.619140625 0.326171875 0.0810546875 0.0673828125
0 0.6611328125 0.2431640625 0.130859375 0.11328125
0 0.494140625 0.1552734375 0.1318359375 0.0947265625
0 0.740234375 0.099609375 0.115234375 0.099609375
0 0.955078125 0.109375 0.0947265625 0.09375
0 0.7021484375 0.41015625 0.0625 0.0869140625
0 0.8125 0.431640625 0.072265625 0.0791015625
0 0.8818359375 0.310546875 0.083984375 0.080078125
0 0.8486328125 0.23046875 0.095703125 0.0703125
0 1.0 0.263671875 0.0556640625 0.072265625
0 0.32421875 0.421875 0.0673828125 0.0712890625
0 0.3837890625 0.4130859375 0.0595703125 0.060546875
0 0.478515625 0.375 0.052734375 0.0625
0 0.287109375 0.478515625 0.0654296875 0.0693359375
0 0.2734375 0.583984375 0.10546875 0.0830078125
0 0.4912109375 0.5263671875 0.0576171875 0.078125
0 0.541015625 0.5087890625 0.0595703125 0.06640625
0 0.5625 0.615234375 0.08984375 0.07421875
0 0.3583984375 0.7333984375 0.078125 0.0712890625
0 0.24609375 0.8359375 0.0732421875 0.0654296875
0 0.412109375 0.865234375 0.0927734375 0.0771484375
0 0.375 0.9833984375 0.0546875 0.060546875
0 0.6796875 0.9814453125 0.0888671875 0.080078125
0 0.7900390625 0.87890625 0.1064453125 0.076171875
0 1.0 0.849609375 0.0966796875 0.068359375
0 0.94921875 0.5751953125 0.07421875 0.0693359375
