0 0.25 0.8544921875 0.087890625 0.099609375
0 0.4873046875 0.3818359375 0.087890625 0.1044921875
0 0.4248046875 0.7890625 0.078125 0.0849609375
0 1.0 0.626953125 0.0029296875 0.0751953125
0 0.978515625 0.5244140625 0.083984375 0.1435546875
0 0.19921875 0.5673828125 0.0869140625 0.0732421875
0 0.6298828125 0.84375 0.08203125 0.080078125
0 0.484375 1.0 0.0849609375 0.0927734375
0 0.75 0.8798828125 0.0703125 0.1025390625
0 0.9248046875 0.779296875 0.0849609375 0.0751953125
0 0.6943359375 1.0 0.1025390625 0.095703125
0 0.57421875 0.751953125 0.1201171875 0.0947265625
0 0.8125 0.5673828125 0.0751953125 0.1005859375
0 0.109375 0.626953125 0.0947265625 0.09765625
0 0.369140625 0.939453125 0.11328125 0.0986328125
0 0.2568359375 0.349609375 0.1318359375 0.0830078125
0 0.931640625 0.669921875 0.08203125 0.1279296875
0 0.58984375 0.6669921875 0.078125 0.1171875
0 0.376953125 0.171875 0.0849609375 0.1201171875
0 0.724609375 0.494140625 0.08984375 0.08203125
0 0.9267578125 0.2724609375 0.0947265625 0.09765625
0 0.8818359375 0.3544921875 0.0693359375 0.09765625
0 0.2119140625 0.1767578125 0.0703125 0.0947265625
0 0.982421875 0.1474609375 0.0830078125 0.125
0 0.7373046875 0.7841796875 0.078125 0.125
0 0.294921875 0.26953125 0.0849609375 0.16015625
0 0.7822265625 0.2841796875 0.0849609375 0.1396484375
0 0.5224609375 0.2724609375 0.0625 0.1025390625
0 0.1044921875 0.8671875 0.0751953125 0.0673828125
0 0.68359375 0.2646484375 0.0634765625 0.072265625
0 0.7294921875 0.1845703125 0.080078125 0.09765625
0 0.912109375 0.181640625 0.060546875 0.13671875
0 0.208984375 0.0732421875 0.0673828125 0.0732421875
0 0.2216796875 0.294921875 0.099609375 0.087890625
0 0.6865234375 0.08203125 0.060546875 0.0810546875
0 0.7880859375 0.068359375 0.0498046875 0.0673828125
0 0.8291015625 0.341796875 0.107421875 0.134765625
0 0.5322265625 0.6474609375 0.107421875 0.1552734375
0 0.0966796875 0.4423828125 0.0947265625 0.107421875
0 0.615234375 0.0712890625 0.0576171875 0.0703125
