0 0.0615234375 1.0 0.0615234375 0.07421875
0 0.1669921875 1.0 0.0732421875 0.048828125
0 0.181640625 0.95703125 0.162109375 0.1435546875
0 0.0615234375 0.7890625 0.0615234375 0.0849609375
0 0.03515625 0.4287109375 0.03515625 0.0595703125
0 0.041015625 0.6015625 0.0380859375 0.052734375
0 0.123046875 0.6240234375 0.0712890625 0.0791015625
0 0.119140625 0.4970703125 0.0859375 0.0595703125
0 0.1962890625 0.40625 0.068359375 0.103515625
0 0.2177734375 0.5361328125 0.0712890625 0.0927734375
0 0.251953125 0.5673828125 0.0615234375 0.0546875
0 0.2822265625 0.517578125 0.0576171875 0.05859375
0 0.388671875 0.5537109375 0.0791015625 0.06640625
0 0.3466796875 0.65625 0.0888671875 0.046875
0 0.232421875 0.7646484375 0.0625 0.060546875
0 0.5048828125 0.5068359375 0.072265625 0.05859375
0 0.451171875 0.576171875 0.064453125 0.09375
0 0.51171875 0.568359375 0.056640625 0.0595703125
0 0.5546875 0.5126953125 0.0556640625 0.0537109375
0 0.4189453125 0.291015625 0.0654296875 0.0615234375
0 0.2060546875 0.130859375 0.080078125 0.056640625
0 0.5126953125 0.091796875 0.076171875 0.091796875
0 0.576171875 0.072265625 0.0625 0.0712890625
0 0.580078125 0.1865234375 0.083984375 0.0537109375
0 0.5830078125 0.25 0.078125 0.080078125
0 0.7421875 0.568359375 0.06640625 0.0859375
0 0.671875 0.6435546875 0.0849609375 0.08984375
0 0.458984375 0.712890625 0.0712890625 0.080078125
0 0.3994140625 0.8369140625 0.05859375 0.1064453125
0 0.6220703125 0.7939453125 0.06640625 0.0634765625
0 0.7265625 0.7548828125 0.05078125 0.044921875
0 0.423828125 0.998046875 0.0517578125 0.0615234375
0 0.5126953125 1.0 0.056640625 0.0283203125
0 0.693359375 0.9912109375 0.076171875 0.130859375
0 0.98828125 0.7763671875 0.0625 0.0498046875
0 0.841796875 0.7666015625 0.0556640625 0.0576171875
0 0.939453125 0.607421875 0.064453125 0.064453125
0 0.9873046875 0.6171875 0.0625 0.080078125
0 1.0 0.5888671875 0.0380859375 0.0751953125
0 0.7587890625 0.2216796875 0.0869140625 0.0703125
0 0.8486328125 0.216796875 0.068359375 0.0546875
0 0.8818359375 0.208984375 0.0537109375 0.0546875
0 0.8623046875 0.4267578125 0.0791015625 0.0595703125
0 0.8525390625 0.5029296875 0.0751953125 0.0771484375
0 0.9228515625 0.1162109375 0.0712890625 0.087890625
0 0.9521484375 0.0908203125 0.0537109375 0.0908203125
0 0.7294921875 0.119140625 0.06640625 0.0771484375
0 0.6689453125 0.15625 0.052734375 0.064453125
0 0.8330078125 0.046875 0.0439453125 0.046875
0 0.7626953125 0.0498046875 0.1044921875 0.0498046875
0 1.0 0.515625 0.048828125 0.0703125
0 0.509765625 0.201171875 0.0498046875 0.0771484375
0 0.4375 0.03125 0.064453125 0.03125
0 0.25390625 0.9775390625 0.05859375 0.0439453125
0 0.021484375 0.5439453125 0.021484375 0.0576171875
0 0.7998046875 0.0322265625 0.0419921875 0.0322265625
0 0.9208984375 0.029296875 0.0283203125 0.029296875
0 0.0185546875 0.1279296875 0.0185546875 0.068359375
0 0.369140625 0.6337890625 0.046875 0.048828125
