0 1.0 0.1982421875 0.099609375 0.1875
0 1.0 0.4208984375 0.0576171875 0.12890625
0 1.0 0.802734375 0.0400390625 0.1201171875
0 0.8583984375 0.8671875 0.08984375 0.126953125
0 0.4169921875 0.4775390625 0.1962890625 0.1748046875
0 0.5810546875 0.158203125 0.1689453125 0.1162109375
0 0.5986328125 0.84375 0.2236328125 0.1201171875
0 0.6611328125 0.0341796875 0.09765625 0.0341796875
0 0.55859375 0.0244140625 0.0771484375 0.0244140625
0 0.423828125 0.0927734375 0.1630859375 0.0927734375
0 0.224609375 0.150390625 0.1044921875 0.0703125
0 0.2197265625 0.0849609375 0.0751953125 0.041015625
0 0.1171875 0.0576171875 0.1171875 0.0576171875
0 0.20703125 0.271484375 0.080078125 0.08984375
0 0.1015625 0.2578125 0.1015625 0.1181640625
0 0.14453125 0.50390625 0.1337890625 0.0634765625
0 0.142578125 0.552734375 0.142578125 0.0517578125
0 0.3564453125 0.580078125 0.1328125 0.080078125
0 0.1767578125 0.6923828125 0.1435546875 0.0869140625
0 0.2177734375 0.744140625 0.12109375 0.064453125
0 0.4140625 0.744140625 0.1259765625 0.12890625
0 0.3154296875 0.953125 0.16796875 0.2158203125
0 0.16796875 1.0 0.123046875 0.1015625
0 0.6552734375 0.908203125 0.1123046875 0.0888671875
0 0.521484375 1.0 0.0927734375 0.091796875
0 0.76171875 0.6484375 0.0771484375 0.0830078125
0 1.0 0.52734375 0.076171875 0.09375
0 0.8818359375 0.728515625 0.1171875 0.091796875
0 0.18359375 0.86328125 0.06640625 0.080078125
0 0.9404296875 0.787109375 0.0810546875 0.0693359375
0 0.970703125 0.9453125 0.1220703125 0.0791015625
0 0.9072265625 1.0 0.1103515625 0.0498046875
0 0.4912109375 0.9375 0.2421875 0.1943359375
0 0.966796875 0.162109375 0.1103515625 0.1142578125
