0 0.8486328125 0.4287109375 0.0556640625 0.083984375
0 0.0263671875 0.1171875 0.0263671875 0.0986328125
0 0.3037109375 0.865234375 0.0498046875 0.083984375
0 0.9755859375 0.84765625 0.0576171875 0.08984375
0 1.0 0.30859375 0.0888671875 0.0859375
0 0.115234375 0.1279296875 0.0341796875 0.0888671875
0 0.1298828125 0.390625 0.0732421875 0.0830078125
0 0.7744140625 0.822265625 0.046875 0.1015625
0 0.5498046875 0.05859375 0.0478515625 0.05859375
0 0.439453125 0.091796875 0.041015625 0.087890625
0 0.349609375 0.7880859375 0.041015625 0.08984375
0 0.7783203125 0.30859375 0.0673828125 0.0517578125
0 0.1865234375 0.974609375 0.1220703125 0.1162109375
0 0.763671875 0.6240234375 0.0732421875 0.0654296875
0 0.7353515625 0.8447265625 0.099609375 0.12890625
0 0.7265625 0.4072265625 0.1044921875 0.0625
0 0.51953125 0.3349609375 0.037109375 0.1044921875
0 0.9287109375 0.9931640625 0.0517578125 0.0966796875
0 0.587890625 0.646484375 0.072265625 0.0625
0 0.02734375 0.4619140625 0.02734375 0.05859375
0 0.6220703125 1.0 0.0537109375 0.056640625
0 0.0625 0.6943359375 0.0546875 0.0517578125
0 0.232421875 0.64453125 0.0625 0.0673828125
0 0.177734375 0.5224609375 0.0244140625 0.0693359375
0 0.9970703125 0.509765625 0.0546875 0.1279296875
0 0.8486328125 0.060546875 0.0634765625 0.041015625
0 0.4873046875 0.52734375 0.0419921875 0.0673828125
0 0.6376953125 0.041015625 0.0380859375 0.041015625
0 0.552734375 0.13154296875 0.12353515625 0.037207031249999994
0 0.068359375 0.0947265625 0.064453125 0.0439453125
0 0.263671875 0.279296875 0.0576171875 0.0556640625
0 0.1611328125 0.2041015625 0.0634765625 0.048828125
0 0.818359375 0.1796875 0.0244140625 0.06640625
0 0.7158203125 0.3251953125 0.060546875 0.080078125
0 0.388671875 0.068359375 0.0390625 0.0654296875
0 0.1796875 0.732421875 0.0458984375 0.060546875
0 0.234375 0.9970703125 0.041015625 0.0419921875
0 0.314453125 0.69248046875 0.1068359375 0.05859375
0 0.265625 0.0751953125 0.0869140625 0.0595703125
0 0.1328125 0.69921875 0.0556640625 0.048828125
0 0.5478515625 0.7421875 0.0498046875 0.0400390625
0 0.6484375 0.212890625 0.05859375 0.0400390625
0 0.9716796875 0.3515625 0.0263671875 0.0595703125
0 0.8486328125 0.5546875 0.0439453125 0.029296875
0 0.1337890625 0.224609375 0.091796875 0.0478515625
0 0.591796875 1.0 0.03515625 0.052734375
0 0.5439453125 0.9521484375 0.0390625 0.0390625
0 1.0 0.177734375 0.0244140625 0.06640625
0 0.568359375 0.5341796875 0.0302734375 0.041015625
0 0.275390625 1.0 0.0361328125 0.0419921875
0 0.6162109375 0.38671875 0.0556640625 0.0400390625
0 0.490234375 0.958984375 0.0498046875 0.05078125
0 0.4599609375 0.59375 0.060546875 0.033203125
0 0.537109375 0.99609375 0.0830078125 0.0400390625
0 0.4505859375 0.24521484375 0.041015625 0.0517578125
0 0.8515625 0.3359375 0.0625 0.0537109375
0 0.4658203125 0.4541015625 0.0654296875 0.048828125
0 0.68359375 0.486328125 0.06640625 0.052734375
0 0.5234375 0.55859375 0.0556640625 0.0322265625
0 1.0 0.0693359375 0.015625 0.0556640625
0 0.7568359375 0.9677734375 0.0576171875 0.07421875
0 0.8271484375 1.0 0.0537109375 0.02734375
0 0.720703125 0.9990234375 0.0615234375 0.046875
0 0.6875 0.9091796875 0.0263671875 0.048828125
0 0.9375 0.921875 0.0634765625 0.1357421875
0 0.6787109375 0.8671875 0.037109375 0.0390625
0 0.423828125 0.7880859375 0.04296875 0.0380859375
0 0.107421875 0.0263671875 0.0537109375 0.0263671875
0 0.806640625 0.6064453125 0.0615234375 0.0517578125
0 0.4326171875 0.9775390625 0.0400390625 0.041015625
0 0.62109375 0.4169921875 0.02734375 0.033203125
