0 0.26171875 0.529296875 0.0634765625 0.080078125
0 0.1904296875 0.5927734375 0.0751953125 0.068359375
0 0.494140625 0.720703125 0.044921875 0.05859375
0 0.2021484375 0.33984375 0.0615234375 0.0478515625
0 0.482421875 0.318359375 0.091796875 0.0576171875
0 0.478515625 0.625 0.0419921875 0.0771484375
0 0.2783203125 0.8193359375 0.0498046875 0.107421875
0 0.9853515625 0.2177734375 0.1748046875 0.109375
0 0.6123046875 1.0 0.0595703125 0.072265625
0 0.9130859375 0.615234375 0.087890625 0.0888671875
0 0.392578125 0.71875 0.0595703125 0.0849609375
0 0.75390625 0.697265625 0.11328125 0.08984375
0 0.5009765625 0.9501953125 0.0478515625 0.0517578125
0 0.1171875 0.703125 0.0576171875 0.0361328125
0 0.6767578125 0.052734375 0.0517578125 0.0439453125
0 0.9873046875 0.9072265625 0.0380859375 0.0517578125
0 0.1943359375 0.2197265625 0.0498046875 0.05078125
0 0.935546875 0.5439453125 0.044921875 0.0830078125
0 0.7939453125 0.419921875 0.052734375 0.0498046875
0 0.279296875 1.0 0.109375 0.099609375
0 0.568359375 0.232421875 0.080078125 0.0478515625
0 0.5751953125 0.587890625 0.0419921875 0.05859375
0 0.3515625 0.4423828125 0.0361328125 0.0712890625
0 1.0 0.6943359375 0.0869140625 0.0810546875
0 0.78515625 0.2470703125 0.0732421875 0.0859375
0 0.7822265625 0.6298828125 0.10546875 0.0302734375
0 0.251953125 0.6533203125 0.072265625 0.048828125
0 1.0 0.28515625 0.05078125 0.0732421875
0 0.1435546875 0.4208984375 0.068359375 0.0556640625
0 0.6025390625 0.705078125 0.0947265625 0.068359375
0 0.048828125 0.3251953125 0.048828125 0.0244140625
0 0.8037109375 0.828125 0.111328125 0.0576171875
0 0.548828125 0.7265625 0.0517578125 0.0322265625
0 0.5810546875 0.08203125 0.060546875 0.0263671875
0 0.943359375 0.998046875 0.05078125 0.017578125
0 0.4453125 0.8544921875 0.060546875 0.0419921875
0 0.5634765625 0.25390625 0.072265625 0.0517578125
0 0.6923828125 0.568359375 0.041015625 0.0751953125
0 0.322265625 0.935546875 0.0615234375 0.0654296875
0 0.3935546875 0.341796875 0.0712890625 0.0595703125
0 0.1181640625 0.18359375 0.1181640625 0.1669921875
0 0.345703125 0.2373046875 0.115234375 0.05078125
0 0.6865234375 0.68359375 0.08203125 0.05078125
0 0.6865234375 1.0 0.0341796875 0.03515625
0 0.3515625 0.28125 0.029296875 0.056640625
0 0.5244140625 0.056640625 0.037109375 0.0517578125
0 0.12109375 0.3740234375 0.0673828125 0.05078125
0 0.08984375 0.1162109375 0.0791015625 0.0966796875
0 0.7724609375 0.09375 0.037109375 0.052734375
0 0.12890625 0.591796875 0.1083984375 0.04296875
0 0.763671875 0.8916015625 0.0244140625 0.06640625
0 0.998046875 0.427734375 0.0556640625 0.046875
0 0.3271484375 0.787109375 0.0341796875 0.0419921875
0 0.376953125 0.375 0.0830078125 0.0595703125
0 0.3017578125 0.40625 0.0947265625 0.0693359375
0 0.05859375 0.90234375 0.05859375 0.0224609375
0 0.3408203125 0.14453125 0.1142578125 0.033203125
0 0.3564453125 0.01953125 0.0458984375 0.0185546875
0 0.91796875 0.845703125 0.05078125 0.0205078125
0 0.03515625 0.59375 0.03515625 0.0625
0 0.3251953125 0.3408203125 0.0693359375 0.068359375
0 0.82421875 0.62109375 0.0458984375 0.0703125
0 0.7744140625 0.5986328125 0.0576171875 0.060546875
0 0.78515625 0.888671875 0.029296875 0.05859375
0 0.900390625 0.37109375 0.037109375 0.0400390625
0 0.9658203125 0.9697265625 0.037109375 0.0478515625
0 1.0 0.1025390625 0.0263671875 0.052734375
0 0.328125 0.12109375 0.0458984375 0.0439453125
0 0.5966796875 0.935546875 0.048828125 0.05859375
0 0.6298828125 0.947265625 0.04296875 0.0458984375
