0 0.3173828125 0.2861328125 0.13671875 0.0908203125
0 0.1611328125 0.193359375 0.0888671875 0.0625
0 0.1357421875 0.2705078125 0.072265625 0.0751953125
0 0.208984375 0.1513671875 0.0888671875 0.0693359375
0 0.357421875 0.1171875 0.0771484375 0.0830078125
0 0.458984375 0.1181640625 0.0732421875 0.068359375
0 0.451171875 0.2685546875 0.0830078125 0.0869140625
0 0.474609375 0.34765625 0.126953125 0.0732421875
0 0.560546875 0.2841796875 0.08984375 0.0634765625
0 0.5634765625 0.3837890625 0.0712890625 0.0751953125
0 0.6953125 0.34375 0.068359375 0.0693359375
0 0.8154296875 0.34375 0.0546875 0.0634765625
0 0.8837890625 0.232421875 0.0732421875 0.0810546875
0 0.9033203125 0.1318359375 0.0732421875 0.1015625
0 0.80859375 0.103515625 0.0859375 0.0869140625
0 0.71484375 0.09375 0.0556640625 0.087890625
0 0.6708984375 0.109375 0.1025390625 0.1025390625
0 1.0 0.34765625 0.0869140625 0.0888671875
0 1.0 0.08203125 0.05078125 0.08203125
0 1.0 0.625 0.0810546875 0.0810546875
0 0.9189453125 0.693359375 0.1123046875 0.099609375
0 0.8515625 0.59765625 0.0673828125 0.0732421875
0 0.7880859375 0.5537109375 0.0869140625 0.0986328125
0 1.0 0.697265625 0.06640625 0.0595703125
0 0.986328125 0.7724609375 0.1044921875 0.0732421875
0 1.0 1.0 0.1123046875 0.0908203125
0 0.876953125 0.958984375 0.0947265625 0.1015625
0 0.7666015625 0.966796875 0.07421875 0.123046875
0 0.7958984375 0.83984375 0.0849609375 0.087890625
0 0.7685546875 0.708984375 0.0556640625 0.099609375
0 0.705078125 0.705078125 0.09375 0.0830078125
0 0.6201171875 0.5439453125 0.076171875 0.0908203125
0 0.5087890625 0.572265625 0.0703125 0.0791015625
0 0.4287109375 0.587890625 0.0654296875 0.0810546875
0 1.0 0.458984375 0.0693359375 0.0615234375
0 0.2880859375 0.6494140625 0.0810546875 0.0654296875
0 0.1611328125 0.4404296875 0.0830078125 0.0869140625
0 0.1552734375 0.6708984375 0.0986328125 0.0751953125
0 0.212890625 0.615234375 0.10546875 0.0693359375
0 0.1337890625 0.7607421875 0.103515625 0.08984375
0 0.0654296875 0.833984375 0.0654296875 0.0673828125
0 0.2978515625 0.8916015625 0.0810546875 0.0830078125
0 0.076171875 0.9453125 0.076171875 0.0634765625
0 0.6015625 0.865234375 0.12109375 0.0986328125
0 0.5341796875 0.7607421875 0.0849609375 0.08203125
0 0.076171875 0.58203125 0.076171875 0.0546875
0 0.486328125 1.0 0.0849609375 0.06640625
0 0.478515625 0.9384765625 0.0947265625 0.068359375
0 0.0546875 0.271484375 0.0546875 0.0615234375
0 0.5634765625 0.2021484375 0.0634765625 0.072265625
0 0.2744140625 0.166015625 0.048828125 0.123046875
0 0.162109375 0.869140625 0.1298828125 0.072265625
