0 0.0625 0.4755859375 0.0400390625 0.0673828125
0 0.09765625 0.876953125 0.09765625 0.0810546875
0 0.4306640625 0.7177734375 0.0927734375 0.1044921875
0 0.263671875 0.919921875 0.0830078125 0.0615234375
0 0.2646484375 0.001953125 0.09375 0.001953125
0 0.1787109375 0.9443359375 0.1142578125 0.0810546875
0 0.267578125 0.197265625 0.0966796875 0.10546875
0 0.8583984375 0.84375 0.1240234375 0.10546875
0 0.1953125 0.2578125 0.083984375 0.1552734375
0 0.462890625 0.533203125 0.1181640625 0.1845703125
0 0.185546875 0.8037109375 0.15625 0.15625
0 0.4384765625 0.609375 0.107421875 0.1416015625
0 0.443359375 0.29296875 0.0849609375 0.138671875
0 0.9033203125 0.1015625 0.1044921875 0.1015625
0 0.25390625 0.69921875 0.0654296875 0.099609375
0 0.5703125 0.34375 0.1484375 0.0908203125
0 0.458984375 1.0 0.1005859375 0.0927734375
0 0.0908203125 0.361328125 0.0908203125 0.201171875
0 0.6513671875 0.25 0.1591796875 0.2099609375
0 0.7119140625 0.2646484375 0.171875 0.09765625
0 0.1328125 0.8955078125 0.072265625 0.0732421875
0 0.3642578125 1.0 0.08203125 0.189453125
0 0.0966796875 0.998046875 0.0966796875 0.0771484375
0 0.716796875 0.1123046875 0.1015625 0.1123046875
0 0.998046875 0.4580078125 0.0810546875 0.140625
0 0.833984375 0.48828125 0.103515625 0.1796875
0 0.8525390625 0.224609375 0.1123046875 0.07421875
0 1.0 0.001953125 0.0625 0.001953125
0 0.890625 0.888671875 0.0498046875 0.08203125
0 0.9091796875 0.923828125 0.0595703125 0.0517578125
0 0.87109375 0.94921875 0.0703125 0.0458984375
0 0.306640625 0.68359375 0.0595703125 0.0771484375
0 0.1015625 0.5634765625 0.080078125 0.056640625
0 0.3681640625 0.544921875 0.08203125 0.0546875
0 0.4423828125 0.5380859375 0.0751953125 0.0673828125
0 0.0283203125 0.4775390625 0.0283203125 0.0654296875
0 0.9970703125 0.3271484375 0.0791015625 0.052734375
0 0.8095703125 0.1572265625 0.099609375 0.0927734375
0 0.6435546875 0.1123046875 0.13671875 0.1015625
0 0.6298828125 0.0634765625 0.060546875 0.0634765625
0 0.1748046875 0.1484375 0.10546875 0.1484375
