0 0.6982421875 0.708984375 0.0703125 0.0771484375
0 0.640625 0.1064453125 0.0595703125 0.0869140625
0 0.3876953125 0.96484375 0.099609375 0.08203125
0 0.72265625 0.1171875 0.0693359375 0.0947265625
0 0.609375 0.9951171875 0.0947265625 0.185546875
0 0.212890625 0.6767578125 0.0693359375 0.1064453125
0 0.90234375 0.4482421875 0.1279296875 0.111328125
0 0.154296875 0.4052734375 0.0869140625 0.072265625
0 0.7744140625 0.4248046875 0.0634765625 0.0908203125
0 0.5498046875 0.8037109375 0.0859375 0.1064453125
0 0.2333984375 0.373046875 0.12890625 0.138671875
0 0.2958984375 0.2744140625 0.0673828125 0.119140625
0 0.865234375 0.998046875 0.0576171875 0.0576171875
0 0.3466796875 0.880859375 0.095703125 0.0703125
0 0.73828125 0.841796875 0.0244140625 0.0927734375
0 0.90625 0.65234375 0.0546875 0.109375
0 0.462890625 0.716796875 0.03125 0.1103515625
0 0.564453125 0.298828125 0.119140625 0.0732421875
0 0.5166015625 0.6171875 0.06640625 0.0830078125
0 0.951171875 0.712890625 0.0419921875 0.107421875
0 0.1474609375 0.9326171875 0.03515625 0.10546875
0 0.8828125 0.39453125 0.037109375 0.09375
0 0.728515625 0.310546875 0.0810546875 0.0693359375
0 0.810546875 0.8076171875 0.0322265625 0.0625
0 0.232421875 0.0673828125 0.0380859375 0.0673828125
0 0.7177734375 0.1943359375 0.025390625 0.072265625
0 0.5126953125 0.6591796875 0.0439453125 0.078125
0 0.666015625 0.1728515625 0.029296875 0.099609375
0 0.2255859375 0.6142578125 0.0400390625 0.16796875
0 0.9482421875 0.6337890625 0.0400390625 0.09375
0 0.8994140625 0.9951171875 0.0322265625 0.1318359375
0 0.28515625 0.9765625 0.123046875 0.171875
0 1.0 0.34375 0.0751953125 0.0712890625
0 0.6865234375 0.3955078125 0.1904296875 0.0791015625
0 0.9326171875 0.9931640625 0.0234375 0.068359375
0 0.7783203125 1.0 0.046875 0.048828125
0 0.4580078125 0.056640625 0.02734375 0.056640625
0 0.2041015625 0.14453125 0.11328125 0.0380859375
0 0.87109375 0.892578125 0.0498046875 0.0556640625
0 0.1630859375 0.1865234375 0.0419921875 0.0830078125
0 0.5693359375 0.0751953125 0.029296875 0.0751953125
0 0.2216796875 0.814453125 0.0693359375 0.0390625
0 0.6728515625 1.0 0.0380859375 0.1533203125
0 0.283203125 0.9833984375 0.0732421875 0.078125
0 0.921875 0.173828125 0.041015625 0.0546875
0 0.9140625 0.70703125 0.080078125 0.05078125
0 0.078125 0.880859375 0.06640625 0.04296875
0 0.7705078125 0.02734375 0.0419921875 0.02734375
0 0.515625 0.533203125 0.0576171875 0.0498046875
0 0.5166015625 0.9609375 0.0810546875 0.0556640625
0 0.6181640625 0.2548828125 0.1015625 0.2138671875
0 0.783203125 0.125 0.0302734375 0.0693359375
0 0.798828125 0.365234375 0.173828125 0.083984375
0 0.1259765625 0.5966796875 0.0595703125 0.05859375
0 0.1279296875 0.279296875 0.083984375 0.0703125
0 0.029296875 0.0263671875 0.029296875 0.0263671875
0 0.1171875 0.080078125 0.1171875 0.06640625
