0 0.244140625 0.7392578125 0.1044921875 0.080078125
0 0.7392578125 1.0 0.1298828125 0.0703125
0 0.154296875 0.3291015625 0.0673828125 0.1298828125
0 1.0 0.8896484375 0.078125 0.0673828125
0 0.369140625 0.71484375 0.0966796875 0.0732421875
0 0.76171875 0.6923828125 0.107421875 0.0703125
0 0.6142578125 0.5947265625 0.080078125 0.185546875
0 0.5771484375 0.7919921875 0.0703125 0.1171875
0 0.5419921875 0.8896484375 0.0849609375 0.09765625
0 0.6845703125 0.2666015625 0.087890625 0.0966796875
0 0.2548828125 0.6591796875 0.0703125 0.07421875
0 0.5849609375 0.251953125 0.1103515625 0.107421875
0 0.26953125 0.8623046875 0.0771484375 0.0849609375
0 0.849609375 0.38671875 0.087890625 0.0673828125
0 0.77734375 0.2265625 0.1005859375 0.224609375
0 0.3125 0.3671875 0.0703125 0.060546875
0 0.21484375 0.9716796875 0.060546875 0.0498046875
0 0.2216796875 0.4697265625 0.0966796875 0.1181640625
0 0.3193359375 0.3046875 0.0673828125 0.0849609375
0 0.939453125 0.14453125 0.1123046875 0.142578125
0 0.3818359375 0.44921875 0.0751953125 0.0673828125
0 0.8125 0.904296875 0.130859375 0.080078125
0 0.8046875 0.3017578125 0.0654296875 0.0869140625
0 0.9443359375 0.65234375 0.08203125 0.0703125
0 0.1298828125 0.904296875 0.125 0.205078125
0 0.857421875 0.5244140625 0.1474609375 0.1103515625
0 0.6748046875 0.099609375 0.060546875 0.0673828125
0 0.931640625 0.9296875 0.0546875 0.052734375
0 0.1640625 0.509765625 0.1171875 0.0625
0 0.4619140625 0.572265625 0.08984375 0.0927734375
0 0.4521484375 0.1142578125 0.1025390625 0.1123046875
0 0.919921875 0.421875 0.087890625 0.1171875
0 0.08203125 0.3447265625 0.0576171875 0.0625
0 0.9375 0.5390625 0.130859375 0.1044921875
0 0.8994140625 0.3291015625 0.107421875 0.1318359375
0 0.0966796875 0.13671875 0.0947265625 0.134765625
0 0.2646484375 0.0595703125 0.087890625 0.0576171875
0 0.8349609375 0.9423828125 0.1181640625 0.0478515625
0 0.77734375 0.9423828125 0.125 0.0732421875
0 0.39453125 0.662109375 0.0595703125 0.044921875
0 0.7041015625 0.046875 0.0693359375 0.044921875
0 0.5048828125 0.2392578125 0.0732421875 0.08203125
0 0.2421875 0.5048828125 0.072265625 0.1181640625
0 0.556640625 0.5947265625 0.162109375 0.072265625
0 0.5673828125 0.6044921875 0.0849609375 0.16015625
0 0.544921875 0.9775390625 0.0869140625 0.0419921875
0 0.5869140625 0.8271484375 0.09765625 0.09765625
0 0.07421875 0.8974609375 0.072265625 0.078125
0 0.89453125 0.51953125 0.1025390625 0.0673828125
0 0.5 0.19921875 0.10546875 0.169921875
