0 0.318359375 0.171875 0.0908203125 0.171875
0 0.1708984375 0.4296875 0.07421875 0.1591796875
0 0.1748046875 0.478515625 0.1220703125 0.076171875
0 0.142578125 0.5556640625 0.140625 0.091796875
0 0.0498046875 0.6748046875 0.0498046875 0.1015625
0 0.115234375 0.705078125 0.048828125 0.12109375
0 0.28515625 0.6884765625 0.1357421875 0.1318359375
0 0.30859375 0.408203125 0.0947265625 0.16015625
0 0.1904296875 0.2587890625 0.0576171875 0.080078125
0 0.078125 0.3037109375 0.078125 0.0888671875
0 0.05078125 0.787109375 0.05078125 0.1025390625
0 0.103515625 0.8759765625 0.080078125 0.0712890625
0 0.052734375 0.984375 0.052734375 0.064453125
0 0.20703125 1.0 0.0771484375 0.0751953125
0 0.330078125 0.8623046875 0.0537109375 0.0712890625
0 0.0400390625 0.1337890625 0.0400390625 0.0927734375
0 0.06640625 0.1875 0.0595703125 0.08984375
0 0.5478515625 0.6533203125 0.0830078125 0.064453125
0 0.5087890625 0.5859375 0.103515625 0.07421875
0 0.59765625 0.5810546875 0.1298828125 0.1220703125
0 0.7880859375 0.474609375 0.1591796875 0.119140625
0 0.81640625 0.44921875 0.0634765625 0.056640625
0 0.88671875 0.5009765625 0.0625 0.0546875
0 1.0 0.595703125 0.0244140625 0.095703125
0 1.0 0.2978515625 0.08984375 0.0693359375
0 0.576171875 0.19921875 0.0986328125 0.0927734375
0 0.640625 0.2763671875 0.099609375 0.0849609375
0 0.494140625 0.2802734375 0.1044921875 0.171875
0 0.4423828125 0.056640625 0.046875 0.056640625
0 0.7314453125 0.0263671875 0.103515625 0.0263671875
0 0.681640625 0.162109375 0.05859375 0.103515625
0 0.8564453125 0.240234375 0.1181640625 0.193359375
0 1.0 0.1708984375 0.13671875 0.1708984375
0 0.849609375 0.7978515625 0.0712890625 0.0830078125
0 0.970703125 0.859375 0.05859375 0.109375
0 1.0 0.9296875 0.029296875 0.1318359375
0 0.6923828125 0.9912109375 0.0830078125 0.0810546875
0 0.5732421875 0.916015625 0.0791015625 0.1953125
0 0.498046875 0.7421875 0.0595703125 0.0595703125
0 0.6826171875 0.8994140625 0.0546875 0.103515625
0 0.8359375 0.5576171875 0.09375 0.0693359375
0 1.0 0.54296875 0.046875 0.05078125
