0 0.6416015625 0.248046875 0.119140625 0.1123046875
0 0.8876953125 0.0576171875 0.0537109375 0.0576171875
0 0.9521484375 0.0732421875 0.05859375 0.0732421875
0 0.732421875 0.1455078125 0.08203125 0.1201171875
0 0.51171875 0.16015625 0.087890625 0.126953125
0 0.4150390625 0.20703125 0.0830078125 0.0615234375
0 0.3134765625 0.236328125 0.1494140625 0.080078125
0 0.353515625 0.279296875 0.06640625 0.076171875
0 0.4951171875 0.27734375 0.109375 0.0673828125
0 0.36328125 0.6455078125 0.103515625 0.21875
0 0.4326171875 0.3583984375 0.078125 0.0703125
0 0.3603515625 0.396484375 0.06640625 0.0654296875
0 0.21484375 0.3310546875 0.09765625 0.0908203125
0 0.2724609375 0.3603515625 0.142578125 0.0625
0 0.1484375 0.42578125 0.1484375 0.076171875
0 0.345703125 0.8564453125 0.1318359375 0.08984375
0 0.5107421875 0.8828125 0.1025390625 0.1142578125
0 0.5947265625 0.9658203125 0.087890625 0.1279296875
0 0.6708984375 0.8173828125 0.1015625 0.095703125
0 0.6669921875 0.7138671875 0.0751953125 0.0693359375
0 0.765625 0.765625 0.0986328125 0.0771484375
0 0.8544921875 0.814453125 0.1240234375 0.0703125
0 0.759765625 0.626953125 0.06640625 0.0947265625
0 0.8095703125 0.6884765625 0.1103515625 0.0576171875
0 0.671875 0.537109375 0.0595703125 0.06640625
0 0.58984375 0.5205078125 0.0927734375 0.0615234375
0 0.6201171875 0.369140625 0.076171875 0.0751953125
0 0.5546875 0.736328125 0.0810546875 0.0712890625
0 0.3486328125 0.751953125 0.1416015625 0.0654296875
0 0.2099609375 0.6787109375 0.08203125 0.05859375
0 0.11328125 0.82421875 0.0703125 0.0771484375
0 0.130859375 0.744140625 0.1279296875 0.05078125
0 0.115234375 0.609375 0.115234375 0.0546875
0 0.1337890625 0.5439453125 0.0830078125 0.048828125
0 1.0 0.978515625 0.078125 0.1435546875
0 0.7724609375 0.93359375 0.0859375 0.0751953125
0 0.4111328125 0.904296875 0.09375 0.076171875
0 0.2802734375 0.626953125 0.0947265625 0.068359375
0 0.45703125 0.642578125 0.06640625 0.06640625
0 0.4951171875 0.4423828125 0.1044921875 0.078125
0 0.5419921875 0.37890625 0.1005859375 0.095703125
0 0.6357421875 0.5810546875 0.0703125 0.0703125
0 0.0625 0.2978515625 0.0625 0.0615234375
