0 0.666015625 1.0 0.080078125 0.0615234375
0 0.6044921875 1.0 0.0908203125 0.048828125
0 0.5302734375 1.0 0.08984375 0.048828125
0 0.859375 0.94140625 0.0751953125 0.0673828125
0 1.0 0.8974609375 0.0615234375 0.07421875
0 0.67578125 0.8525390625 0.068359375 0.0546875
0 0.828125 0.8447265625 0.1474609375 0.0595703125
0 0.78125 0.8017578125 0.095703125 0.080078125
0 0.9013671875 0.81640625 0.0478515625 0.06640625
0 1.0 0.7724609375 0.1630859375 0.072265625
0 0.72265625 0.6962890625 0.060546875 0.080078125
0 0.822265625 0.7060546875 0.0712890625 0.0791015625
0 0.8466796875 0.626953125 0.0830078125 0.1201171875
0 1.0 0.6923828125 0.017578125 0.0693359375
0 0.87109375 0.49609375 0.1396484375 0.078125
0 0.7333984375 0.5302734375 0.0712890625 0.08203125
0 0.6298828125 0.4482421875 0.0849609375 0.0537109375
0 0.654296875 0.5556640625 0.1103515625 0.1103515625
0 0.4970703125 0.4775390625 0.130859375 0.087890625
0 0.4453125 0.59765625 0.08984375 0.14453125
0 0.7216796875 0.3583984375 0.0927734375 0.0693359375
0 0.7890625 0.3447265625 0.0849609375 0.064453125
0 0.9404296875 0.310546875 0.0634765625 0.0751953125
0 0.84375 0.27734375 0.0986328125 0.0712890625
0 1.0 0.41796875 0.099609375 0.060546875
0 1.0 0.3779296875 0.037109375 0.0703125
0 1.0 0.2451171875 0.0361328125 0.0771484375
0 1.0 0.1337890625 0.0380859375 0.0546875
0 0.9423828125 0.15234375 0.173828125 0.0712890625
0 0.8671875 0.0888671875 0.064453125 0.0771484375
0 0.5283203125 0.0673828125 0.0830078125 0.0673828125
0 0.353515625 0.1845703125 0.0830078125 0.0712890625
0 0.2529296875 0.2578125 0.0693359375 0.072265625
0 0.328125 0.2861328125 0.0712890625 0.0693359375
0 0.443359375 0.017578125 0.0927734375 0.017578125
0 0.4453125 0.072265625 0.0634765625 0.0546875
0 0.2958984375 0.056640625 0.11328125 0.056640625
0 0.048828125 0.208984375 0.048828125 0.0986328125
0 0.138671875 0.3974609375 0.0712890625 0.06640625
0 0.07421875 0.4169921875 0.07421875 0.09765625
0 0.216796875 0.541015625 0.080078125 0.091796875
0 0.1318359375 0.671875 0.0908203125 0.1572265625
0 0.1455078125 0.8740234375 0.087890625 0.087890625
0 0.150390625 0.765625 0.0888671875 0.064453125
0 0.197265625 0.7890625 0.056640625 0.087890625
0 0.36328125 0.9453125 0.076171875 0.0625
0 0.9169921875 0.5498046875 0.068359375 0.0888671875
0 0.8828125 0.80859375 0.044921875 0.0712890625
0 0.10546875 0.916015625 0.09765625 0.0673828125
0 0.1318359375 0.5458984375 0.0478515625 0.0576171875
0 0.375 0.6015625 0.0693359375 0.0927734375
0 0.5322265625 0.470703125 0.041015625 0.0712890625
0 0.064453125 0.1865234375 0.0595703125 0.0908203125
0 0.9091796875 0.0234375 0.07421875 0.0234375
0 0.8876953125 0.517578125 0.078125 0.0625
