0 0.12890625 0.33984375 0.1201171875 0.12109375
0 0.0537109375 0.36328125 0.0537109375 0.099609375
0 0.3154296875 0.107421875 0.1298828125 0.0712890625
0 0.1552734375 0.060546875 0.1552734375 0.056640625
0 0.68359375 0.068359375 0.1474609375 0.0576171875
0 0.599609375 0.1435546875 0.09375 0.0615234375
0 0.7646484375 0.203125 0.109375 0.0810546875
0 0.484375 0.2587890625 0.0693359375 0.0751953125
0 0.6904296875 0.353515625 0.1484375 0.0693359375
0 0.697265625 0.4384765625 0.083984375 0.0791015625
0 0.4072265625 0.5224609375 0.1171875 0.140625
0 0.228515625 0.4150390625 0.115234375 0.119140625
0 0.3955078125 0.466796875 0.2265625 0.1474609375
0 0.083984375 0.609375 0.08203125 0.154296875
0 0.59375 0.5068359375 0.12109375 0.0634765625
0 0.6455078125 0.55859375 0.1669921875 0.07421875
0 0.435546875 0.6376953125 0.0703125 0.0791015625
0 0.2685546875 0.685546875 0.078125 0.1201171875
0 0.603515625 0.685546875 0.146484375 0.0634765625
0 0.6806640625 0.751953125 0.12890625 0.0751953125
0 0.572265625 0.818359375 0.0791015625 0.0615234375
0 0.7919921875 0.8720703125 0.1865234375 0.0615234375
0 0.7998046875 0.6533203125 0.162109375 0.0712890625
0 0.8818359375 0.5537109375 0.0615234375 0.0849609375
0 0.9453125 0.4169921875 0.099609375 0.16015625
0 1.0 0.7587890625 0.0927734375 0.080078125
0 1.0 0.96875 0.0439453125 0.1123046875
0 0.943359375 1.0 0.076171875 0.064453125
0 0.8310546875 1.0 0.0849609375 0.09375
0 1.0 1.0 0.033203125 0.021484375
0 0.1669921875 0.935546875 0.1630859375 0.056640625
0 0.3984375 0.83203125 0.0810546875 0.068359375
0 0.0478515625 0.8701171875 0.0478515625 0.078125
0 0.2265625 0.2001953125 0.146484375 0.111328125
0 0.7607421875 0.1201171875 0.1025390625 0.08984375
0 0.609375 0.1328125 0.150390625 0.0654296875
0 0.974609375 0.15234375 0.0810546875 0.064453125
0 0.462890625 0.734375 0.12109375 0.0556640625
0 0.333984375 0.5888671875 0.234375 0.119140625
0 0.6953125 0.802734375 0.146484375 0.1015625
0 0.59765625 0.8642578125 0.10546875 0.0673828125
0 0.435546875 0.8076171875 0.06640625 0.052734375
0 0.169921875 0.14453125 0.1240234375 0.1298828125
