0 0.3564453125 0.4951171875 0.056640625 0.0927734375
0 0.6572265625 0.4453125 0.0791015625 0.064453125
0 0.6279296875 0.22265625 0.09765625 0.052734375
0 0.7890625 0.3984375 0.0654296875 0.08203125
0 0.2421875 0.0771484375 0.0869140625 0.0537109375
0 0.1376953125 0.4140625 0.0849609375 0.0439453125
0 0.5751953125 0.1083984375 0.07421875 0.044921875
0 0.4091796875 0.3984375 0.1162109375 0.076171875
0 0.7236328125 0.435546875 0.068359375 0.0478515625
0 0.16796875 0.2421875 0.0888671875 0.0439453125
0 0.6337890625 0.66796875 0.109375 0.0556640625
0 0.998046875 0.5087890625 0.052734375 0.0576171875
0 0.9765625 0.216796875 0.07421875 0.0595703125
0 0.494140625 0.4423828125 0.0615234375 0.0654296875
0 0.9453125 0.6533203125 0.0595703125 0.0546875
0 0.998046875 0.5771484375 0.05859375 0.05078125
0 0.9072265625 0.7685546875 0.078125 0.0458984375
0 0.7783203125 0.5537109375 0.083984375 0.044921875
0 0.125 0.1591796875 0.09375 0.05078125
0 0.216796875 0.5703125 0.0888671875 0.05078125
0 0.6689453125 0.998046875 0.0751953125 0.0322265625
0 0.73828125 0.8916015625 0.09765625 0.041015625
0 0.2607421875 0.8857421875 0.10546875 0.0380859375
0 0.0341796875 0.7470703125 0.0341796875 0.03515625
0 0.0439453125 0.5771484375 0.0439453125 0.0244140625
0 0.111328125 0.810546875 0.09765625 0.08203125
0 0.6396484375 0.8251953125 0.09375 0.0390625
0 0.5234375 0.2998046875 0.083984375 0.0400390625
0 0.01953125 0.931640625 0.01953125 0.0390625
0 0.0556640625 0.501953125 0.0546875 0.0400390625
0 0.3916015625 0.9951171875 0.09765625 0.056640625
0 0.974609375 0.70703125 0.0615234375 0.048828125
0 0.3046875 0.537109375 0.1015625 0.0244140625
0 0.5927734375 0.8623046875 0.0654296875 0.037109375
0 0.5703125 0.47265625 0.06640625 0.072265625
0 0.3251953125 0.595703125 0.08203125 0.037109375
0 0.4326171875 0.8837890625 0.111328125 0.0283203125
0 0.392578125 0.728515625 0.083984375 0.0302734375
0 0.2197265625 0.5078125 0.0732421875 0.0439453125
0 0.701171875 0.5419921875 0.0966796875 0.037109375
0 0.16796875 0.5791015625 0.1103515625 0.0595703125
0 0.01953125 0.501953125 0.01953125 0.021484375
0 0.734375 0.14453125 0.076171875 0.0263671875
0 0.103515625 0.451171875 0.076171875 0.029296875
0 0.4326171875 0.4912109375 0.0517578125 0.033203125
0 0.6142578125 0.7666015625 0.1123046875 0.0458984375
0 0.4501953125 0.97265625 0.080078125 0.029296875
0 0.380859375 0.9130859375 0.0791015625 0.021484375
0 0.697265625 0.0234375 0.08984375 0.0224609375
0 0.6904296875 0.6171875 0.02734375 0.080078125
0 0.6083984375 0.9072265625 0.0810546875 0.0341796875
0 0.29296875 0.8193359375 0.0693359375 0.037109375
0 0.89345703125 0.47900390625 0.09306640624999996 0.046875
0 0.484375 0.5595703125 0.060546875 0.03515625
0 0.9169921875 0.8662109375 0.041015625 0.0517578125
0 0.9697265625 0.951171875 0.08203125 0.025390625
0 0.7060546875 0.9541015625 0.05859375 0.01953125
0 0.89453125 0.8779296875 0.0888671875 0.0390625
0 0.810546875 0.82421875 0.0673828125 0.0380859375
0 0.720703125 0.3447265625 0.0556640625 0.04296875
0 0.6728515625 0.4931640625 0.0888671875 0.0283203125
0 0.3759765625 0.2353515625 0.095703125 0.0986328125
