0 1.0 0.5810546875 0.0546875 0.0966796875
0 0.466796875 0.6630859375 0.0986328125 0.12890625
0 0.9453125 0.8095703125 0.15625 0.125
0 0.900390625 0.966796875 0.1201171875 0.099609375
0 0.7890625 0.353515625 0.1171875 0.1318359375
0 0.1669921875 0.6298828125 0.0947265625 0.1328125
0 0.423828125 0.2431640625 0.0732421875 0.1298828125
0 0.38671875 0.91796875 0.1015625 0.1005859375
0 0.3427734375 0.6064453125 0.091796875 0.08203125
0 0.9169921875 0.21484375 0.169921875 0.189453125
0 0.9892578125 0.15234375 0.0849609375 0.123046875
0 0.3095703125 0.7529296875 0.095703125 0.0830078125
0 0.7421875 0.478515625 0.08984375 0.1337890625
0 0.3525390625 0.7216796875 0.076171875 0.107421875
0 0.7998046875 1.0 0.060546875 0.060546875
0 0.3671875 0.82421875 0.08984375 0.0693359375
0 0.2529296875 0.9140625 0.0947265625 0.0869140625
0 0.1220703125 0.2607421875 0.0947265625 0.0751953125
0 0.1259765625 0.3681640625 0.115234375 0.1123046875
0 0.8544921875 0.3798828125 0.0751953125 0.0927734375
0 0.7744140625 0.0693359375 0.08984375 0.0673828125
0 0.0966796875 0.75390625 0.095703125 0.119140625
0 0.0703125 0.9267578125 0.0693359375 0.1416015625
0 0.9140625 0.044921875 0.1044921875 0.04296875
0 0.0732421875 0.09375 0.0732421875 0.0927734375
0 0.7744140625 0.6298828125 0.0712890625 0.0791015625
