0 0.1826171875 0.3154296875 0.064453125 0.087890625
0 0.0439453125 0.494140625 0.0439453125 0.11328125
0 1.0 0.73046875 0.046875 0.08984375
0 0.4580078125 0.3447265625 0.0478515625 0.0888671875
0 0.9873046875 0.330078125 0.08203125 0.0654296875
0 0.388671875 0.12109375 0.0361328125 0.0859375
0 0.1982421875 0.091796875 0.033203125 0.08984375
0 0.51953125 0.1845703125 0.033203125 0.10546875
0 0.3583984375 0.544921875 0.0244140625 0.0654296875
0 0.451171875 0.2099609375 0.029296875 0.0654296875
0 0.4453125 0.2451171875 0.0615234375 0.0498046875
0 0.4208984375 0.4599609375 0.0390625 0.080078125
0 0.5263671875 0.416015625 0.0361328125 0.0751953125
0 0.2900390625 0.150390625 0.046875 0.08203125
0 0.0419921875 0.142578125 0.02734375 0.072265625
0 0.7275390625 0.728515625 0.0439453125 0.0908203125
0 0.19921875 0.4091796875 0.03125 0.064453125
0 0.6484375 0.2265625 0.0498046875 0.080078125
0 0.46875 0.12109375 0.0263671875 0.0986328125
0 0.171875 0.64453125 0.046875 0.0771484375
0 0.171875 0.435546875 0.0498046875 0.068359375
0 0.8359375 0.490234375 0.0322265625 0.0830078125
0 0.9501953125 0.7900390625 0.029296875 0.076171875
0 0.6650390625 1.0 0.03125 0.04296875
0 0.35546875 0.103515625 0.025390625 0.09375
0 0.91796875 0.2265625 0.048828125 0.08203125
0 0.8505859375 0.4091796875 0.0458984375 0.0732421875
0 0.6630859375 0.1865234375 0.025390625 0.0859375
0 0.103515625 0.041015625 0.0400390625 0.041015625
0 0.2939453125 0.47265625 0.0341796875 0.0517578125
0 0.015625 0.5302734375 0.015625 0.0400390625
0 1.0 0.08203125 0.0302734375 0.0615234375
0 0.1591796875 0.6865234375 0.029296875 0.09375
0 0.0302734375 0.208984375 0.0302734375 0.0283203125
0 0.984375 0.17578125 0.1025390625 0.056640625
0 0.388671875 0.7158203125 0.0341796875 0.068359375
0 0.8798828125 0.623046875 0.029296875 0.05859375
0 0.228515625 0.6396484375 0.05078125 0.046875
0 0.5009765625 0.779296875 0.0283203125 0.056640625
0 0.591796875 1.0 0.04296875 0.03515625
0 0.2724609375 0.806640625 0.06640625 0.0595703125
0 0.1689453125 0.19140625 0.029296875 0.0556640625
0 0.0595703125 0.779296875 0.04296875 0.0625
0 0.2509765625 0.7412109375 0.0654296875 0.052734375
0 0.97265625 0.392578125 0.041015625 0.0966796875
0 0.3330078125 0.796875 0.0546875 0.05078125
0 0.47265625 0.79296875 0.052734375 0.025390625
0 0.16796875 0.4765625 0.0615234375 0.033203125
0 0.9970703125 0.556640625 0.033203125 0.048828125
0 0.5595703125 0.47265625 0.05078125 0.044921875
0 0.587890625 0.8818359375 0.03125 0.052734375
0 0.4580078125 0.7744140625 0.0478515625 0.0546875
0 0.9755859375 0.5234375 0.0263671875 0.0537109375
0 0.03515625 0.8310546875 0.03515625 0.0458984375
0 0.41015625 0.873046875 0.044921875 0.046875
0 0.060546875 0.9052734375 0.044921875 0.0400390625
0 0.6923828125 0.0595703125 0.0341796875 0.0439453125
0 0.4970703125 0.125 0.03515625 0.068359375
0 0.2431640625 0.61328125 0.0517578125 0.04296875
0 0.7900390625 0.8212890625 0.0498046875 0.0546875
0 0.8154296875 0.8701171875 0.041015625 0.060546875
0 0.7158203125 0.8369140625 0.056640625 0.03515625
0 0.419921875 0.1962890625 0.044921875 0.04296875
