0 0.0458984375 0.8291015625 0.0458984375 0.185546875
0 0.0205078125 0.3603515625 0.0205078125 0.0791015625
0 0.0771484375 0.53125 0.076171875 0.1103515625
0 0.1396484375 0.6484375 0.06640625 0.091796875
0 0.0185546875 0.1318359375 0.0185546875 0.07421875
0 0.12890625 0.185546875 0.0654296875 0.1015625
0 0.0478515625 0.015625 0.0478515625 0.015625
0 0.603515625 0.09375 0.087890625 0.0830078125
0 0.4013671875 0.2080078125 0.2294921875 0.140625
0 0.2451171875 0.2255859375 0.11328125 0.0927734375
0 0.2880859375 0.3564453125 0.099609375 0.0986328125
0 0.5068359375 0.333984375 0.09765625 0.109375
0 0.87109375 0.40625 0.1328125 0.11328125
0 0.9619140625 0.32421875 0.181640625 0.14453125
0 0.8896484375 0.09765625 0.119140625 0.09765625
0 0.6552734375 0.4609375 0.1201171875 0.091796875
0 0.5537109375 0.5810546875 0.09765625 0.123046875
0 0.2939453125 0.6630859375 0.072265625 0.0654296875
0 0.658203125 0.5537109375 0.1083984375 0.0830078125
0 0.80859375 0.5302734375 0.1142578125 0.0771484375
0 0.8466796875 0.65234375 0.1328125 0.1083984375
0 0.705078125 0.62890625 0.0751953125 0.0751953125
0 0.9296875 0.7509765625 0.109375 0.080078125
0 0.8984375 0.86328125 0.0830078125 0.0673828125
0 0.4091796875 0.8701171875 0.2265625 0.1279296875
0 0.283203125 0.9228515625 0.1376953125 0.0771484375
0 0.517578125 0.998046875 0.0947265625 0.150390625
0 0.052734375 1.0 0.052734375 0.111328125
0 0.150390625 1.0 0.056640625 0.0439453125
0 0.2822265625 1.0 0.064453125 0.041015625
0 0.796875 0.9638671875 0.1376953125 0.07421875
0 0.99609375 0.9443359375 0.080078125 0.1005859375
0 0.9951171875 0.4462890625 0.1259765625 0.0634765625
0 1.0 0.5107421875 0.0556640625 0.0517578125
0 1.0 0.208984375 0.1064453125 0.0693359375
0 0.2568359375 0.5546875 0.169921875 0.0869140625
