0 0.1826171875 0.4609375 0.12109375 0.0810546875
0 0.9140625 0.681640625 0.1044921875 0.0771484375
0 0.1083984375 0.333984375 0.0908203125 0.07421875
0 0.232421875 0.2900390625 0.078125 0.142578125
0 0.2119140625 0.6572265625 0.142578125 0.0673828125
0 0.919921875 0.90234375 0.1005859375 0.080078125
0 0.8330078125 0.7470703125 0.15234375 0.0771484375
0 0.162109375 0.83203125 0.1103515625 0.0703125
0 0.9794921875 0.765625 0.142578125 0.0673828125
0 0.197265625 1.0 0.095703125 0.0703125
0 0.8671875 0.814453125 0.1123046875 0.080078125
0 0.1630859375 0.953125 0.1025390625 0.0576171875
0 0.1396484375 0.75 0.0703125 0.078125
0 0.7919921875 0.7177734375 0.1298828125 0.0751953125
0 0.2021484375 0.20703125 0.0947265625 0.1025390625
0 0.984375 0.2822265625 0.1171875 0.08984375
0 1.0 0.3603515625 0.1005859375 0.0703125
0 0.931640625 0.1044921875 0.1103515625 0.1044921875
0 0.9990234375 0.544921875 0.072265625 0.1005859375
