0 0.8994140625 0.5791015625 0.0478515625 0.099609375
0 0.23046875 0.6484375 0.056640625 0.1025390625
0 0.1337890625 0.08203125 0.060546875 0.072265625
0 0.859375 0.0791015625 0.046875 0.078125
0 0.4501953125 0.1484375 0.0703125 0.078125
0 0.7421875 0.9501953125 0.05859375 0.1064453125
0 0.2958984375 0.3515625 0.05859375 0.0703125
0 0.1103515625 0.724609375 0.091796875 0.0517578125
0 0.064453125 0.078125 0.0439453125 0.07421875
0 0.7919921875 0.6318359375 0.046875 0.083984375
0 0.369140625 0.2978515625 0.03515625 0.0986328125
0 0.1337890625 0.705078125 0.0302734375 0.0654296875
0 0.8193359375 0.6318359375 0.0322265625 0.0908203125
0 0.51953125 1.0 0.03515625 0.0537109375
0 0.724609375 0.30859375 0.0361328125 0.1025390625
0 0.6884765625 0.158203125 0.037109375 0.0625
0 0.4091796875 0.0703125 0.0673828125 0.0693359375
0 0.044921875 0.9453125 0.044921875 0.04296875
0 0.291015625 0.9716796875 0.0693359375 0.05859375
0 0.2939453125 0.6943359375 0.0732421875 0.0546875
0 0.6943359375 0.3876953125 0.0771484375 0.05859375
0 0.2158203125 0.4599609375 0.033203125 0.080078125
0 0.3544921875 0.4755859375 0.0546875 0.029296875
0 0.9453125 0.1484375 0.0712890625 0.0498046875
0 0.4423828125 0.955078125 0.0439453125 0.064453125
0 0.1728515625 0.1611328125 0.07421875 0.029296875
0 0.779296875 0.1376953125 0.05859375 0.0556640625
0 0.0234375 0.2890625 0.0234375 0.029296875
0 0.8115234375 0.044921875 0.03515625 0.044921875
0 0.931640625 0.380859375 0.0654296875 0.041015625
0 0.47265625 0.3740234375 0.0380859375 0.0947265625
0 0.5986328125 0.2412109375 0.0283203125 0.056640625
0 0.9365234375 0.78515625 0.0693359375 0.0458984375
0 0.30078125 0.6806640625 0.046875 0.076171875
0 0.482421875 0.3994140625 0.0390625 0.0546875
0 0.6611328125 0.4970703125 0.0576171875 0.0458984375
0 0.515625 0.060546875 0.0458984375 0.0595703125
0 0.5087890625 0.1435546875 0.0390625 0.06640625
0 0.8994140625 0.1689453125 0.0439453125 0.072265625
0 0.5751953125 0.7373046875 0.0546875 0.0302734375
0 0.4365234375 0.1005859375 0.02734375 0.05859375
0 0.3701171875 0.08984375 0.04296875 0.044921875
0 0.6298828125 0.642578125 0.044921875 0.0439453125
0 0.3779296875 0.1513671875 0.0517578125 0.033203125
0 0.08984375 0.70703125 0.0693359375 0.0732421875
0 0.234375 0.775390625 0.05078125 0.046875
0 0.263671875 0.46875 0.0400390625 0.044921875
0 0.0498046875 0.759765625 0.0498046875 0.017578125
0 0.2861328125 0.2421875 0.04296875 0.046875
0 0.8994140625 0.7314453125 0.0546875 0.0341796875
0 0.984375 0.998046875 0.0791015625 0.0615234375
0 0.2431640625 0.6884765625 0.0517578125 0.0361328125
0 0.3369140625 0.69921875 0.04296875 0.0478515625
0 0.3671875 0.619140625 0.0419921875 0.044921875
0 0.4443359375 0.728515625 0.0439453125 0.0419921875
0 0.876953125 0.75 0.0341796875 0.076171875
0 0.07421875 0.4326171875 0.0546875 0.0361328125
0 0.765625 0.392578125 0.0439453125 0.05078125
0 0.3779296875 0.3125 0.060546875 0.0625
0 0.283203125 0.9970703125 0.0400390625 0.0390625
0 0.3515625 1.0 0.0224609375 0.01953125
