0 0.7958984375 0.1376953125 0.0673828125 0.1376953125
0 0.9130859375 0.3203125 0.15234375 0.115234375
0 0.603515625 0.375 0.2099609375 0.0693359375
0 0.6533203125 0.4033203125 0.1494140625 0.0849609375
0 0.59765625 0.4921875 0.0830078125 0.111328125
0 0.75 0.486328125 0.1162109375 0.134765625
0 0.6376953125 0.556640625 0.091796875 0.076171875
0 0.5556640625 0.6513671875 0.0947265625 0.11328125
0 0.6318359375 0.6494140625 0.0419921875 0.0556640625
0 0.7431640625 0.7265625 0.1455078125 0.0947265625
0 0.576171875 0.845703125 0.0634765625 0.0634765625
0 0.5556640625 0.943359375 0.0771484375 0.080078125
0 0.705078125 0.8701171875 0.11328125 0.078125
0 0.9169921875 0.94921875 0.1806640625 0.095703125
0 0.6953125 1.0 0.08203125 0.0888671875
0 0.8876953125 0.9970703125 0.0498046875 0.1474609375
0 0.2666015625 0.6318359375 0.09375 0.123046875
0 0.18359375 0.5458984375 0.07421875 0.0771484375
0 0.08203125 0.611328125 0.0693359375 0.14453125
0 0.3017578125 0.4306640625 0.0732421875 0.0732421875
0 0.2431640625 0.359375 0.095703125 0.0693359375
0 0.076171875 0.2998046875 0.076171875 0.0615234375
0 0.130859375 0.3017578125 0.130859375 0.130859375
0 0.1787109375 0.2861328125 0.0986328125 0.1005859375
0 0.1357421875 0.490234375 0.1357421875 0.0615234375
0 0.111328125 0.7861328125 0.111328125 0.1025390625
0 0.4169921875 0.87890625 0.0634765625 0.052734375
0 0.255859375 0.990234375 0.1005859375 0.130859375
0 0.3857421875 1.0 0.095703125 0.0869140625
0 0.1201171875 0.9287109375 0.1201171875 0.0615234375
0 1.0 0.61328125 0.0791015625 0.125
0 1.0 0.5166015625 0.01953125 0.0859375
0 0.947265625 0.73046875 0.0634765625 0.0498046875
0 0.0537109375 0.3701171875 0.0537109375 0.0615234375
