0 0.037109375 1.0 0.037109375 0.0146484375
0 0.1181640625 0.8671875 0.1181640625 0.064453125
0 0.064453125 0.7958984375 0.064453125 0.0830078125
0 0.078125 0.12890625 0.078125 0.08984375
0 0.146484375 0.1474609375 0.0732421875 0.1474609375
0 0.2060546875 0.212890625 0.0439453125 0.056640625
0 0.1796875 0.28125 0.0546875 0.068359375
0 0.357421875 0.2744140625 0.0810546875 0.087890625
0 0.3671875 0.1376953125 0.0556640625 0.0810546875
0 0.4208984375 0.0703125 0.056640625 0.0703125
0 0.466796875 0.3203125 0.0693359375 0.07421875
0 0.40625 0.50390625 0.0791015625 0.072265625
0 0.5146484375 0.529296875 0.1259765625 0.1796875
0 0.3017578125 0.56640625 0.0888671875 0.119140625
0 0.1640625 0.4775390625 0.111328125 0.1474609375
0 0.234375 0.62109375 0.1669921875 0.16796875
0 0.1396484375 0.75 0.0830078125 0.068359375
0 0.17578125 0.9501953125 0.0908203125 0.1025390625
0 0.431640625 1.0 0.171875 0.0869140625
0 0.5517578125 0.99609375 0.087890625 0.1357421875
0 0.4462890625 0.83984375 0.1064453125 0.05078125
0 0.6708984375 1.0 0.0791015625 0.0234375
0 0.7099609375 0.9912109375 0.0712890625 0.0732421875
0 0.6298828125 0.888671875 0.0859375 0.1162109375
0 0.7265625 0.828125 0.0859375 0.0634765625
0 0.966796875 0.974609375 0.056640625 0.08984375
0 1.0 0.9384765625 0.072265625 0.138671875
0 0.998046875 0.7509765625 0.0751953125 0.07421875
0 0.544921875 0.54296875 0.0615234375 0.134765625
0 0.80078125 0.6748046875 0.0498046875 0.1875
0 0.8193359375 0.83984375 0.0576171875 0.16015625
0 0.92578125 0.455078125 0.1474609375 0.13671875
0 0.5703125 0.306640625 0.1044921875 0.0888671875
0 0.59765625 0.4091796875 0.0732421875 0.0712890625
0 0.5498046875 0.12109375 0.15234375 0.0732421875
0 0.7646484375 0.1962890625 0.1064453125 0.125
0 0.869140625 0.212890625 0.0791015625 0.1650390625
0 0.9560546875 0.150390625 0.068359375 0.1103515625
0 0.873046875 0.0302734375 0.1220703125 0.0302734375
0 1.0 0.2099609375 0.0478515625 0.05078125
0 1.0 0.5673828125 0.044921875 0.044921875
0 0.345703125 0.046875 0.060546875 0.046875
