0 0.55859375 0.048828125 0.048828125 0.048828125
0 0.7919921875 0.0498046875 0.076171875 0.0478515625
0 0.3896484375 0.04296875 0.080078125 0.04296875
0 0.9326171875 0.0732421875 0.078125 0.0634765625
0 0.916015625 0.14453125 0.12890625 0.1005859375
0 0.1337890625 0.4013671875 0.060546875 0.05859375
0 0.037109375 0.4326171875 0.037109375 0.04296875
0 0.1513671875 0.4541015625 0.0673828125 0.0576171875
0 0.4189453125 0.43359375 0.060546875 0.095703125
0 0.4765625 0.392578125 0.0673828125 0.0791015625
0 0.66796875 0.3232421875 0.109375 0.126953125
0 0.6015625 0.404296875 0.0732421875 0.06640625
0 0.5693359375 0.4658203125 0.0654296875 0.060546875
0 0.4912109375 0.4853515625 0.0830078125 0.048828125
0 0.3896484375 0.5029296875 0.0771484375 0.0693359375
0 0.302734375 0.5625 0.0849609375 0.0771484375
0 0.521484375 0.5693359375 0.1015625 0.0771484375
0 0.81640625 0.375 0.1171875 0.056640625
0 0.71875 0.4189453125 0.072265625 0.0703125
0 0.6669921875 0.4384765625 0.0751953125 0.0556640625
0 0.78515625 0.55859375 0.1181640625 0.0810546875
0 0.8974609375 0.6005859375 0.1083984375 0.078125
0 0.947265625 0.521484375 0.068359375 0.06640625
0 0.970703125 0.4873046875 0.0400390625 0.0615234375
0 0.9091796875 0.34375 0.0703125 0.099609375
0 0.9365234375 0.421875 0.080078125 0.107421875
0 1.0 0.46875 0.076171875 0.1103515625
0 0.076171875 0.86328125 0.076171875 0.048828125
0 0.12109375 0.7802734375 0.060546875 0.0625
0 0.2958984375 0.734375 0.095703125 0.0703125
0 0.4912109375 0.7470703125 0.0751953125 0.056640625
0 0.37109375 0.783203125 0.0537109375 0.0576171875
0 0.3544921875 0.71484375 0.0478515625 0.0732421875
0 0.31640625 0.7880859375 0.0615234375 0.0400390625
0 0.2666015625 0.818359375 0.046875 0.052734375
0 0.1865234375 0.853515625 0.0859375 0.068359375
0 0.181640625 0.9033203125 0.083984375 0.060546875
0 0.1484375 0.9912109375 0.0673828125 0.087890625
0 0.224609375 0.93359375 0.0615234375 0.0703125
0 0.4384765625 0.93359375 0.06640625 0.068359375
0 0.4306640625 0.8681640625 0.1064453125 0.0615234375
0 0.5986328125 0.8779296875 0.0849609375 0.0634765625
0 0.58984375 0.9970703125 0.0830078125 0.0693359375
0 0.4931640625 0.97265625 0.052734375 0.0869140625
0 0.673828125 0.916015625 0.08203125 0.0546875
0 0.7119140625 0.8564453125 0.0703125 0.0625
0 0.7431640625 0.7939453125 0.080078125 0.07421875
0 0.626953125 0.7080078125 0.064453125 0.0595703125
0 0.947265625 0.83984375 0.0595703125 0.060546875
0 0.8642578125 0.857421875 0.0771484375 0.0849609375
0 0.9521484375 0.978515625 0.076171875 0.0673828125
0 0.8486328125 0.9267578125 0.060546875 0.05859375
0 0.7880859375 0.9228515625 0.0615234375 0.0703125
0 0.99609375 0.9130859375 0.0537109375 0.0771484375
0 1.0 0.9970703125 0.0654296875 0.07421875
0 0.1552734375 0.091796875 0.04296875 0.0546875
0 0.9384765625 0.904296875 0.083984375 0.0625
0 0.8720703125 0.9951171875 0.0576171875 0.060546875
0 0.3974609375 0.9892578125 0.0537109375 0.0556640625
