0 0.0302734375 0.8017578125 0.0302734375 0.0810546875
0 0.0673828125 0.6787109375 0.0673828125 0.15625
0 0.185546875 0.6494140625 0.11328125 0.1748046875
0 0.2763671875 0.73828125 0.0751953125 0.0712890625
0 0.2822265625 0.9111328125 0.0576171875 0.0849609375
0 0.1572265625 0.9970703125 0.0673828125 0.091796875
0 0.0791015625 1.0 0.048828125 0.06640625
0 0.5263671875 0.8837890625 0.1171875 0.099609375
0 0.583984375 0.7958984375 0.0869140625 0.0771484375
0 0.607421875 0.6708984375 0.0732421875 0.0673828125
0 0.7470703125 0.73828125 0.087890625 0.0732421875
0 0.7900390625 0.95703125 0.126953125 0.08203125
0 0.716796875 0.880859375 0.0732421875 0.0625
0 0.87890625 0.8974609375 0.0927734375 0.0751953125
0 0.86328125 0.732421875 0.0888671875 0.0673828125
0 0.841796875 0.7900390625 0.0615234375 0.0693359375
0 0.755859375 0.5517578125 0.0751953125 0.0712890625
0 0.82421875 0.466796875 0.0810546875 0.091796875
0 0.96875 0.50390625 0.11328125 0.0888671875
0 0.6533203125 0.3994140625 0.1650390625 0.103515625
0 0.9970703125 0.830078125 0.0537109375 0.0693359375
0 0.365234375 0.349609375 0.1181640625 0.0810546875
0 0.1416015625 0.3154296875 0.0732421875 0.0966796875
0 0.185546875 0.4033203125 0.05859375 0.087890625
0 0.337890625 0.2470703125 0.123046875 0.068359375
0 0.505859375 0.2587890625 0.146484375 0.068359375
0 0.728515625 0.2880859375 0.130859375 0.0654296875
0 0.8701171875 0.2470703125 0.111328125 0.07421875
0 0.9287109375 0.1435546875 0.13671875 0.0732421875
0 0.966796875 0.076171875 0.0849609375 0.076171875
0 0.7685546875 0.0244140625 0.103515625 0.0244140625
0 0.2626953125 0.0478515625 0.091796875 0.0478515625
0 0.080078125 0.0146484375 0.0673828125 0.0146484375
0 0.3994140625 0.111328125 0.1015625 0.0908203125
0 0.6533203125 1.0 0.08984375 0.0615234375
0 0.796875 1.0 0.072265625 0.0830078125
0 0.357421875 0.9658203125 0.091796875 0.1083984375
0 0.9833984375 0.3720703125 0.1591796875 0.064453125
