0 0.8154296875 0.896484375 0.0654296875 0.0859375
0 0.7958984375 0.380859375 0.0537109375 0.0771484375
0 0.72265625 0.4462890625 0.08203125 0.076171875
0 0.552734375 0.1826171875 0.0546875 0.119140625
0 0.92578125 0.890625 0.0546875 0.072265625
0 0.7978515625 0.544921875 0.0849609375 0.0654296875
0 0.7275390625 0.14453125 0.076171875 0.1279296875
0 0.2490234375 0.3583984375 0.0947265625 0.06640625
0 0.0751953125 0.716796875 0.0732421875 0.05859375
0 0.4248046875 0.310546875 0.1240234375 0.0546875
0 0.2705078125 0.14453125 0.16015625 0.091796875
0 0.19921875 0.501953125 0.0771484375 0.0986328125
0 0.994140625 0.2021484375 0.0615234375 0.078125
0 0.169140625 0.698828125 0.09199218749999999 0.06699218750000002
0 0.4755859375 0.1767578125 0.0693359375 0.095703125
0 0.9716796875 0.5263671875 0.10546875 0.0810546875
0 0.90234375 0.23828125 0.060546875 0.0703125
0 0.177734375 0.56640625 0.0751953125 0.0478515625
0 0.0927734375 0.068359375 0.0908203125 0.0673828125
0 0.2529296875 0.845703125 0.125 0.091796875
0 0.0966796875 0.4169921875 0.0966796875 0.095703125
0 0.5927734375 0.6611328125 0.0595703125 0.0908203125
0 0.8291015625 0.048828125 0.08203125 0.048828125
0 0.296875 0.6005859375 0.1513671875 0.1123046875
0 0.4697265625 0.4912109375 0.0986328125 0.095703125
0 0.9873046875 0.3193359375 0.0703125 0.0693359375
0 0.4794921875 0.61328125 0.0986328125 0.0380859375
0 0.1474609375 0.650390625 0.0986328125 0.060546875
0 1.0 0.365234375 0.0654296875 0.064453125
0 0.9580078125 0.1259765625 0.0302734375 0.0693359375
0 0.283203125 0.1142578125 0.0986328125 0.1015625
0 0.4072265625 0.53515625 0.056640625 0.0478515625
0 0.9580078125 0.3955078125 0.05859375 0.064453125
0 0.4599609375 0.80078125 0.0654296875 0.044921875
0 0.40234375 0.208984375 0.0830078125 0.0556640625
0 0.9794921875 0.7392578125 0.0302734375 0.0654296875
0 0.3671875 0.2685546875 0.0732421875 0.0654296875
0 0.67578125 0.1845703125 0.03515625 0.0673828125
0 0.4189453125 0.3759765625 0.1083984375 0.0537109375
0 0.8291015625 0.658203125 0.064453125 0.0390625
0 0.8955078125 0.3291015625 0.0576171875 0.056640625
0 0.484375 0.59375 0.0458984375 0.083984375
0 0.16796875 0.423828125 0.0576171875 0.0537109375
0 0.310546875 0.2568359375 0.0634765625 0.05859375
0 0.2744140625 0.9970703125 0.076171875 0.0439453125
0 0.07421875 0.9970703125 0.0703125 0.017578125
0 0.5966796875 0.154296875 0.0517578125 0.0625
0 0.505859375 0.69140625 0.0830078125 0.0595703125
0 0.9990234375 0.6640625 0.0439453125 0.0654296875
0 0.8759765625 1.0 0.0244140625 0.046875
0 0.8076171875 0.6259765625 0.0537109375 0.0439453125
0 0.791015625 0.974609375 0.0673828125 0.046875
0 0.673828125 0.1357421875 0.0556640625 0.04296875
0 0.923828125 0.296875 0.0615234375 0.0517578125
0 0.12890625 0.4091796875 0.0498046875 0.060546875
0 0.6796875 0.5478515625 0.046875 0.0693359375
0 0.703125 0.943359375 0.03515625 0.04296875
0 0.9638671875 0.64453125 0.0322265625 0.07421875
0 0.296875 0.8740234375 0.0556640625 0.072265625
0 0.4951171875 0.02734375 0.041015625 0.02734375
0 0.0927734375 0.419921875 0.087890625 0.05078125
0 0.66796875 0.78515625 0.0576171875 0.037109375
0 0.4609375 0.5400390625 0.056640625 0.056640625
0 0.552734375 1.0 0.025390625 0.0205078125
0 0.5361328125 0.9814453125 0.060546875 0.033203125
0 0.51171875 0.955078125 0.0751953125 0.0419921875
0 0.94140625 0.1865234375 0.0673828125 0.0703125
