0 0.4248046875 0.3642578125 0.0546875 0.064453125
0 0.498046875 0.466796875 0.0830078125 0.162109375
0 0.4375 0.533203125 0.0966796875 0.134765625
0 0.748046875 0.427734375 0.1826171875 0.0703125
0 0.6142578125 0.318359375 0.0556640625 0.046875
0 0.6669921875 0.3037109375 0.0849609375 0.083984375
0 0.7783203125 0.3056640625 0.1181640625 0.1015625
0 0.8408203125 0.3603515625 0.06640625 0.0712890625
0 0.876953125 0.22265625 0.1201171875 0.087890625
0 0.8193359375 0.17578125 0.09765625 0.1376953125
0 0.95703125 0.3125 0.1025390625 0.1513671875
0 0.9775390625 0.2099609375 0.0810546875 0.1103515625
0 1.0 0.064453125 0.025390625 0.064453125
0 0.5712890625 0.21875 0.0888671875 0.072265625
0 0.5693359375 0.232421875 0.15234375 0.0751953125
0 0.3837890625 0.2099609375 0.080078125 0.052734375
0 0.4296875 0.1103515625 0.12890625 0.1025390625
0 0.2998046875 0.10546875 0.1142578125 0.10546875
0 0.0947265625 0.140625 0.0947265625 0.1259765625
0 0.0302734375 0.2138671875 0.0302734375 0.0693359375
0 0.1044921875 0.24609375 0.087890625 0.08203125
0 0.080078125 0.302734375 0.080078125 0.0654296875
0 0.1787109375 0.2099609375 0.091796875 0.0576171875
0 0.21875 0.2900390625 0.107421875 0.078125
0 0.2529296875 0.1875 0.072265625 0.0595703125
0 0.3037109375 0.2509765625 0.0732421875 0.0859375
0 0.8017578125 0.673828125 0.111328125 0.1142578125
0 0.6474609375 0.7744140625 0.091796875 0.0849609375
0 0.26171875 0.8623046875 0.1015625 0.111328125
0 0.171875 0.833984375 0.0634765625 0.0830078125
0 0.1494140625 0.912109375 0.08203125 0.0615234375
0 0.0966796875 0.9619140625 0.09375 0.0673828125
0 0.15234375 0.97265625 0.0732421875 0.0556640625
0 0.212890625 1.0 0.0869140625 0.0546875
0 0.2099609375 0.9404296875 0.072265625 0.0654296875
0 0.3544921875 0.9873046875 0.0693359375 0.080078125
0 0.404296875 0.94921875 0.0830078125 0.0703125
0 0.54296875 0.966796875 0.0654296875 0.0966796875
0 0.5888671875 0.8525390625 0.0849609375 0.0693359375
0 0.6123046875 0.8603515625 0.044921875 0.0625
0 0.669921875 0.9150390625 0.0751953125 0.064453125
0 0.587890625 0.91015625 0.0615234375 0.068359375
0 0.7734375 0.9482421875 0.0810546875 0.0732421875
0 0.8056640625 0.8447265625 0.0712890625 0.0859375
0 1.0 0.7919921875 0.033203125 0.0927734375
0 0.7919921875 1.0 0.056640625 0.02734375
0 0.8828125 0.9384765625 0.044921875 0.0625
0 0.66015625 1.0 0.103515625 0.0166015625
0 1.0 0.365234375 0.0302734375 0.052734375
