0 0.6572265625 0.6318359375 0.0830078125 0.0947265625
0 0.779296875 0.279296875 0.1845703125 0.0751953125
0 0.5595703125 1.0 0.072265625 0.0478515625
0 0.5068359375 0.9619140625 0.1171875 0.1201171875
0 0.37109375 0.7333984375 0.0908203125 0.06640625
0 0.626953125 0.77734375 0.0703125 0.095703125
0 0.1875 0.197265625 0.1533203125 0.134765625
0 0.4970703125 0.1494140625 0.08984375 0.1220703125
0 0.822265625 0.2041015625 0.072265625 0.0595703125
0 0.38671875 1.0 0.072265625 0.0576171875
0 0.33203125 0.2646484375 0.1650390625 0.1474609375
0 0.8173828125 0.669921875 0.11328125 0.0908203125
0 0.181640625 1.0 0.142578125 0.0703125
0 0.732421875 0.9892578125 0.16796875 0.1474609375
0 0.7666015625 0.83984375 0.08984375 0.1005859375
0 0.369140625 0.3046875 0.0771484375 0.0849609375
0 0.14453125 0.7666015625 0.1171875 0.0673828125
0 0.7294921875 0.412109375 0.08984375 0.123046875
0 0.705078125 0.8095703125 0.0654296875 0.0830078125
0 0.3671875 0.5 0.115234375 0.1728515625
0 0.9794921875 0.8466796875 0.197265625 0.1650390625
0 0.6171875 0.5625 0.21484375 0.09765625
0 1.0 0.494140625 0.10546875 0.162109375
0 0.5791015625 0.7021484375 0.072265625 0.0673828125
0 0.88671875 1.0 0.1318359375 0.09765625
0 0.8623046875 0.6767578125 0.0849609375 0.0771484375
0 0.9375 0.7373046875 0.0654296875 0.080078125
0 0.51171875 0.296875 0.126953125 0.1552734375
0 0.921875 0.107421875 0.1376953125 0.0654296875
0 0.5341796875 0.6416015625 0.189453125 0.1123046875
0 0.634765625 0.369140625 0.0830078125 0.0693359375
0 0.1669921875 0.7099609375 0.08984375 0.10546875
0 0.1923828125 0.3310546875 0.140625 0.1123046875
0 0.2265625 0.9921875 0.064453125 0.052734375
0 1.0 0.974609375 0.04296875 0.0498046875
0 0.087890625 0.4443359375 0.0810546875 0.0859375
0 0.822265625 0.14453125 0.1103515625 0.0703125
0 0.1220703125 0.669921875 0.0751953125 0.1328125
0 0.7724609375 0.3349609375 0.0576171875 0.052734375
0 0.263671875 0.0927734375 0.04296875 0.0361328125
0 0.8193359375 1.0 0.099609375 0.095703125
0 0.619140625 0.2392578125 0.0849609375 0.1025390625
0 0.4892578125 0.529296875 0.125 0.080078125
0 0.0517578125 0.6640625 0.0498046875 0.0625
0 0.064453125 0.046875 0.0625 0.044921875
0 0.8193359375 0.1044921875 0.080078125 0.072265625
0 0.1748046875 0.607421875 0.0927734375 0.068359375
0 0.5791015625 0.091796875 0.1142578125 0.0869140625
0 1.0 0.072265625 0.123046875 0.072265625
0 0.79296875 0.474609375 0.08203125 0.1171875
0 0.044921875 0.5947265625 0.04296875 0.078125
0 0.7265625 0.9375 0.0869140625 0.10546875
0 0.4873046875 1.0 0.0498046875 0.0703125
0 0.15234375 0.984375 0.09765625 0.08984375
