0 0.2744140625 0.140625 0.09765625 0.0908203125
0 0.2705078125 0.337890625 0.091796875 0.046875
0 0.1171875 0.953125 0.1171875 0.08203125
0 0.5830078125 0.9912109375 0.1083984375 0.0576171875
0 0.4130859375 0.27734375 0.0908203125 0.08984375
0 0.7744140625 0.1396484375 0.0908203125 0.0771484375
0 0.8828125 0.4248046875 0.1416015625 0.0634765625
0 0.4853515625 0.34375 0.1171875 0.1171875
0 0.3427734375 0.2353515625 0.095703125 0.1494140625
0 0.9033203125 0.65625 0.09765625 0.1083984375
0 0.0595703125 0.798828125 0.0595703125 0.0673828125
0 0.8564453125 1.0 0.146484375 0.158203125
0 0.109375 0.673828125 0.109375 0.1064453125
0 0.9697265625 1.0 0.1171875 0.0947265625
0 0.2109375 0.9794921875 0.08984375 0.08984375
0 0.3037109375 0.0517578125 0.0771484375 0.0517578125
0 0.314453125 0.9990234375 0.0771484375 0.048828125
0 0.3525390625 0.8349609375 0.0703125 0.068359375
0 0.27734375 0.8076171875 0.0712890625 0.0615234375
0 0.1689453125 0.8349609375 0.0634765625 0.060546875
0 0.18359375 0.87890625 0.1025390625 0.0556640625
0 0.2275390625 0.8603515625 0.0537109375 0.068359375
0 0.2841796875 0.8583984375 0.072265625 0.0625
0 0.947265625 0.837890625 0.0712890625 0.0849609375
0 0.96875 0.83984375 0.04296875 0.0654296875
0 0.966796875 0.75 0.087890625 0.076171875
0 1.0 0.7138671875 0.0576171875 0.1025390625
0 0.9267578125 0.3818359375 0.08984375 0.0859375
0 0.9775390625 0.5302734375 0.0771484375 0.1318359375
0 0.93359375 0.44921875 0.08203125 0.0908203125
0 0.55078125 0.150390625 0.091796875 0.0498046875
0 0.91796875 0.4873046875 0.0546875 0.0546875
