0 0.0986328125 0.1669921875 0.05078125 0.0556640625
0 0.1630859375 0.2041015625 0.076171875 0.072265625
0 0.1533203125 0.140625 0.0625 0.0595703125
0 0.2607421875 0.0361328125 0.0908203125 0.0361328125
0 0.0830078125 0.060546875 0.0830078125 0.060546875
0 0.48046875 0.1259765625 0.0986328125 0.052734375
0 0.44921875 0.169921875 0.0654296875 0.0634765625
0 0.294921875 0.197265625 0.0517578125 0.0595703125
0 0.255859375 0.37890625 0.0595703125 0.1318359375
0 0.0498046875 0.2841796875 0.0498046875 0.0615234375
0 0.1083984375 0.638671875 0.1064453125 0.0634765625
0 0.05859375 0.685546875 0.0546875 0.046875
0 0.130859375 0.7119140625 0.0546875 0.0654296875
0 0.2197265625 0.685546875 0.0791015625 0.1015625
0 0.4326171875 0.509765625 0.0986328125 0.0576171875
0 0.4814453125 0.474609375 0.087890625 0.125
0 0.51171875 0.568359375 0.060546875 0.1494140625
0 0.4560546875 0.5859375 0.10546875 0.08984375
0 0.4072265625 0.6455078125 0.068359375 0.0615234375
0 0.55859375 0.6708984375 0.091796875 0.08984375
0 0.876953125 0.111328125 0.0908203125 0.07421875
0 0.86328125 0.56640625 0.0673828125 0.0634765625
0 0.892578125 0.6201171875 0.1005859375 0.05859375
0 1.0 0.6259765625 0.0849609375 0.080078125
0 1.0 0.525390625 0.0380859375 0.1162109375
0 0.75390625 0.6376953125 0.0615234375 0.0498046875
0 0.67578125 0.6708984375 0.0986328125 0.05859375
0 0.8857421875 0.689453125 0.0859375 0.0517578125
0 0.970703125 0.671875 0.0947265625 0.0546875
0 0.4638671875 0.7138671875 0.099609375 0.064453125
0 0.33203125 0.734375 0.0703125 0.0732421875
0 0.5166015625 0.7666015625 0.130859375 0.0673828125
0 0.568359375 0.7978515625 0.1123046875 0.0712890625
0 0.6953125 0.806640625 0.072265625 0.076171875
0 0.955078125 0.8203125 0.0576171875 0.0908203125
0 0.9072265625 0.92578125 0.0615234375 0.0771484375
0 1.0 0.9580078125 0.083984375 0.0888671875
0 0.091796875 0.8896484375 0.091796875 0.072265625
0 0.1552734375 0.951171875 0.064453125 0.08203125
0 0.427734375 1.0 0.064453125 0.05078125
0 0.310546875 1.0 0.052734375 0.037109375
0 0.4873046875 0.9951171875 0.0615234375 0.0693359375
0 0.6552734375 1.0 0.064453125 0.05859375
0 0.5556640625 1.0 0.0908203125 0.0576171875
0 0.794921875 0.9404296875 0.07421875 0.0400390625
0 0.2451171875 0.904296875 0.044921875 0.0390625
0 0.1015625 0.287109375 0.0458984375 0.04296875
