0 0.474609375 0.373046875 0.080078125 0.11328125
0 0.8759765625 0.279296875 0.0830078125 0.08203125
0 0.701171875 0.2236328125 0.115234375 0.1015625
0 0.1396484375 0.0849609375 0.0908203125 0.0791015625
0 0.5537109375 0.4423828125 0.0693359375 0.080078125
0 0.620703125 0.53984375 0.12617187500000004 0.09990234374999996
0 0.6982421875 0.671875 0.1025390625 0.0751953125
0 0.9384765625 0.84765625 0.0927734375 0.0556640625
0 0.3076171875 0.384765625 0.1455078125 0.080078125
0 0.4208984375 0.4091796875 0.119140625 0.05078125
0 0.435546875 0.232421875 0.0654296875 0.0634765625
0 0.4287109375 0.4501953125 0.0888671875 0.05078125
0 0.216796875 0.923828125 0.0947265625 0.0439453125
0 0.9423828125 0.9111328125 0.08984375 0.0341796875
0 0.083984375 0.2861328125 0.08203125 0.0634765625
0 0.439453125 0.7900390625 0.18359375 0.095703125
0 0.421875 0.98046875 0.099609375 0.0595703125
0 0.8291015625 0.650390625 0.109375 0.17578125
0 0.8662109375 0.490234375 0.0849609375 0.044921875
0 0.6171875 0.0556640625 0.0546875 0.0537109375
0 0.201171875 0.244140625 0.2001953125 0.068359375
0 0.2470703125 0.05859375 0.078125 0.0576171875
0 0.84765625 0.087890625 0.046875 0.0654296875
0 0.42578125 0.998046875 0.0927734375 0.0224609375
0 0.5263671875 0.0439453125 0.095703125 0.0419921875
0 0.7607421875 0.779296875 0.06640625 0.0478515625
0 0.6298828125 0.0537109375 0.0478515625 0.052734375
0 0.044921875 0.591796875 0.044921875 0.080078125
0 0.9140625 0.392578125 0.1015625 0.0908203125
0 0.9150390625 0.7578125 0.0810546875 0.046875
0 0.8759765625 0.3984375 0.0634765625 0.0732421875
0 0.80859375 0.4697265625 0.05859375 0.0966796875
0 0.1337890625 0.921875 0.0732421875 0.0478515625
0 0.96484375 0.263671875 0.0517578125 0.0751953125
0 0.5458984375 0.927734375 0.037109375 0.09765625
0 0.80078125 1.0 0.0615234375 0.01953125
0 1.0 0.236328125 0.0693359375 0.0556640625
0 0.869140625 0.50390625 0.083984375 0.0390625
0 0.6689453125 0.4111328125 0.056640625 0.166015625
0 0.2587890625 0.7578125 0.107421875 0.0927734375
0 0.8056640625 0.3154296875 0.1240234375 0.037109375
0 0.455078125 0.5810546875 0.18359375 0.146484375
0 0.63671875 0.1298828125 0.0556640625 0.0439453125
0 0.0791015625 0.873046875 0.07421875 0.0322265625
0 0.1865234375 0.9931640625 0.0634765625 0.0615234375
0 0.6884765625 0.998046875 0.1435546875 0.037109375
0 0.560546875 0.92578125 0.029296875 0.0888671875
0 0.62890625 0.8701171875 0.0517578125 0.0439453125
0 0.78125 0.345703125 0.130859375 0.0517578125
0 0.6044921875 0.8662109375 0.1455078125 0.1357421875
0 0.826171875 0.9609375 0.072265625 0.037109375
0 0.22265625 0.568359375 0.0576171875 0.060546875
0 0.2685546875 0.03125 0.0341796875 0.0302734375
0 0.2685546875 0.7412109375 0.1669921875 0.05859375
0 0.40234375 0.0771484375 0.0546875 0.076171875
0 0.1259765625 0.435546875 0.033203125 0.05078125
0 0.1806640625 0.1826171875 0.17578125 0.078125
0 0.2392578125 0.8291015625 0.0478515625 0.0458984375
0 0.5615234375 0.8369140625 0.125 0.0419921875
0 0.396484375 0.87109375 0.11328125 0.0439453125
0 0.4697265625 0.7431640625 0.13671875 0.0654296875
0 0.396484375 0.708984375 0.095703125 0.0419921875
0 0.3154296875 0.5185546875 0.0732421875 0.0419921875
0 1.0 0.6357421875 0.0537109375 0.044921875
0 0.8603515625 0.814453125 0.076171875 0.0595703125
0 0.5322265625 1.0 0.140625 0.095703125
