0 0.5322265625 0.90234375 0.1328125 0.0673828125
0 0.3046875 0.94921875 0.1103515625 0.0771484375
0 0.7568359375 0.671875 0.2001953125 0.1396484375
0 0.931640625 0.8974609375 0.13671875 0.068359375
0 0.65234375 0.9140625 0.0654296875 0.0966796875
0 0.314453125 0.0546875 0.189453125 0.0546875
0 0.0966796875 0.755859375 0.0966796875 0.0966796875
0 0.572265625 0.5546875 0.1650390625 0.0751953125
0 0.8916015625 0.39453125 0.0771484375 0.10546875
0 0.556640625 0.796875 0.1474609375 0.1220703125
0 0.9765625 0.08984375 0.2021484375 0.08984375
0 0.3994140625 0.921875 0.0869140625 0.232421875
0 0.0732421875 0.048828125 0.0732421875 0.0458984375
0 0.3544921875 0.716796875 0.1171875 0.0771484375
0 0.84765625 1.0 0.0947265625 0.0810546875
0 0.3466796875 0.6572265625 0.1025390625 0.078125
0 0.619140625 0.5166015625 0.07421875 0.099609375
0 0.5595703125 0.6171875 0.080078125 0.0654296875
0 0.50390625 0.1142578125 0.16015625 0.0849609375
0 0.7421875 0.13671875 0.107421875 0.1220703125
0 0.64453125 0.25 0.0751953125 0.080078125
0 0.6669921875 0.2099609375 0.0576171875 0.078125
0 0.814453125 0.5625 0.14453125 0.1806640625
0 0.8447265625 0.197265625 0.1181640625 0.09765625
0 0.412109375 0.3271484375 0.1279296875 0.10546875
0 0.7666015625 0.0869140625 0.19921875 0.0869140625
0 0.0927734375 0.2802734375 0.091796875 0.2802734375
0 0.0849609375 0.384765625 0.0849609375 0.185546875
0 0.94921875 0.96484375 0.109375 0.060546875
0 0.4599609375 0.3916015625 0.1552734375 0.099609375
0 0.189453125 0.4541015625 0.1328125 0.1025390625
0 0.169921875 0.40234375 0.169921875 0.1201171875
0 0.287109375 0.794921875 0.10546875 0.0927734375
0 1.0 0.169921875 0.11328125 0.099609375
0 0.841796875 0.41015625 0.2724609375 0.1904296875
0 0.1943359375 0.4541015625 0.0625 0.0517578125
0 0.0888671875 0.998046875 0.0888671875 0.14453125
0 0.6259765625 0.40625 0.30078125 0.26171875
0 0.857421875 0.8271484375 0.0654296875 0.177734375
0 0.1337890625 0.9296875 0.1337890625 0.0849609375
0 0.9091796875 0.5419921875 0.162109375 0.2177734375
0 1.0 0.3759765625 0.1201171875 0.16015625
0 1.0 0.796875 0.1181640625 0.072265625
0 0.1455078125 1.0 0.1455078125 0.185546875
0 0.912109375 0.8271484375 0.060546875 0.16015625
0 1.0 0.607421875 0.064453125 0.205078125
0 0.4267578125 0.3173828125 0.1318359375 0.1181640625
0 0.17578125 1.0 0.1455078125 0.2587890625
0 0.1416015625 0.33984375 0.052734375 0.060546875
0 0.3291015625 0.1279296875 0.0693359375 0.1279296875
0 0.3642578125 0.689453125 0.0546875 0.0673828125
0 0.2998046875 0.904296875 0.0576171875 0.03515625
0 1.0 0.939453125 0.0625 0.0546875
0 0.8623046875 0.6474609375 0.0830078125 0.0458984375
0 0.8017578125 0.5048828125 0.2548828125 0.0478515625
0 0.83984375 0.5244140625 0.1904296875 0.1328125
0 0.7392578125 0.716796875 0.072265625 0.125
0 0.6591796875 0.4794921875 0.1943359375 0.044921875
0 0.6572265625 0.4423828125 0.0673828125 0.0478515625
0 0.671875 0.1123046875 0.240234375 0.1123046875
0 0.7568359375 0.0986328125 0.0625 0.0419921875
0 0.9052734375 0.2109375 0.1162109375 0.0703125
0 0.3896484375 0.193359375 0.109375 0.0966796875
