0 0.2353515625 0.89453125 0.0859375 0.0712890625
0 0.1484375 0.8271484375 0.0927734375 0.072265625
0 0.1083984375 0.7685546875 0.064453125 0.072265625
0 0.2568359375 0.7470703125 0.0693359375 0.076171875
0 0.134765625 0.7060546875 0.119140625 0.0927734375
0 0.0703125 0.6494140625 0.060546875 0.064453125
0 0.0380859375 0.603515625 0.0380859375 0.0537109375
0 0.1494140625 0.552734375 0.08203125 0.10546875
0 0.16015625 0.630859375 0.07421875 0.0634765625
0 0.390625 0.6337890625 0.17578125 0.1162109375
0 0.48046875 0.73828125 0.0869140625 0.05859375
0 0.4326171875 0.7783203125 0.064453125 0.072265625
0 0.328125 0.7998046875 0.0576171875 0.07421875
0 0.3828125 0.7744140625 0.0625 0.0751953125
0 0.4052734375 0.716796875 0.1142578125 0.0625
0 0.6298828125 0.7587890625 0.0771484375 0.0673828125
0 0.611328125 0.8037109375 0.1025390625 0.0927734375
0 0.6708984375 0.6591796875 0.0927734375 0.0615234375
0 0.703125 0.74609375 0.0712890625 0.06640625
0 0.35546875 0.9833984375 0.0712890625 0.076171875
0 0.5654296875 0.966796875 0.0625 0.0693359375
0 0.8076171875 0.99609375 0.109375 0.08984375
0 0.880859375 0.9951171875 0.0654296875 0.091796875
0 0.9580078125 0.8994140625 0.0830078125 0.0615234375
0 0.9775390625 0.7548828125 0.08203125 0.0615234375
0 0.9794921875 0.6904296875 0.0673828125 0.0625
0 1.0 0.63671875 0.0693359375 0.0654296875
0 0.8720703125 0.6435546875 0.0869140625 0.0830078125
0 1.0 0.185546875 0.04296875 0.111328125
0 0.9453125 0.1640625 0.087890625 0.0869140625
0 0.0947265625 0.12109375 0.091796875 0.0830078125
0 0.1826171875 0.1328125 0.0927734375 0.072265625
0 0.1455078125 0.201171875 0.060546875 0.083984375
0 0.08984375 0.20703125 0.0546875 0.0771484375
0 0.0537109375 0.1923828125 0.0537109375 0.083984375
0 0.1376953125 0.2734375 0.0927734375 0.0849609375
0 0.3291015625 1.0 0.1015625 0.025390625
0 0.7763671875 0.978515625 0.087890625 0.064453125
0 0.9501953125 0.8681640625 0.0810546875 0.0380859375
0 0.4912109375 1.0 0.0791015625 0.07421875
0 0.431640625 1.0 0.048828125 0.0234375
0 0.92578125 0.771484375 0.0712890625 0.0625
0 0.0205078125 0.1123046875 0.0205078125 0.08203125
