0 0.294921875 0.4443359375 0.10546875 0.109375
0 0.75 0.619140625 0.0927734375 0.091796875
0 0.3447265625 0.5322265625 0.1552734375 0.10546875
0 0.1474609375 0.4921875 0.080078125 0.1455078125
0 0.4892578125 0.7470703125 0.21484375 0.162109375
0 0.482421875 0.0673828125 0.1728515625 0.0673828125
0 0.5146484375 0.501953125 0.0703125 0.1044921875
0 0.4638671875 0.1591796875 0.0576171875 0.080078125
0 0.126953125 0.16796875 0.0849609375 0.10546875
0 0.796875 0.1396484375 0.072265625 0.1396484375
0 0.3046875 0.7568359375 0.16015625 0.1650390625
0 0.0888671875 0.6337890625 0.0888671875 0.08984375
0 0.7744140625 0.859375 0.1201171875 0.1376953125
0 0.9423828125 0.9267578125 0.1806640625 0.080078125
0 0.529296875 0.822265625 0.072265625 0.0927734375
0 0.5537109375 0.150390625 0.06640625 0.0810546875
0 0.759765625 0.0146484375 0.095703125 0.0146484375
0 0.732421875 0.0732421875 0.1923828125 0.0693359375
0 0.4248046875 0.4140625 0.15234375 0.0947265625
0 0.6640625 0.931640625 0.0966796875 0.0673828125
0 0.4619140625 0.5673828125 0.177734375 0.0673828125
0 1.0 0.642578125 0.19140625 0.0830078125
0 0.5693359375 0.3818359375 0.0849609375 0.09765625
0 0.5703125 1.0 0.2119140625 0.0947265625
0 0.876953125 0.8974609375 0.0673828125 0.205078125
0 0.1318359375 0.7890625 0.125 0.1142578125
0 0.8623046875 0.2666015625 0.16796875 0.154296875
0 0.2275390625 0.974609375 0.1103515625 0.162109375
0 0.9443359375 0.2568359375 0.109375 0.126953125
0 0.875 0.4208984375 0.16796875 0.13671875
0 0.9970703125 0.7197265625 0.142578125 0.080078125
0 0.6748046875 0.8349609375 0.0927734375 0.1953125
0 0.9765625 0.3720703125 0.13671875 0.0625
0 0.8798828125 0.091796875 0.060546875 0.0693359375
0 0.45703125 0.431640625 0.072265625 0.072265625
0 0.8466796875 0.1923828125 0.1845703125 0.0703125
0 0.7421875 0.4765625 0.09765625 0.072265625
0 1.0 0.359375 0.10546875 0.0927734375
0 0.099609375 0.0419921875 0.099609375 0.0419921875
0 0.662109375 0.83984375 0.0947265625 0.1376953125
0 0.8515625 1.0 0.0771484375 0.052734375
0 1.0 0.0966796875 0.0654296875 0.0546875
0 0.9892578125 0.1845703125 0.0419921875 0.115234375
0 0.6474609375 0.375 0.087890625 0.052734375
0 0.13671875 0.7119140625 0.0498046875 0.0498046875
0 0.421875 0.7470703125 0.1123046875 0.0576171875
0 0.314453125 0.7919921875 0.0546875 0.1845703125
0 0.919921875 0.849609375 0.0654296875 0.1474609375
0 0.7724609375 1.0 0.05078125 0.0458984375
0 0.2421875 0.7294921875 0.0625 0.1328125
0 0.5615234375 0.0478515625 0.068359375 0.0478515625
0 0.875 0.4384765625 0.173828125 0.0810546875
