0 0.4912109375 0.494140625 0.0634765625 0.0947265625
0 0.8984375 0.5146484375 0.052734375 0.080078125
0 0.18359375 0.4345703125 0.064453125 0.083984375
0 0.8046875 0.228515625 0.0966796875 0.0634765625
0 0.4501953125 0.169921875 0.0576171875 0.0859375
0 0.0380859375 0.44921875 0.0380859375 0.076171875
0 0.4140625 0.6181640625 0.0732421875 0.064453125
0 0.61328125 0.541015625 0.0712890625 0.1044921875
0 0.171875 0.1298828125 0.0439453125 0.0947265625
0 0.4306640625 0.8623046875 0.0458984375 0.083984375
0 0.078125 0.6630859375 0.078125 0.0517578125
0 0.3994140625 0.1884765625 0.0703125 0.0771484375
0 0.07421875 0.2001953125 0.07421875 0.087890625
0 0.919921875 0.255859375 0.0400390625 0.080078125
0 0.9658203125 0.8798828125 0.048828125 0.0712890625
0 0.4892578125 0.5849609375 0.083984375 0.0537109375
0 0.3916015625 0.9365234375 0.0517578125 0.07421875
0 0.115234375 0.533203125 0.0595703125 0.064453125
0 0.177734375 0.55859375 0.0302734375 0.0712890625
0 0.5029296875 0.791015625 0.05078125 0.0673828125
0 0.5751953125 0.296875 0.0341796875 0.0615234375
0 0.615234375 0.0693359375 0.0576171875 0.0654296875
0 0.7138671875 0.82421875 0.05078125 0.0771484375
0 0.6533203125 0.5166015625 0.0419921875 0.076171875
0 0.1640625 0.4541015625 0.103515625 0.0732421875
0 0.474609375 0.283203125 0.0595703125 0.0517578125
0 0.8662109375 1.0 0.0380859375 0.0458984375
0 0.486328125 0.53515625 0.0615234375 0.0341796875
0 0.552734375 0.45703125 0.0546875 0.072265625
0 0.7431640625 0.431640625 0.0546875 0.2080078125
0 0.17578125 0.6064453125 0.060546875 0.0478515625
0 0.0224609375 0.9169921875 0.0224609375 0.03515625
0 0.5439453125 0.537109375 0.06640625 0.046875
0 0.1064453125 0.3125 0.05078125 0.0458984375
0 0.498046875 0.8203125 0.056640625 0.0419921875
0 0.6279296875 0.6083984375 0.06640625 0.0478515625
0 0.0517578125 0.615234375 0.0517578125 0.056640625
0 0.1953125 0.7236328125 0.0576171875 0.0341796875
0 0.841796875 0.5419921875 0.041015625 0.0517578125
0 1.0 0.6240234375 0.0439453125 0.0419921875
0 0.060546875 0.12109375 0.033203125 0.0654296875
0 0.1083984375 0.6142578125 0.091796875 0.0576171875
0 0.6796875 0.6337890625 0.0400390625 0.0556640625
0 0.7666015625 0.595703125 0.0439453125 0.046875
0 0.8623046875 0.19921875 0.033203125 0.0771484375
0 0.6083984375 0.4443359375 0.0537109375 0.0576171875
0 0.1650390625 0.9287109375 0.1044921875 0.0419921875
0 0.71484375 0.9248046875 0.0458984375 0.041015625
0 0.2587890625 0.908203125 0.0703125 0.0361328125
0 0.8134765625 0.2861328125 0.0419921875 0.0419921875
0 0.4853515625 0.716796875 0.056640625 0.1005859375
0 0.5244140625 0.736328125 0.0458984375 0.0654296875
0 0.103515625 0.01953125 0.0517578125 0.01953125
0 0.759765625 0.8701171875 0.0498046875 0.0673828125
0 0.583984375 0.90234375 0.0322265625 0.0458984375
0 0.9130859375 0.1533203125 0.056640625 0.1064453125
0 1.0 0.04296875 0.0244140625 0.04296875
0 0.724609375 0.615234375 0.0390625 0.0439453125
0 1.0 0.810546875 0.0458984375 0.0439453125
0 0.083984375 0.5 0.07421875 0.0400390625
0 0.1767578125 0.4873046875 0.08203125 0.0576171875
0 0.611328125 0.0830078125 0.0625 0.0654296875
0 0.01953125 0.5107421875 0.01953125 0.033203125
0 0.900390625 0.0634765625 0.048828125 0.0634765625
