0 0.875 0.4541015625 0.1201171875 0.0966796875
0 0.7724609375 0.8095703125 0.1455078125 0.0830078125
0 0.96484375 0.27734375 0.115234375 0.11328125
0 0.931640625 0.8916015625 0.1171875 0.134765625
0 0.228515625 0.357421875 0.1416015625 0.078125
0 0.9423828125 0.5048828125 0.0732421875 0.080078125
0 0.8466796875 0.529296875 0.08984375 0.072265625
0 0.3486328125 0.4306640625 0.1572265625 0.0830078125
0 0.7197265625 0.923828125 0.1103515625 0.115234375
0 0.1767578125 0.2197265625 0.080078125 0.115234375
0 1.0 0.794921875 0.0654296875 0.087890625
0 0.28125 0.5263671875 0.080078125 0.0751953125
0 0.529296875 0.1142578125 0.091796875 0.080078125
0 0.5966796875 0.1943359375 0.109375 0.0771484375
0 1.0 0.1591796875 0.0625 0.0849609375
0 0.3466796875 0.02734375 0.091796875 0.02734375
0 0.884765625 0.671875 0.0849609375 0.0947265625
0 0.947265625 0.6494140625 0.0751953125 0.0771484375
0 0.859375 0.0791015625 0.072265625 0.056640625
0 0.20703125 0.0869140625 0.0673828125 0.072265625
0 0.7294921875 0.4521484375 0.0625 0.0771484375
0 0.5185546875 0.685546875 0.064453125 0.09375
0 0.4716796875 0.0341796875 0.07421875 0.0341796875
0 1.0 0.8818359375 0.052734375 0.0673828125
0 0.5517578125 0.3466796875 0.072265625 0.0869140625
0 0.375 0.1171875 0.087890625 0.072265625
0 0.6572265625 0.619140625 0.0927734375 0.07421875
0 0.109375 0.6123046875 0.0673828125 0.0576171875
0 0.4443359375 0.6328125 0.078125 0.0595703125
0 0.1044921875 0.0771484375 0.0703125 0.0771484375
0 0.734375 0.609375 0.1220703125 0.1494140625
0 0.4248046875 0.3271484375 0.1103515625 0.080078125
0 0.689453125 0.96484375 0.1044921875 0.0625
0 1.0 0.4619140625 0.0029296875 0.0625
0 0.7216796875 0.6875 0.072265625 0.068359375
0 0.107421875 0.759765625 0.10546875 0.0830078125
0 0.3369140625 0.2568359375 0.064453125 0.0546875
0 0.9140625 0.75 0.064453125 0.0576171875
0 0.6298828125 0.546875 0.0673828125 0.134765625
0 0.162109375 0.724609375 0.0673828125 0.0654296875
0 0.1123046875 0.001953125 0.078125 0.001953125
0 0.208984375 0.9775390625 0.1279296875 0.072265625
0 0.154296875 0.419921875 0.0693359375 0.0478515625
0 1.0 0.3291015625 0.05078125 0.0595703125
0 0.08203125 0.45703125 0.080078125 0.0927734375
0 0.1318359375 0.9375 0.0849609375 0.0927734375
0 0.4892578125 0.974609375 0.1572265625 0.0625
0 0.046875 0.1318359375 0.044921875 0.0595703125
0 0.1767578125 0.8896484375 0.0947265625 0.0673828125
0 0.591796875 0.27734375 0.1396484375 0.0625
0 0.0966796875 0.14453125 0.0498046875 0.0478515625
0 0.43359375 1.0 0.1318359375 0.033203125
0 0.4541015625 0.966796875 0.1025390625 0.1376953125
0 0.8515625 0.681640625 0.056640625 0.0517578125
0 0.1767578125 1.0 0.080078125 0.025390625
0 0.1796875 0.619140625 0.0546875 0.064453125
0 0.3349609375 0.3544921875 0.0849609375 0.0751953125
0 1.0 0.439453125 0.0556640625 0.107421875
0 0.494140625 1.0 0.0673828125 0.0458984375
0 0.7822265625 0.9619140625 0.0625 0.08203125
