0 0.0732421875 0.0791015625 0.072265625 0.0791015625
0 0.1640625 0.7626953125 0.1640625 0.0546875
0 0.138671875 0.8095703125 0.0888671875 0.0546875
0 0.12109375 0.4560546875 0.0712890625 0.1103515625
0 0.205078125 0.3037109375 0.1318359375 0.08203125
0 0.3349609375 0.2255859375 0.068359375 0.1064453125
0 0.3779296875 0.3203125 0.1259765625 0.1005859375
0 0.3857421875 0.4345703125 0.09375 0.0693359375
0 0.3037109375 0.4921875 0.0849609375 0.0849609375
0 0.416015625 0.6640625 0.15625 0.1279296875
0 0.2646484375 0.6708984375 0.0634765625 0.08984375
0 0.1259765625 0.5810546875 0.0693359375 0.0673828125
0 0.3681640625 0.7919921875 0.12109375 0.080078125
0 0.3720703125 0.8466796875 0.078125 0.06640625
0 0.2763671875 1.0 0.1025390625 0.06640625
0 0.78515625 1.0 0.0771484375 0.0888671875
0 0.572265625 0.892578125 0.0869140625 0.060546875
0 0.7763671875 0.765625 0.1240234375 0.080078125
0 0.83203125 0.6611328125 0.0927734375 0.1279296875
0 0.86328125 0.82421875 0.060546875 0.1162109375
0 0.921875 0.78515625 0.0615234375 0.0927734375
0 1.0 0.6806640625 0.0322265625 0.0673828125
0 0.98046875 0.5029296875 0.0947265625 0.095703125
0 0.9814453125 0.404296875 0.04296875 0.0517578125
0 0.484375 0.5478515625 0.1005859375 0.13671875
0 0.6640625 0.3984375 0.0576171875 0.1259765625
0 0.7470703125 0.3212890625 0.0625 0.0703125
0 0.9404296875 0.369140625 0.080078125 0.0966796875
0 0.92578125 0.2802734375 0.09765625 0.1279296875
0 0.8896484375 0.0859375 0.1162109375 0.0859375
0 0.7470703125 0.2119140625 0.115234375 0.1416015625
0 0.9638671875 0.1162109375 0.087890625 0.1162109375
0 1.0 0.0498046875 0.0576171875 0.0498046875
0 0.5869140625 0.0869140625 0.0869140625 0.0869140625
0 0.5625 0.203125 0.078125 0.193359375
0 0.4619140625 0.138671875 0.08984375 0.138671875
0 0.1572265625 0.6474609375 0.109375 0.052734375
0 0.4150390625 0.9365234375 0.0859375 0.052734375
0 0.99609375 1.0 0.1044921875 0.037109375
0 0.2275390625 0.22265625 0.0439453125 0.0556640625
0 0.279296875 0.57421875 0.0927734375 0.1337890625
0 0.203125 0.5595703125 0.0712890625 0.08203125
0 0.478515625 0.71875 0.04296875 0.0927734375
0 0.662109375 0.6669921875 0.0810546875 0.0634765625
0 0.634765625 0.6064453125 0.1025390625 0.1220703125
0 0.4462890625 0.5625 0.0712890625 0.1591796875
0 0.4921875 0.5517578125 0.0908203125 0.1259765625
0 0.0751953125 0.2333984375 0.0634765625 0.0546875
0 0.0888671875 0.33203125 0.0888671875 0.056640625
