0 0.9521484375 0.646484375 0.12109375 0.0810546875
0 0.7939453125 0.4755859375 0.09765625 0.0869140625
0 0.7451171875 0.6845703125 0.052734375 0.0869140625
0 0.6611328125 0.3896484375 0.08203125 0.087890625
0 0.904296875 0.404296875 0.083984375 0.09765625
0 1.0 0.37890625 0.0712890625 0.072265625
0 1.0 0.2890625 0.1201171875 0.095703125
0 1.0 0.2421875 0.048828125 0.0751953125
0 0.7734375 0.16015625 0.0859375 0.060546875
0 1.0 0.8359375 0.068359375 0.1025390625
0 0.6513671875 1.0 0.1005859375 0.1455078125
0 0.6650390625 0.857421875 0.0830078125 0.0634765625
0 0.509765625 0.8779296875 0.06640625 0.0986328125
0 0.39453125 0.7587890625 0.1357421875 0.158203125
0 0.2666015625 0.4970703125 0.115234375 0.0830078125
0 0.51953125 0.5029296875 0.119140625 0.0712890625
0 0.443359375 0.4033203125 0.119140625 0.0869140625
0 0.4794921875 0.314453125 0.068359375 0.0869140625
0 0.376953125 0.294921875 0.1142578125 0.087890625
0 0.419921875 0.1962890625 0.08984375 0.0888671875
0 0.30078125 0.1279296875 0.0966796875 0.0771484375
0 0.2734375 0.205078125 0.1767578125 0.080078125
0 0.080078125 0.1923828125 0.080078125 0.0517578125
0 0.10546875 0.1025390625 0.10546875 0.07421875
0 0.154296875 0.0478515625 0.0654296875 0.0478515625
0 1.0 0.0712890625 0.091796875 0.0712890625
0 0.265625 1.0 0.06640625 0.0146484375
0 0.40234375 1.0 0.138671875 0.1279296875
0 0.306640625 0.8994140625 0.09375 0.0869140625
0 0.1650390625 0.8603515625 0.0947265625 0.0634765625
0 0.0625 0.9482421875 0.0625 0.064453125
0 0.07421875 0.87890625 0.064453125 0.064453125
0 0.294921875 0.3876953125 0.1484375 0.08984375
0 0.1494140625 0.287109375 0.1494140625 0.09765625
