0 0.0849609375 0.6982421875 0.06640625 0.0625
0 0.125 0.8046875 0.095703125 0.0732421875
0 0.208984375 1.0 0.05859375 0.0439453125
0 0.3076171875 0.9013671875 0.0732421875 0.08203125
0 0.205078125 0.64453125 0.0732421875 0.05859375
0 0.1328125 0.5380859375 0.0751953125 0.0888671875
0 0.2431640625 0.587890625 0.07421875 0.0859375
0 0.1748046875 0.4609375 0.0654296875 0.087890625
0 0.0361328125 0.380859375 0.0361328125 0.0849609375
0 0.111328125 0.310546875 0.0625 0.0751953125
0 0.060546875 0.1982421875 0.060546875 0.0791015625
0 0.17578125 0.068359375 0.0634765625 0.068359375
0 0.1162109375 0.11328125 0.076171875 0.0615234375
0 0.220703125 0.15625 0.0654296875 0.076171875
0 0.31640625 0.130859375 0.10546875 0.056640625
0 0.408203125 0.060546875 0.0654296875 0.0576171875
0 0.5087890625 0.1064453125 0.0654296875 0.0791015625
0 0.37890625 0.447265625 0.083984375 0.09765625
0 0.4931640625 0.2626953125 0.0693359375 0.060546875
0 0.54296875 0.15625 0.060546875 0.0576171875
0 0.6826171875 0.0791015625 0.0693359375 0.0498046875
0 0.71484375 0.044921875 0.0478515625 0.044921875
0 0.7216796875 0.162109375 0.1123046875 0.0615234375
0 1.0 0.10546875 0.076171875 0.0634765625
0 0.9248046875 0.17578125 0.0830078125 0.0751953125
0 0.8486328125 0.234375 0.0849609375 0.0654296875
0 0.9345703125 0.318359375 0.080078125 0.080078125
0 0.51171875 0.44140625 0.083984375 0.0673828125
0 0.6591796875 0.3408203125 0.060546875 0.0615234375
0 0.701171875 0.3095703125 0.0625 0.0673828125
0 0.8056640625 0.3544921875 0.0703125 0.0576171875
0 0.7255859375 0.4599609375 0.052734375 0.1064453125
0 0.7744140625 0.5029296875 0.068359375 0.0712890625
0 0.89453125 0.4755859375 0.08984375 0.0693359375
0 0.875 0.5615234375 0.0859375 0.07421875
0 0.8134765625 0.6025390625 0.076171875 0.072265625
0 0.7041015625 0.6064453125 0.072265625 0.0654296875
0 0.39453125 0.5673828125 0.115234375 0.0927734375
0 0.525390625 0.6025390625 0.0859375 0.052734375
0 0.544921875 0.5537109375 0.06640625 0.0693359375
0 0.638671875 0.7138671875 0.0830078125 0.087890625
0 0.5498046875 0.740234375 0.064453125 0.05859375
0 0.392578125 0.8134765625 0.068359375 0.08984375
0 0.765625 0.6572265625 0.0625 0.076171875
0 0.9931640625 0.5693359375 0.0810546875 0.0986328125
0 0.9248046875 0.63671875 0.0576171875 0.0595703125
0 0.978515625 0.685546875 0.05859375 0.064453125
0 0.892578125 0.740234375 0.080078125 0.0693359375
0 0.7880859375 0.7998046875 0.05078125 0.0791015625
0 0.681640625 0.8056640625 0.08984375 0.0966796875
0 0.7392578125 0.7841796875 0.05859375 0.0908203125
0 0.9814453125 0.783203125 0.068359375 0.0751953125
0 0.927734375 0.8740234375 0.068359375 0.07421875
0 0.828125 0.9375 0.0849609375 0.078125
0 0.7236328125 0.958984375 0.06640625 0.0810546875
0 0.1337890625 0.8388671875 0.0859375 0.0576171875
0 0.580078125 0.041015625 0.0556640625 0.041015625
0 0.7060546875 1.0 0.08203125 0.0244140625
0 0.6005859375 0.1982421875 0.052734375 0.0712890625
0 0.833984375 0.4423828125 0.0615234375 0.0546875
0 0.63671875 0.0390625 0.05859375 0.0390625
