0 0.630859375 0.521484375 0.140625 0.0390625
0 0.337890625 0.9267578125 0.1142578125 0.08984375
0 0.470703125 0.3125 0.1689453125 0.109375
0 0.1201171875 0.9638671875 0.0908203125 0.0986328125
0 0.4130859375 0.083984375 0.18359375 0.083984375
0 0.32421875 0.396484375 0.2822265625 0.1240234375
0 1.0 0.814453125 0.171875 0.111328125
0 0.3349609375 0.134765625 0.162109375 0.091796875
0 0.1650390625 0.0673828125 0.1298828125 0.0625
0 0.9970703125 0.41015625 0.0361328125 0.0390625
0 0.8486328125 0.3134765625 0.0732421875 0.0390625
0 0.267578125 0.9775390625 0.0830078125 0.041015625
