0 0.283203125 0.2666015625 0.0732421875 0.080078125
0 0.1591796875 0.2001953125 0.068359375 0.0732421875
0 0.23046875 0.33203125 0.0771484375 0.078125
0 0.2734375 0.38671875 0.0615234375 0.068359375
0 0.400390625 0.4072265625 0.09375 0.0576171875
0 0.3876953125 0.478515625 0.0849609375 0.078125
0 0.5263671875 0.404296875 0.0625 0.076171875
0 0.587890625 0.3349609375 0.0703125 0.072265625
0 0.705078125 0.19921875 0.091796875 0.0927734375
0 0.7724609375 0.224609375 0.1044921875 0.072265625
0 0.8837890625 0.177734375 0.078125 0.0625
0 0.568359375 0.1591796875 0.0615234375 0.0732421875
0 0.673828125 0.0625 0.0869140625 0.0625
0 0.2880859375 0.0537109375 0.091796875 0.0537109375
0 0.04296875 0.5830078125 0.04296875 0.119140625
0 0.203125 0.7919921875 0.1025390625 0.080078125
0 0.240234375 0.837890625 0.11328125 0.064453125
0 0.3095703125 0.7109375 0.072265625 0.0849609375
0 0.357421875 0.72265625 0.0634765625 0.078125
0 0.5498046875 0.6533203125 0.0576171875 0.076171875
0 0.6923828125 0.87109375 0.0810546875 0.2119140625
0 0.76171875 0.509765625 0.0771484375 0.0751953125
0 0.66015625 0.5263671875 0.07421875 0.0751953125
0 0.9375 0.4443359375 0.1376953125 0.095703125
0 0.927734375 0.5478515625 0.1220703125 0.0810546875
0 1.0 0.5673828125 0.0390625 0.0576171875
0 0.8466796875 0.9560546875 0.1015625 0.080078125
0 0.787109375 0.87109375 0.09375 0.0830078125
0 0.7119140625 0.4404296875 0.0546875 0.0439453125
0 0.75390625 0.0908203125 0.0634765625 0.0810546875
0 0.5517578125 0.564453125 0.0556640625 0.0771484375
