0 0.3955078125 0.16796875 0.1015625 0.0947265625
0 0.3017578125 0.33984375 0.0966796875 0.060546875
0 0.201171875 0.7822265625 0.0859375 0.0517578125
0 0.8232421875 0.3525390625 0.0625 0.095703125
0 0.60546875 0.4443359375 0.1669921875 0.083984375
0 0.521484375 0.0771484375 0.107421875 0.076171875
0 0.39453125 0.84765625 0.134765625 0.0673828125
0 0.1396484375 0.5341796875 0.1396484375 0.109375
0 0.77734375 0.8984375 0.09765625 0.0615234375
0 0.48046875 0.4658203125 0.1513671875 0.0546875
0 0.3740234375 0.51953125 0.123046875 0.0771484375
0 0.7197265625 0.8466796875 0.1162109375 0.0673828125
0 0.1748046875 0.0966796875 0.0927734375 0.083984375
0 0.3193359375 0.8955078125 0.125 0.0576171875
0 1.0 0.3623046875 0.1123046875 0.0869140625
0 0.4521484375 0.80859375 0.1162109375 0.0576171875
0 0.7373046875 0.701171875 0.0830078125 0.1025390625
0 0.201171875 0.41796875 0.107421875 0.1357421875
0 1.0 0.140625 0.015625 0.0380859375
0 0.279296875 0.771484375 0.1611328125 0.10546875
0 0.7705078125 0.822265625 0.126953125 0.1103515625
0 0.0908203125 0.666015625 0.0908203125 0.0615234375
0 0.064453125 0.1708984375 0.064453125 0.0810546875
0 0.70703125 0.90234375 0.109375 0.0498046875
0 0.73046875 0.052734375 0.046875 0.0517578125
0 0.654296875 0.083984375 0.0625 0.056640625
0 0.8779296875 0.8115234375 0.1220703125 0.064453125
0 0.1083984375 0.7421875 0.1083984375 0.05859375
0 0.5517578125 0.126953125 0.076171875 0.0458984375
0 0.0517578125 0.4072265625 0.0517578125 0.05859375
0 0.7177734375 0.5341796875 0.173828125 0.048828125
0 0.1259765625 0.87890625 0.1259765625 0.080078125
0 0.162109375 0.5703125 0.162109375 0.044921875
0 0.62109375 0.830078125 0.083984375 0.0400390625
0 0.923828125 0.39453125 0.1259765625 0.05859375
0 0.8779296875 0.8515625 0.0517578125 0.0546875
0 0.162109375 0.7900390625 0.0849609375 0.0380859375
0 0.107421875 0.822265625 0.091796875 0.0400390625
0 0.7666015625 0.197265625 0.07421875 0.0322265625
0 0.1845703125 0.8125 0.0810546875 0.0263671875
0 0.2568359375 1.0 0.0869140625 0.0205078125
0 0.548828125 0.583984375 0.1123046875 0.0517578125
0 0.845703125 0.7578125 0.0703125 0.029296875
0 0.30859375 0.5982421875 0.11455078125000001 0.056640625
0 0.6865234375 0.4091796875 0.068359375 0.05859375
0 0.7646484375 0.4560546875 0.099609375 0.05859375
0 0.8935546875 0.904296875 0.1201171875 0.0458984375
0 0.8994140625 0.591796875 0.09375 0.0595703125
0 0.92578125 0.5009765625 0.095703125 0.048828125
0 1.0 0.3232421875 0.0458984375 0.099609375
0 0.361328125 0.45703125 0.1357421875 0.05078125
0 0.57421875 0.84375 0.0615234375 0.037109375
0 0.6845703125 0.603515625 0.0517578125 0.0615234375
0 0.7607421875 0.443359375 0.076171875 0.0439453125
0 0.5791015625 0.8583984375 0.08984375 0.0166015625
0 0.7353515625 0.048828125 0.0400390625 0.048828125
0 0.4287109375 0.75390625 0.0693359375 0.0400390625
0 0.9599609375 0.1826171875 0.05078125 0.05078125
0 0.8125 0.6064453125 0.0302734375 0.0478515625
0 0.654296875 0.19921875 0.076171875 0.0595703125
0 0.8212890625 0.439453125 0.0966796875 0.083984375
0 0.8740234375 0.9619140625 0.04296875 0.0283203125
0 0.7265625 0.23046875 0.08984375 0.0634765625
0 0.095703125 0.162109375 0.0703125 0.05859375
0 0.2900390625 0.4716796875 0.1162109375 0.07421875
