0 0.9990234375 0.294921875 0.1826171875 0.068359375
0 1.0 0.2451171875 0.0693359375 0.087890625
0 0.6953125 0.123046875 0.05078125 0.087890625
0 0.638671875 0.076171875 0.076171875 0.076171875
0 0.5947265625 0.228515625 0.0693359375 0.14453125
0 0.576171875 0.0654296875 0.09765625 0.0654296875
0 0.2802734375 0.140625 0.1240234375 0.08984375
0 0.1630859375 0.201171875 0.1611328125 0.0703125
0 0.1044921875 0.357421875 0.1044921875 0.0498046875
0 0.15234375 0.4697265625 0.15234375 0.1220703125
0 0.1865234375 0.6552734375 0.0634765625 0.107421875
0 0.2197265625 0.5478515625 0.07421875 0.0546875
0 0.2724609375 0.6923828125 0.087890625 0.1298828125
0 0.482421875 0.7216796875 0.1650390625 0.072265625
0 0.49609375 0.6455078125 0.12109375 0.0693359375
0 0.5107421875 0.580078125 0.095703125 0.05859375
0 0.595703125 0.642578125 0.08203125 0.0966796875
0 0.7138671875 0.5810546875 0.0732421875 0.056640625
0 0.83203125 0.5546875 0.0673828125 0.0478515625
0 0.9326171875 0.47265625 0.072265625 0.111328125
0 0.8671875 0.6494140625 0.078125 0.0576171875
0 0.9072265625 0.751953125 0.08984375 0.0908203125
0 0.7666015625 0.7373046875 0.1474609375 0.091796875
0 0.7216796875 0.6669921875 0.11328125 0.0556640625
0 0.5810546875 0.75390625 0.09375 0.0615234375
0 0.4482421875 0.8017578125 0.109375 0.0615234375
0 0.5986328125 0.8486328125 0.1259765625 0.0751953125
0 0.65234375 0.9560546875 0.12109375 0.083984375
0 0.759765625 0.9111328125 0.0810546875 0.068359375
0 0.8251953125 0.8349609375 0.0908203125 0.0556640625
0 1.0 0.8564453125 0.083984375 0.05859375
0 0.95703125 0.9892578125 0.0927734375 0.095703125
0 0.341796875 0.8828125 0.115234375 0.0849609375
0 0.4052734375 0.9150390625 0.095703125 0.083984375
0 0.2412109375 0.951171875 0.1328125 0.0615234375
0 0.1318359375 1.0 0.12890625 0.1494140625
0 0.1474609375 0.0859375 0.0634765625 0.0859375
0 0.7392578125 0.8203125 0.1337890625 0.0791015625
0 0.376953125 0.3515625 0.1005859375 0.0673828125
0 0.3759765625 0.279296875 0.0888671875 0.0869140625
0 0.4794921875 0.212890625 0.08203125 0.0908203125
0 0.5263671875 0.3046875 0.05859375 0.0712890625
0 0.466796875 0.0458984375 0.0859375 0.044921875
0 0.7021484375 0.35546875 0.08203125 0.091796875
0 0.791015625 0.1142578125 0.0595703125 0.078125
0 0.3564453125 0.1298828125 0.0615234375 0.0791015625
