0 0.4052734375 0.4716796875 0.0458984375 0.0986328125
0 0.0263671875 0.314453125 0.0263671875 0.0947265625
0 0.3310546875 0.3505859375 0.048828125 0.0986328125
0 0.3583984375 0.6103515625 0.08203125 0.0791015625
0 0.396484375 0.25 0.0546875 0.083984375
0 0.705078125 0.8125 0.064453125 0.08203125
0 0.701171875 0.9931640625 0.068359375 0.1005859375
0 0.998046875 0.9365234375 0.072265625 0.0888671875
0 0.8779296875 0.232421875 0.0556640625 0.0771484375
0 0.591796875 0.775390625 0.10546875 0.078125
0 0.0302734375 0.75390625 0.0302734375 0.056640625
0 0.5517578125 0.3154296875 0.0771484375 0.091796875
0 0.861328125 0.771484375 0.1005859375 0.0615234375
0 0.9404296875 0.625 0.0380859375 0.1005859375
0 0.4951171875 1.0 0.052734375 0.0654296875
0 0.955078125 0.4150390625 0.044921875 0.07421875
0 0.8310546875 0.0595703125 0.0517578125 0.0595703125
0 0.5048828125 0.46875 0.0625 0.0693359375
0 0.3154296875 0.423828125 0.0517578125 0.052734375
0 0.1728515625 0.060546875 0.0830078125 0.044921875
0 0.208984375 0.390625 0.0693359375 0.046875
0 0.2138671875 0.7763671875 0.056640625 0.0517578125
0 0.8359375 0.7958984375 0.076171875 0.056640625
0 0.443359375 0.625 0.04296875 0.0732421875
0 0.1083984375 0.6181640625 0.060546875 0.1318359375
0 0.568359375 0.666015625 0.0498046875 0.12109375
0 0.25390625 0.7060546875 0.07421875 0.0869140625
0 0.3251953125 0.0458984375 0.0615234375 0.0458984375
0 0.115234375 0.6630859375 0.0849609375 0.044921875
0 0.974609375 0.30859375 0.0283203125 0.06640625
0 0.7353515625 0.3212890625 0.0263671875 0.1044921875
0 0.939453125 0.216796875 0.0244140625 0.0830078125
0 0.41015625 0.814453125 0.048828125 0.0537109375
0 0.2021484375 0.5703125 0.046875 0.1298828125
0 0.998046875 0.0537109375 0.0693359375 0.033203125
0 0.087890625 0.9951171875 0.025390625 0.111328125
0 0.365234375 0.97265625 0.046875 0.0380859375
0 0.3984375 0.728515625 0.091796875 0.0263671875
0 0.5 0.8251953125 0.0380859375 0.056640625
0 0.7724609375 0.3701171875 0.0458984375 0.078125
0 0.8251953125 0.5966796875 0.05078125 0.0517578125
0 0.662109375 0.5625 0.037109375 0.1474609375
0 0.0712890625 0.056640625 0.0712890625 0.029296875
0 0.5380859375 1.0 0.0439453125 0.03125
0 0.12890625 0.7578125 0.0546875 0.0625
0 0.734375 0.119140625 0.0869140625 0.0302734375
0 0.806640625 0.947265625 0.046875 0.044921875
0 0.775390625 0.0791015625 0.0654296875 0.025390625
0 0.8583984375 1.0 0.02734375 0.04296875
0 0.044921875 1.0 0.041015625 0.0234375
0 0.6796875 0.3037109375 0.0546875 0.025390625
0 0.6630859375 0.3291015625 0.0888671875 0.05078125
0 0.228515625 0.7158203125 0.05078125 0.0947265625
0 0.7431640625 0.783203125 0.0458984375 0.0439453125
0 0.892578125 0.859375 0.0634765625 0.017578125
0 0.681640625 0.3515625 0.078125 0.044921875
0 0.5478515625 0.6875 0.0751953125 0.044921875
0 0.2578125 0.1904296875 0.06640625 0.0478515625
0 0.7275390625 0.732421875 0.044921875 0.029296875
0 0.8359375 0.4013671875 0.0791015625 0.0498046875
0 0.625 0.712890625 0.0576171875 0.05859375
0 0.5517578125 0.2451171875 0.0517578125 0.0693359375
0 0.212890625 0.9541015625 0.2041015625 0.1669921875
0 0.5390625 0.775390625 0.048828125 0.0185546875
0 0.7373046875 0.12109375 0.0751953125 0.0498046875
0 0.517578125 0.3984375 0.0390625 0.048828125
0 0.6455078125 0.375 0.06640625 0.046875
0 0.1171875 0.0751953125 0.0712890625 0.0751953125
0 0.85546875 0.892578125 0.052734375 0.0693359375
0 0.0419921875 0.7080078125 0.0419921875 0.0576171875
0 1.0 0.3046875 0.0166015625 0.072265625
0 0.9970703125 0.2392578125 0.041015625 0.0732421875
