0 0.0166015625 0.263671875 0.0166015625 0.0908203125
0 0.6884765625 0.08984375 0.06640625 0.083984375
0 0.23046875 0.998046875 0.068359375 0.072265625
0 0.662109375 0.7236328125 0.0576171875 0.09765625
0 0.3310546875 0.1474609375 0.08984375 0.068359375
0 0.01953125 0.6708984375 0.01953125 0.0537109375
0 0.0302734375 0.57421875 0.0302734375 0.0791015625
0 0.0625 0.158203125 0.0615234375 0.076171875
0 0.8251953125 0.7421875 0.064453125 0.072265625
0 0.5224609375 0.4189453125 0.0712890625 0.0634765625
0 0.044921875 0.494140625 0.044921875 0.0693359375
0 0.7822265625 0.78125 0.0546875 0.0869140625
0 0.90234375 0.8583984375 0.0751953125 0.0537109375
0 0.0166015625 0.0673828125 0.0166015625 0.0673828125
0 0.6142578125 0.828125 0.0546875 0.0732421875
0 0.5810546875 0.08203125 0.03515625 0.08203125
0 0.1923828125 0.095703125 0.0263671875 0.080078125
0 0.8955078125 0.9541015625 0.0498046875 0.072265625
0 0.201171875 0.2373046875 0.03515625 0.0693359375
0 0.6337890625 0.5234375 0.029296875 0.091796875
0 1.0 0.4140625 0.048828125 0.0576171875
0 0.3740234375 0.5087890625 0.041015625 0.091796875
0 0.6796875 0.5703125 0.03515625 0.0830078125
0 0.3271484375 0.40234375 0.03515625 0.1279296875
0 0.1513671875 0.8955078125 0.107421875 0.044921875
0 0.2373046875 0.8876953125 0.09375 0.033203125
0 0.0146484375 0.41796875 0.0146484375 0.095703125
0 0.029296875 0.494140625 0.029296875 0.0634765625
0 0.658203125 0.73828125 0.0625 0.0361328125
0 0.6826171875 0.8662109375 0.0361328125 0.0615234375
0 0.884765625 0.58984375 0.037109375 0.0771484375
0 0.8994140625 0.0791015625 0.07421875 0.0625
0 0.8037109375 0.060546875 0.05078125 0.0595703125
0 0.224609375 0.8330078125 0.05859375 0.046875
0 1.0 0.6171875 0.0498046875 0.05078125
0 0.0302734375 0.17578125 0.0302734375 0.05859375
0 0.0244140625 0.9033203125 0.0244140625 0.05859375
0 0.625 0.5595703125 0.1005859375 0.0947265625
0 0.7138671875 0.1865234375 0.02734375 0.0615234375
0 0.5537109375 0.1904296875 0.078125 0.046875
0 0.498046875 0.150390625 0.0283203125 0.0654296875
0 0.435546875 0.5478515625 0.0517578125 0.078125
0 0.2490234375 0.5537109375 0.0546875 0.0703125
0 0.578125 0.9541015625 0.0517578125 0.0517578125
0 0.6328125 0.8046875 0.0439453125 0.0703125
0 0.7783203125 0.8359375 0.0478515625 0.064453125
0 0.037109375 0.4287109375 0.0283203125 0.05859375
0 0.6640625 0.15625 0.119140625 0.0517578125
0 0.501953125 0.525390625 0.06640625 0.0556640625
0 0.9892578125 0.4970703125 0.0361328125 0.0498046875
0 0.08203125 0.9169921875 0.056640625 0.064453125
0 1.0 0.9384765625 0.03125 0.0537109375
0 0.666015625 0.5966796875 0.0576171875 0.0302734375
0 0.1103515625 0.83984375 0.0595703125 0.02734375
0 0.4013671875 0.2548828125 0.0712890625 0.068359375
0 0.06640625 0.8349609375 0.0478515625 0.044921875
0 0.953125 0.1962890625 0.0703125 0.0615234375
0 0.8359375 0.943359375 0.0703125 0.0625
0 0.845703125 0.9052734375 0.056640625 0.060546875
0 0.3642578125 0.8095703125 0.041015625 0.033203125
0 0.4931640625 0.4580078125 0.0732421875 0.0517578125
0 0.455078125 0.4765625 0.041015625 0.0419921875
0 0.9658203125 0.4326171875 0.064453125 0.1962890625
