0 0.4345703125 0.6953125 0.1103515625 0.048828125
0 0.30859375 0.7705078125 0.0302734375 0.033203125
0 0.1865234375 0.5048828125 0.0634765625 0.0517578125
0 0.4208984375 0.3974609375 0.06640625 0.1416015625
0 0.9853515625 0.71484375 0.0947265625 0.07421875
0 0.267578125 0.1767578125 0.08984375 0.08203125
0 0.26953125 0.71875 0.06640625 0.08203125
0 0.1865234375 0.6298828125 0.080078125 0.068359375
0 0.1513671875 0.224609375 0.1220703125 0.1064453125
0 0.30078125 0.4404296875 0.0615234375 0.078125
0 0.96875 0.197265625 0.0791015625 0.095703125
0 0.1826171875 0.1123046875 0.13671875 0.1123046875
0 0.78515625 0.20703125 0.09765625 0.1201171875
0 0.75 0.7890625 0.091796875 0.091796875
0 1.0 0.958984375 0.076171875 0.1171875
0 0.876953125 0.7646484375 0.107421875 0.087890625
0 0.6640625 0.126953125 0.0556640625 0.08203125
0 0.6591796875 0.2255859375 0.11328125 0.107421875
0 0.1748046875 0.861328125 0.056640625 0.046875
0 0.7744140625 0.4453125 0.15234375 0.083984375
0 0.1728515625 0.4091796875 0.0947265625 0.07421875
0 0.33984375 0.0703125 0.1005859375 0.0703125
0 0.1552734375 0.7763671875 0.052734375 0.052734375
0 0.1767578125 0.314453125 0.107421875 0.0625
0 0.708984375 0.6064453125 0.1337890625 0.1064453125
0 0.974609375 0.076171875 0.0703125 0.0751953125
0 0.537109375 0.216796875 0.11328125 0.06640625
0 0.6591796875 0.3369140625 0.09375 0.0869140625
0 0.251953125 0.224609375 0.087890625 0.0419921875
0 0.2841796875 0.640625 0.0576171875 0.0888671875
0 0.359375 0.5703125 0.06640625 0.0556640625
0 0.126953125 0.76171875 0.0595703125 0.056640625
0 0.79296875 0.8916015625 0.087890625 0.126953125
0 0.859375 0.5341796875 0.078125 0.1025390625
0 0.951171875 0.62109375 0.130859375 0.17578125
0 0.9296875 0.5849609375 0.0966796875 0.087890625
0 0.1435546875 0.8759765625 0.10546875 0.052734375
0 0.2890625 0.8134765625 0.078125 0.041015625
0 0.375 0.76171875 0.0576171875 0.052734375
0 0.2177734375 0.595703125 0.02734375 0.029296875
0 0.3681640625 0.166015625 0.04296875 0.044921875
