0 0.08203125 0.181640625 0.08203125 0.068359375
0 0.2158203125 0.130859375 0.0556640625 0.0634765625
0 0.1328125 0.568359375 0.060546875 0.0625
0 0.189453125 0.4853515625 0.064453125 0.1044921875
0 0.3095703125 0.552734375 0.0908203125 0.0537109375
0 0.29296875 0.591796875 0.1064453125 0.0595703125
0 0.1787109375 0.6943359375 0.0810546875 0.07421875
0 0.0751953125 0.841796875 0.0703125 0.087890625
0 0.162109375 0.8271484375 0.0927734375 0.0576171875
0 0.1767578125 0.9814453125 0.068359375 0.0556640625
0 0.47265625 0.109375 0.0712890625 0.076171875
0 0.4013671875 0.1796875 0.056640625 0.0654296875
0 0.5126953125 0.3642578125 0.0791015625 0.1279296875
0 0.45703125 0.6279296875 0.154296875 0.1796875
0 0.5244140625 0.708984375 0.0927734375 0.0869140625
0 0.494140625 0.8076171875 0.068359375 0.0859375
0 0.56640625 0.787109375 0.0361328125 0.0751953125
0 0.3330078125 0.8505859375 0.1142578125 0.0673828125
0 0.421875 0.884765625 0.1064453125 0.0732421875
0 0.8232421875 1.0 0.0712890625 0.126953125
0 0.93359375 0.96875 0.091796875 0.1103515625
0 0.673828125 0.5517578125 0.0693359375 0.0712890625
0 1.0 0.552734375 0.0341796875 0.052734375
0 0.82421875 0.267578125 0.1416015625 0.0771484375
0 0.962890625 0.6865234375 0.0576171875 0.0458984375
0 0.3486328125 0.017578125 0.044921875 0.017578125
0 0.3359375 0.0546875 0.048828125 0.0546875
0 0.8271484375 0.044921875 0.056640625 0.044921875
0 0.0224609375 0.37109375 0.0224609375 0.0595703125
0 0.5439453125 0.7841796875 0.0439453125 0.0654296875
0 0.03515625 0.8544921875 0.03515625 0.048828125
0 1.0 0.576171875 0.017578125 0.0263671875
