0 0.8291015625 0.7294921875 0.07421875 0.1279296875
0 1.0 0.744140625 0.052734375 0.08203125
0 0.8974609375 0.4970703125 0.1025390625 0.0849609375
0 1.0 0.5224609375 0.080078125 0.0927734375
0 0.51171875 0.4375 0.099609375 0.09765625
0 1.0 0.125 0.0556640625 0.080078125
0 0.1767578125 0.2421875 0.125 0.107421875
0 0.8896484375 0.39453125 0.0830078125 0.0947265625
0 0.2548828125 0.1494140625 0.0703125 0.0947265625
0 0.28125 0.3662109375 0.1162109375 0.1083984375
0 0.6220703125 0.9296875 0.0771484375 0.0576171875
0 0.6845703125 0.1875 0.08984375 0.080078125
0 0.2568359375 0.529296875 0.0849609375 0.099609375
0 1.0 0.904296875 0.0625 0.064453125
0 0.40234375 0.751953125 0.142578125 0.1103515625
0 0.921875 0.7666015625 0.0771484375 0.1025390625
0 1.0 0.6044921875 0.095703125 0.08984375
0 0.3349609375 0.6298828125 0.0849609375 0.0849609375
0 1.0 0.4091796875 0.0703125 0.1142578125
0 0.8193359375 0.1318359375 0.099609375 0.0869140625
0 0.259765625 0.841796875 0.10546875 0.08203125
0 0.189453125 0.998046875 0.1044921875 0.0712890625
0 0.7021484375 0.294921875 0.0849609375 0.068359375
0 0.0869140625 0.1669921875 0.0703125 0.1376953125
0 0.1396484375 0.6044921875 0.08984375 0.080078125
0 0.1474609375 0.814453125 0.0654296875 0.0771484375
0 0.931640625 1.0 0.0849609375 0.0478515625
