0 0.6259765625 0.46484375 0.052734375 0.0830078125
0 0.7578125 0.1484375 0.083984375 0.1103515625
0 0.876953125 0.4052734375 0.072265625 0.0986328125
0 0.1083984375 0.8671875 0.064453125 0.0888671875
0 0.216796875 0.6005859375 0.072265625 0.0673828125
0 0.2177734375 0.05859375 0.0888671875 0.052734375
0 0.28125 0.158203125 0.0498046875 0.072265625
0 0.3916015625 0.431640625 0.0849609375 0.0615234375
0 0.8408203125 0.076171875 0.08203125 0.076171875
0 0.12109375 0.5263671875 0.0673828125 0.09765625
0 0.033203125 0.486328125 0.033203125 0.1103515625
0 0.52734375 0.744140625 0.0986328125 0.076171875
0 0.2314453125 0.1083984375 0.0888671875 0.0703125
0 0.64453125 0.8115234375 0.0546875 0.0732421875
0 0.974609375 0.1298828125 0.0927734375 0.0869140625
0 0.4169921875 0.1279296875 0.0439453125 0.09375
0 0.3984375 0.779296875 0.08984375 0.0380859375
0 0.36328125 0.5126953125 0.080078125 0.126953125
0 0.7021484375 0.177734375 0.0546875 0.0478515625
0 0.220703125 0.2412109375 0.07421875 0.0419921875
0 0.998046875 0.4638671875 0.0576171875 0.11328125
0 0.5078125 0.1435546875 0.0439453125 0.072265625
0 0.7919921875 0.6474609375 0.08203125 0.0537109375
0 0.40234375 0.9580078125 0.0693359375 0.044921875
0 0.775390625 0.59765625 0.0810546875 0.0830078125
0 0.451171875 0.4501953125 0.0751953125 0.0654296875
0 0.1689453125 0.5205078125 0.09375 0.12890625
0 0.755859375 0.4130859375 0.0712890625 0.0830078125
0 0.55859375 0.1328125 0.0439453125 0.0615234375
0 0.146484375 0.751953125 0.0673828125 0.02734375
0 0.7080078125 0.4677734375 0.0634765625 0.0908203125
0 0.98828125 0.5966796875 0.1171875 0.091796875
0 0.3837890625 0.6982421875 0.05859375 0.0322265625
0 0.09375 0.2861328125 0.0263671875 0.0537109375
0 0.5810546875 0.287109375 0.0439453125 0.0341796875
0 0.619140625 0.6484375 0.0380859375 0.06640625
0 1.0 0.6396484375 0.04296875 0.072265625
0 0.201171875 0.8564453125 0.03125 0.0751953125
0 0.2099609375 0.8525390625 0.02734375 0.0712890625
0 0.7314453125 0.041015625 0.0390625 0.041015625
0 0.728515625 0.515625 0.052734375 0.060546875
0 0.455078125 0.4912109375 0.0439453125 0.0810546875
0 0.6884765625 0.9248046875 0.056640625 0.0390625
0 0.982421875 0.947265625 0.0986328125 0.044921875
0 0.6005859375 0.22998046875 0.12197265624999998 0.05390624999999999
0 0.453125 0.1884765625 0.04296875 0.0380859375
0 0.1611328125 0.0556640625 0.0537109375 0.0556640625
0 1.0 0.9619140625 0.021484375 0.064453125
