0 0.7529296875 0.0546875 0.091796875 0.0546875
0 0.1279296875 0.0283203125 0.0947265625 0.0283203125
0 0.1201171875 0.1025390625 0.0966796875 0.07421875
0 0.076171875 0.146484375 0.0751953125 0.076171875
0 0.50390625 0.1494140625 0.2060546875 0.0830078125
0 0.5546875 0.0810546875 0.0625 0.0654296875
0 0.3134765625 0.37109375 0.0986328125 0.07421875
0 0.369140625 0.4609375 0.060546875 0.0615234375
0 0.1455078125 0.5107421875 0.078125 0.0419921875
0 0.12890625 0.619140625 0.072265625 0.0859375
0 0.04296875 0.5859375 0.04296875 0.06640625
0 0.1123046875 0.6591796875 0.083984375 0.05859375
0 0.265625 0.57421875 0.078125 0.0595703125
0 0.2939453125 0.521484375 0.0498046875 0.041015625
0 0.3330078125 0.560546875 0.0595703125 0.0625
0 0.3779296875 0.61328125 0.07421875 0.1123046875
0 0.4384765625 0.6259765625 0.0732421875 0.1376953125
0 0.48828125 0.5087890625 0.05078125 0.046875
0 0.5400390625 0.5546875 0.0791015625 0.0693359375
0 0.4443359375 0.6884765625 0.05859375 0.060546875
0 0.2587890625 0.708984375 0.0498046875 0.0498046875
0 0.1728515625 0.66015625 0.0634765625 0.0517578125
0 0.30859375 0.73046875 0.0546875 0.078125
0 0.2900390625 0.77734375 0.0751953125 0.0556640625
0 0.4130859375 0.7841796875 0.0869140625 0.0791015625
0 0.3798828125 0.701171875 0.0732421875 0.064453125
0 0.53125 0.8369140625 0.0625 0.0966796875
0 0.6728515625 0.6298828125 0.056640625 0.109375
0 0.763671875 0.53515625 0.09765625 0.056640625
0 0.76171875 0.6162109375 0.0634765625 0.0751953125
0 0.8408203125 0.7119140625 0.1015625 0.1025390625
0 0.8837890625 0.58984375 0.083984375 0.046875
0 0.916015625 0.6435546875 0.076171875 0.060546875
0 1.0 0.63671875 0.0556640625 0.060546875
0 0.685546875 0.9140625 0.1044921875 0.078125
0 0.5009765625 0.9814453125 0.0947265625 0.052734375
0 0.2744140625 0.974609375 0.109375 0.064453125
0 0.1357421875 0.921875 0.0859375 0.056640625
0 0.9013671875 0.951171875 0.0615234375 0.05859375
0 1.0 0.99609375 0.0537109375 0.0498046875
0 0.884765625 1.0 0.0810546875 0.044921875
0 1.0 0.005859375 0.0263671875 0.005859375
