0 0.12109375 0.1328125 0.025390625 0.0810546875
0 0.2412109375 0.0576171875 0.04296875 0.056640625
0 0.4482421875 0.0576171875 0.0791015625 0.0361328125
0 0.4287109375 0.041015625 0.0478515625 0.041015625
0 0.1181640625 0.4921875 0.0810546875 0.046875
0 0.0654296875 0.5732421875 0.056640625 0.0751953125
0 0.0419921875 0.7216796875 0.037109375 0.0693359375
0 0.2744140625 0.40625 0.037109375 0.099609375
0 0.392578125 0.53125 0.0615234375 0.0400390625
0 0.3798828125 0.6044921875 0.0595703125 0.046875
0 0.41015625 0.69921875 0.08984375 0.0703125
0 0.302734375 0.728515625 0.0546875 0.0615234375
0 0.4599609375 0.7080078125 0.0615234375 0.068359375
0 0.8505859375 0.0458984375 0.0712890625 0.0458984375
0 0.8095703125 0.4873046875 0.044921875 0.09375
0 0.806640625 0.6005859375 0.10546875 0.068359375
0 0.7060546875 0.64453125 0.0517578125 0.0458984375
0 0.6552734375 0.7353515625 0.0576171875 0.04296875
0 0.8447265625 0.62890625 0.0322265625 0.046875
0 0.947265625 0.583984375 0.060546875 0.0400390625
0 1.0 0.4814453125 0.0478515625 0.0791015625
0 0.998046875 0.6962890625 0.0458984375 0.060546875
0 0.8876953125 0.724609375 0.0888671875 0.0439453125
0 1.0 0.7548828125 0.078125 0.046875
0 0.8056640625 0.9189453125 0.0625 0.03515625
0 0.822265625 0.9677734375 0.0400390625 0.052734375
0 0.83984375 1.0 0.076171875 0.03515625
0 0.048828125 0.9853515625 0.04296875 0.0478515625
0 0.27734375 0.8515625 0.0439453125 0.0576171875
0 0.24609375 0.8212890625 0.048828125 0.0478515625
0 0.9033203125 0.64453125 0.0556640625 0.05859375
0 1.0 0.818359375 0.0732421875 0.060546875
