0 0.8583984375 0.46875 0.103515625 0.154296875
0 0.794921875 0.7421875 0.0927734375 0.125
0 1.0 0.625 0.0830078125 0.123046875
0 0.2109375 1.0 0.1025390625 0.1328125
0 0.51171875 0.2119140625 0.08984375 0.126953125
0 0.87890625 0.22265625 0.099609375 0.123046875
0 0.7490234375 0.6220703125 0.0859375 0.0654296875
0 0.6015625 1.0 0.091796875 0.1005859375
0 0.7373046875 0.552734375 0.146484375 0.1728515625
0 0.232421875 0.384765625 0.1630859375 0.1826171875
0 0.76171875 0.3720703125 0.1220703125 0.162109375
0 0.5068359375 0.9990234375 0.1376953125 0.1025390625
0 0.744140625 1.0 0.0771484375 0.0556640625
0 0.3173828125 1.0 0.10546875 0.0703125
0 0.384765625 0.3740234375 0.1298828125 0.19921875
0 0.484375 0.6015625 0.1220703125 0.26171875
0 0.5537109375 0.7197265625 0.126953125 0.2353515625
0 0.6572265625 0.15234375 0.1455078125 0.1474609375
0 0.1591796875 0.1328125 0.1162109375 0.126953125
0 0.75 0.224609375 0.0859375 0.1552734375
0 0.6884765625 0.20703125 0.107421875 0.171875
0 0.1142578125 0.494140625 0.109375 0.126953125
0 0.0380859375 0.2568359375 0.0380859375 0.10546875
