0 0.056640625 0.060546875 0.056640625 0.060546875
0 0.2158203125 0.232421875 0.103515625 0.1123046875
0 0.0859375 0.638671875 0.0859375 0.109375
0 0.0654296875 0.7451171875 0.0595703125 0.0478515625
0 0.150390625 0.7841796875 0.07421875 0.068359375
0 0.2548828125 0.75390625 0.0478515625 0.0751953125
0 0.3349609375 0.833984375 0.0703125 0.1181640625
0 0.283203125 0.837890625 0.0693359375 0.068359375
0 0.15234375 0.845703125 0.1171875 0.0712890625
0 0.1005859375 0.92578125 0.0810546875 0.068359375
0 0.2138671875 1.0 0.1279296875 0.12890625
0 0.5107421875 1.0 0.1328125 0.107421875
0 0.50390625 0.849609375 0.134765625 0.0546875
0 0.6171875 0.77734375 0.0732421875 0.1162109375
0 0.689453125 0.7802734375 0.1181640625 0.0615234375
0 0.783203125 0.845703125 0.15234375 0.064453125
0 0.7119140625 0.8984375 0.099609375 0.0517578125
0 0.6435546875 1.0 0.048828125 0.0498046875
0 0.736328125 1.0 0.091796875 0.060546875
0 0.9306640625 0.9521484375 0.126953125 0.0732421875
0 0.8935546875 0.7587890625 0.068359375 0.11328125
0 0.9951171875 0.7646484375 0.080078125 0.1328125
0 0.921875 0.8212890625 0.1181640625 0.06640625
0 0.7880859375 0.5791015625 0.0576171875 0.0615234375
0 0.8203125 0.5107421875 0.0634765625 0.087890625
0 0.91015625 0.611328125 0.07421875 0.0673828125
0 0.78515625 0.33203125 0.1201171875 0.09765625
0 0.5576171875 0.453125 0.1162109375 0.08203125
0 0.583984375 0.5439453125 0.2119140625 0.0869140625
0 0.2919921875 0.482421875 0.130859375 0.0966796875
0 0.28515625 0.5224609375 0.111328125 0.083984375
0 0.150390625 0.533203125 0.0927734375 0.099609375
0 0.3466796875 0.3857421875 0.1572265625 0.0791015625
0 0.4267578125 0.2734375 0.080078125 0.1669921875
0 0.4521484375 0.1865234375 0.068359375 0.16015625
0 0.5244140625 0.087890625 0.0732421875 0.087890625
0 0.6416015625 0.12109375 0.0625 0.0693359375
0 0.5771484375 0.248046875 0.12109375 0.125
0 0.6962890625 0.2265625 0.0615234375 0.0654296875
0 0.751953125 0.2294921875 0.0908203125 0.080078125
0 0.92578125 0.0791015625 0.056640625 0.05859375
0 0.98828125 0.1201171875 0.06640625 0.1201171875
0 0.7431640625 0.1123046875 0.076171875 0.1123046875
0 0.2841796875 0.060546875 0.0888671875 0.060546875
0 0.1962890625 0.0498046875 0.123046875 0.0498046875
0 0.73828125 0.646484375 0.078125 0.099609375
0 0.6357421875 0.326171875 0.056640625 0.0556640625
0 0.9140625 0.1962890625 0.0576171875 0.0380859375
0 1.0 0.3095703125 0.0869140625 0.0791015625
