0 0.232421875 0.240234375 0.0712890625 0.0703125
0 0.3642578125 0.2578125 0.0576171875 0.0732421875
0 0.3251953125 0.0751953125 0.0673828125 0.0751953125
0 0.1611328125 0.123046875 0.0859375 0.0732421875
0 0.1484375 0.201171875 0.068359375 0.05859375
0 0.0810546875 0.3486328125 0.0634765625 0.1123046875
0 0.1484375 0.3857421875 0.0791015625 0.083984375
0 0.1064453125 0.53515625 0.1064453125 0.052734375
0 0.109375 0.4765625 0.0869140625 0.064453125
0 0.4482421875 0.4521484375 0.0830078125 0.0908203125
0 0.5478515625 0.53515625 0.091796875 0.130859375
0 0.60546875 0.3173828125 0.095703125 0.087890625
0 0.6162109375 0.369140625 0.0615234375 0.048828125
0 0.5478515625 0.369140625 0.080078125 0.0546875
0 0.4306640625 0.294921875 0.0703125 0.0576171875
0 0.51171875 0.294921875 0.044921875 0.041015625
0 0.4931640625 0.228515625 0.083984375 0.09375
0 0.701171875 0.1025390625 0.0625 0.1025390625
0 0.556640625 0.14453125 0.064453125 0.04296875
0 0.5986328125 0.1962890625 0.103515625 0.080078125
0 0.67578125 0.201171875 0.0703125 0.060546875
0 0.73046875 0.31640625 0.0810546875 0.080078125
0 0.8583984375 0.36328125 0.0771484375 0.072265625
0 0.814453125 0.423828125 0.0732421875 0.0625
0 0.7880859375 0.5078125 0.0615234375 0.0771484375
0 0.87109375 0.4912109375 0.0751953125 0.080078125
0 1.0 0.6689453125 0.072265625 0.052734375
0 0.998046875 0.0654296875 0.0830078125 0.0654296875
0 1.0 0.1474609375 0.0380859375 0.0517578125
0 0.046875 0.984375 0.046875 0.04296875
0 0.1298828125 0.9912109375 0.068359375 0.0810546875
0 0.248046875 0.955078125 0.0712890625 0.0830078125
0 0.45703125 0.8583984375 0.1396484375 0.1630859375
0 0.55078125 1.0 0.06640625 0.041015625
0 0.228515625 0.70703125 0.1015625 0.06640625
0 0.6005859375 0.8388671875 0.09375 0.068359375
0 0.5498046875 0.9033203125 0.052734375 0.0615234375
0 0.7109375 0.9443359375 0.0556640625 0.0810546875
0 0.7294921875 0.9951171875 0.0791015625 0.064453125
0 0.9638671875 1.0 0.0595703125 0.0380859375
0 0.9052734375 0.728515625 0.044921875 0.064453125
0 0.9130859375 0.814453125 0.1318359375 0.06640625
0 0.98828125 0.8798828125 0.0908203125 0.0673828125
0 0.9052734375 0.8974609375 0.0595703125 0.0634765625
0 0.81640625 0.62109375 0.0771484375 0.0625
0 0.912109375 0.6650390625 0.0830078125 0.0859375
0 0.3544921875 0.4091796875 0.060546875 0.0634765625
0 0.68359375 0.7548828125 0.0703125 0.0654296875
0 0.513671875 0.6484375 0.0673828125 0.0517578125
0 0.5341796875 0.6171875 0.0517578125 0.0654296875
0 0.458984375 0.9990234375 0.0634765625 0.041015625
0 0.388671875 0.6533203125 0.07421875 0.0517578125
0 0.857421875 0.8388671875 0.08203125 0.0458984375
0 1.0 0.7548828125 0.06640625 0.064453125
