0 0.7744140625 0.2548828125 0.13671875 0.1103515625
0 0.033203125 0.7265625 0.033203125 0.095703125
0 0.51171875 0.3203125 0.0546875 0.103515625
0 0.5361328125 0.525390625 0.09765625 0.1376953125
0 0.8671875 0.3203125 0.126953125 0.1630859375
0 0.1826171875 0.9921875 0.1826171875 0.0595703125
0 0.1982421875 0.28515625 0.1474609375 0.1337890625
0 0.396484375 0.84375 0.1728515625 0.1142578125
0 0.7158203125 1.0 0.0810546875 0.05078125
0 0.701171875 0.046875 0.076171875 0.046875
0 0.4130859375 1.0 0.189453125 0.0625
0 0.498046875 0.189453125 0.0869140625 0.0908203125
0 0.7705078125 0.58984375 0.193359375 0.0888671875
0 0.2646484375 0.8505859375 0.2646484375 0.1962890625
0 0.9453125 0.17578125 0.1103515625 0.083984375
0 0.603515625 0.763671875 0.2880859375 0.162109375
0 0.4384765625 0.2880859375 0.0966796875 0.2255859375
0 1.0 0.5859375 0.1865234375 0.244140625
0 0.921875 0.7470703125 0.2041015625 0.1435546875
0 0.291015625 0.203125 0.1171875 0.1875
0 0.078125 0.06640625 0.064453125 0.06640625
0 0.9873046875 0.9482421875 0.080078125 0.1162109375
0 0.0361328125 0.27734375 0.0361328125 0.099609375
0 0.337890625 0.9638671875 0.19921875 0.0830078125
0 0.5966796875 0.8662109375 0.19921875 0.0966796875
0 0.1826171875 0.1826171875 0.1044921875 0.09765625
0 0.2138671875 0.9384765625 0.1689453125 0.076171875
0 0.970703125 0.5908203125 0.12109375 0.1611328125
0 0.693359375 0.337890625 0.052734375 0.134765625
