0 0.9091796875 0.25 0.1298828125 0.0830078125
0 0.341796875 0.2724609375 0.1220703125 0.078125
0 0.412109375 0.3369140625 0.0771484375 0.072265625
0 0.6640625 0.71484375 0.099609375 0.087890625
0 0.69921875 0.501953125 0.1171875 0.0771484375
0 0.1767578125 0.0546875 0.099609375 0.0546875
0 0.7802734375 0.4755859375 0.095703125 0.1044921875
0 0.8896484375 0.1552734375 0.115234375 0.09765625
0 0.1923828125 0.8515625 0.115234375 0.1015625
0 0.607421875 0.3349609375 0.10546875 0.080078125
0 0.716796875 0.7841796875 0.0849609375 0.08984375
0 0.9521484375 0.0517578125 0.1630859375 0.0517578125
0 0.609375 0.5517578125 0.08984375 0.080078125
0 0.2138671875 0.6494140625 0.109375 0.0791015625
0 0.046875 0.8271484375 0.046875 0.0751953125
0 0.62890625 0.830078125 0.0830078125 0.080078125
0 0.0048828125 0.5595703125 0.0048828125 0.080078125
0 0.1630859375 0.970703125 0.0771484375 0.0986328125
0 0.2578125 0.515625 0.0908203125 0.0625
0 0.697265625 0.099609375 0.0849609375 0.0654296875
0 0.529296875 0.70703125 0.091796875 0.0947265625
0 0.3974609375 0.1220703125 0.0927734375 0.0703125
0 0.4521484375 0.4794921875 0.125 0.1298828125
0 0.80078125 0.7109375 0.119140625 0.052734375
0 0.166015625 0.57421875 0.0703125 0.1044921875
0 0.5947265625 0.0546875 0.1123046875 0.0546875
0 0.7119140625 0.216796875 0.072265625 0.0751953125
0 0.814453125 0.6298828125 0.1396484375 0.078125
0 0.2734375 0.4521484375 0.078125 0.0634765625
0 0.6923828125 0.3994140625 0.1025390625 0.0869140625
0 0.7041015625 0.572265625 0.07421875 0.0673828125
0 0.5048828125 0.1494140625 0.0849609375 0.0546875
0 0.474609375 0.2548828125 0.0947265625 0.0751953125
0 0.5205078125 0.8984375 0.1044921875 0.10546875
0 0.9228515625 0.728515625 0.12890625 0.107421875
0 0.6298828125 0.1572265625 0.080078125 0.060546875
0 0.4248046875 0.5947265625 0.095703125 0.0703125
0 0.6123046875 0.6044921875 0.1201171875 0.080078125
0 0.0712890625 0.630859375 0.0712890625 0.1142578125
0 0.0654296875 1.0 0.0595703125 0.0791015625
0 0.7041015625 1.0 0.0791015625 0.0703125
0 0.9921875 0.634765625 0.1474609375 0.0751953125
0 0.482421875 1.0 0.08203125 0.0546875
0 0.1923828125 0.47265625 0.09375 0.0751953125
0 0.0556640625 0.4619140625 0.0556640625 0.0966796875
