0 0.1328125 0.66015625 0.0517578125 0.0693359375
0 0.181640625 0.623046875 0.0556640625 0.0546875
0 0.2421875 0.6005859375 0.0947265625 0.0673828125
0 0.267578125 0.5546875 0.05078125 0.0595703125
0 0.333984375 0.5068359375 0.0498046875 0.0478515625
0 0.193359375 0.6591796875 0.0537109375 0.0458984375
0 0.2939453125 0.6796875 0.0693359375 0.06640625
0 0.279296875 0.779296875 0.0595703125 0.0556640625
0 0.421875 0.619140625 0.076171875 0.0693359375
0 0.4619140625 0.6689453125 0.048828125 0.0791015625
0 0.412109375 0.681640625 0.0576171875 0.06640625
0 0.3916015625 0.7177734375 0.0703125 0.060546875
0 0.248046875 0.9140625 0.07421875 0.09375
0 0.0517578125 0.94140625 0.0517578125 0.107421875
0 0.1044921875 0.9853515625 0.060546875 0.0625
0 0.2861328125 1.0 0.0673828125 0.0478515625
0 0.97265625 0.166015625 0.0947265625 0.0810546875
0 0.78515625 0.28125 0.0751953125 0.0537109375
0 0.7822265625 0.1923828125 0.09765625 0.0732421875
0 0.63671875 0.4951171875 0.0595703125 0.056640625
0 0.8818359375 0.583984375 0.0703125 0.0654296875
0 0.869140625 0.6279296875 0.0546875 0.0478515625
0 0.876953125 0.4755859375 0.068359375 0.0751953125
0 0.767578125 0.71484375 0.076171875 0.0595703125
0 0.7783203125 0.7900390625 0.0595703125 0.06640625
0 0.6494140625 0.6943359375 0.0751953125 0.0634765625
0 0.7109375 0.6396484375 0.0654296875 0.0546875
0 0.7119140625 0.587890625 0.056640625 0.07421875
0 0.662109375 0.59765625 0.056640625 0.0625
0 0.6943359375 1.0 0.0791015625 0.0673828125
0 0.8740234375 0.9765625 0.0908203125 0.1328125
0 0.400390625 0.2529296875 0.0771484375 0.0869140625
0 0.2353515625 0.2763671875 0.068359375 0.1015625
0 0.283203125 0.283203125 0.0634765625 0.0654296875
0 0.3515625 0.193359375 0.0849609375 0.0693359375
0 0.2939453125 0.0439453125 0.126953125 0.0439453125
0 0.5732421875 0.08203125 0.0625 0.08203125
0 0.0859375 0.109375 0.0859375 0.087890625
0 0.91796875 0.6279296875 0.052734375 0.0576171875
0 0.5712890625 0.8095703125 0.0625 0.0732421875
0 0.67578125 0.044921875 0.0830078125 0.044921875
0 0.69921875 0.49609375 0.0595703125 0.0634765625
0 0.5087890625 0.6259765625 0.05078125 0.0693359375
0 0.396484375 0.0224609375 0.0458984375 0.0224609375
0 0.3369140625 0.126953125 0.041015625 0.0341796875
0 0.294921875 0.1279296875 0.0478515625 0.0419921875
0 0.1396484375 0.111328125 0.0498046875 0.0751953125
0 0.3818359375 0.7646484375 0.052734375 0.0537109375
0 0.1904296875 0.9951171875 0.044921875 0.037109375
0 0.177734375 1.0 0.076171875 0.025390625
0 0.0205078125 0.5078125 0.0205078125 0.060546875
