0 0.1259765625 0.12109375 0.08203125 0.0869140625
0 0.26171875 0.2275390625 0.078125 0.0791015625
0 0.322265625 0.2353515625 0.0634765625 0.0615234375
0 0.4638671875 0.2001953125 0.068359375 0.064453125
0 0.45703125 0.10546875 0.0615234375 0.0634765625
0 0.5185546875 0.1083984375 0.0703125 0.0576171875
0 0.728515625 0.1806640625 0.0791015625 0.0712890625
0 0.087890625 0.5634765625 0.0771484375 0.0712890625
0 0.2392578125 0.5478515625 0.0654296875 0.0556640625
0 0.158203125 0.6181640625 0.0693359375 0.08203125
0 0.251953125 0.6328125 0.107421875 0.07421875
0 0.1552734375 0.6787109375 0.0849609375 0.0693359375
0 0.1689453125 0.7568359375 0.080078125 0.06640625
0 0.47265625 0.669921875 0.0712890625 0.0595703125
0 0.5244140625 0.73046875 0.1025390625 0.06640625
0 0.478515625 0.81640625 0.068359375 0.0693359375
0 0.611328125 0.5380859375 0.08984375 0.08984375
0 0.6337890625 0.490234375 0.0751953125 0.123046875
0 0.7001953125 0.4794921875 0.0751953125 0.0810546875
0 0.7470703125 0.6474609375 0.095703125 0.07421875
0 0.927734375 0.9853515625 0.0625 0.076171875
0 0.5927734375 1.0 0.0927734375 0.0341796875
0 0.8515625 0.5810546875 0.0673828125 0.0625
0 0.935546875 0.5439453125 0.087890625 0.05859375
0 0.9990234375 0.5986328125 0.083984375 0.072265625
0 0.9365234375 0.45703125 0.0859375 0.0859375
0 0.830078125 0.197265625 0.0595703125 0.0576171875
0 0.884765625 0.091796875 0.0546875 0.064453125
0 0.9677734375 0.1201171875 0.06640625 0.068359375
0 0.9296875 0.15625 0.068359375 0.0625
0 0.2392578125 0.0341796875 0.0888671875 0.0341796875
0 0.654296875 0.029296875 0.052734375 0.029296875
