0 0.0576171875 0.712890625 0.0576171875 0.091796875
0 0.1044921875 0.84375 0.060546875 0.0546875
0 0.1796875 0.859375 0.07421875 0.0654296875
0 0.1552734375 0.912109375 0.0556640625 0.0546875
0 0.0859375 0.9150390625 0.0595703125 0.056640625
0 0.2900390625 0.8720703125 0.1103515625 0.0732421875
0 0.4013671875 0.71875 0.0771484375 0.08203125
0 0.53125 0.875 0.080078125 0.0712890625
0 0.060546875 0.365234375 0.060546875 0.0771484375
0 0.087890625 0.2880859375 0.0849609375 0.072265625
0 0.228515625 0.3876953125 0.0703125 0.068359375
0 0.1650390625 0.3486328125 0.0654296875 0.12109375
0 0.2392578125 0.302734375 0.0751953125 0.0732421875
0 0.29296875 0.271484375 0.0732421875 0.103515625
0 0.345703125 0.271484375 0.0712890625 0.076171875
0 0.419921875 0.279296875 0.080078125 0.0830078125
0 0.337890625 0.19140625 0.064453125 0.0966796875
0 0.330078125 0.125 0.06640625 0.0654296875
0 0.2119140625 0.4970703125 0.076171875 0.0732421875
0 0.3837890625 0.498046875 0.080078125 0.0712890625
0 0.58984375 0.369140625 0.078125 0.064453125
0 0.857421875 0.9013671875 0.0732421875 0.0927734375
0 0.8232421875 0.982421875 0.064453125 0.0712890625
0 0.7041015625 0.91796875 0.0859375 0.0537109375
0 0.6962890625 0.9873046875 0.0712890625 0.05859375
0 0.7783203125 0.822265625 0.0732421875 0.0546875
0 0.94921875 0.8251953125 0.0615234375 0.064453125
0 0.6904296875 0.603515625 0.0908203125 0.0751953125
0 0.779296875 0.5048828125 0.0859375 0.0732421875
0 0.9287109375 0.4404296875 0.103515625 0.0693359375
0 1.0 0.4189453125 0.0478515625 0.07421875
0 0.9716796875 0.388671875 0.08203125 0.0654296875
0 0.9873046875 0.498046875 0.06640625 0.0732421875
0 1.0 0.2939453125 0.0419921875 0.0712890625
0 0.802734375 0.337890625 0.0751953125 0.0966796875
0 0.8759765625 0.3046875 0.0703125 0.0810546875
0 0.8759765625 0.189453125 0.076171875 0.0869140625
0 0.6982421875 0.2548828125 0.060546875 0.095703125
0 0.798828125 0.2333984375 0.0869140625 0.0625
0 0.9794921875 0.0595703125 0.09765625 0.056640625
0 0.7978515625 0.1962890625 0.04296875 0.06640625
0 0.1875 0.255859375 0.0888671875 0.080078125
0 0.904296875 0.9375 0.0732421875 0.078125
0 0.7783203125 0.8935546875 0.07421875 0.078125
0 0.10546875 0.3564453125 0.0615234375 0.076171875
0 0.7646484375 0.5615234375 0.0732421875 0.06640625
0 0.66796875 0.212890625 0.0595703125 0.0625
0 0.8388671875 0.0361328125 0.0888671875 0.0361328125
0 0.8984375 0.0322265625 0.0576171875 0.0322265625
