0 0.33984375 0.912109375 0.16015625 0.0849609375
0 0.0625 0.876953125 0.0625 0.099609375
0 0.6123046875 0.7021484375 0.1025390625 0.0478515625
0 0.232421875 0.7919921875 0.095703125 0.107421875
0 0.857421875 0.572265625 0.1474609375 0.0556640625
0 0.6669921875 0.8466796875 0.0927734375 0.0673828125
0 0.732421875 0.95703125 0.1181640625 0.0625
0 0.154296875 0.90234375 0.08203125 0.0654296875
0 0.1767578125 0.4541015625 0.125 0.072265625
0 0.375 0.2724609375 0.1357421875 0.0732421875
0 0.9267578125 0.8818359375 0.171875 0.080078125
0 0.4375 0.6796875 0.185546875 0.0751953125
0 1.0 0.26953125 0.2001953125 0.0673828125
0 0.3466796875 0.4521484375 0.091796875 0.052734375
0 0.6796875 0.76953125 0.0703125 0.0595703125
0 0.69921875 0.5390625 0.080078125 0.0693359375
0 0.751953125 0.2841796875 0.0625 0.099609375
0 0.8017578125 0.4794921875 0.0771484375 0.0498046875
0 0.4345703125 0.384765625 0.224609375 0.0576171875
0 1.0 0.6591796875 0.1708984375 0.072265625
0 0.671875 0.162109375 0.0546875 0.0576171875
0 0.431640625 0.349609375 0.119140625 0.0546875
0 0.33984375 0.3193359375 0.1328125 0.046875
0 0.9296875 0.224609375 0.1171875 0.044921875
0 0.7119140625 0.3896484375 0.08984375 0.060546875
0 0.119140625 1.0 0.119140625 0.0830078125
0 1.0 0.3916015625 0.150390625 0.0673828125
0 0.1044921875 0.6318359375 0.0595703125 0.1494140625
0 0.8173828125 0.421875 0.1552734375 0.0751953125
0 0.3125 0.189453125 0.0908203125 0.1669921875
0 0.2373046875 0.8515625 0.0673828125 0.056640625
0 0.9970703125 0.732421875 0.16796875 0.09765625
0 0.2666015625 0.189453125 0.1318359375 0.1572265625
0 0.447265625 0.1845703125 0.15234375 0.0625
0 0.1591796875 0.7197265625 0.1025390625 0.09765625
0 0.39453125 0.609375 0.1845703125 0.126953125
0 0.056640625 0.7041015625 0.0517578125 0.0498046875
0 0.0498046875 0.6396484375 0.0498046875 0.080078125
0 0.4169921875 0.1474609375 0.1748046875 0.0556640625
0 1.0 0.1591796875 0.1279296875 0.1044921875
0 0.5322265625 0.064453125 0.115234375 0.0625
0 0.4248046875 0.0673828125 0.1005859375 0.0654296875
0 0.126953125 0.732421875 0.0625 0.0478515625
0 0.1142578125 0.6396484375 0.0771484375 0.1025390625
0 0.2294921875 0.654296875 0.1826171875 0.0400390625
0 1.0 0.0869140625 0.07421875 0.0830078125
0 0.8720703125 0.369140625 0.0751953125 0.0419921875
0 0.244140625 0.806640625 0.08203125 0.0341796875
0 0.3349609375 0.63671875 0.0830078125 0.0400390625
0 0.2216796875 0.07421875 0.064453125 0.072265625
0 0.9970703125 0.439453125 0.1220703125 0.1669921875
0 0.9423828125 0.6015625 0.0849609375 0.0419921875
0 1.0 0.546875 0.03515625 0.0673828125
0 1.0 0.7373046875 0.0751953125 0.044921875
0 1.0 0.8193359375 0.068359375 0.0302734375
0 1.0 0.7998046875 0.0703125 0.03515625
0 1.0 0.974609375 0.1826171875 0.1171875
0 1.0 0.169921875 0.193359375 0.10546875
0 1.0 0.3271484375 0.0302734375 0.044921875
