0 0.578125 0.0732421875 0.08984375 0.0732421875
0 0.33203125 0.189453125 0.09375 0.09765625
0 0.5673828125 0.2548828125 0.080078125 0.1455078125
0 0.5009765625 0.3291015625 0.1259765625 0.076171875
0 0.40625 0.4267578125 0.1123046875 0.119140625
0 0.19140625 0.5087890625 0.1064453125 0.0732421875
0 0.51953125 0.5947265625 0.0751953125 0.0712890625
0 0.3935546875 0.6416015625 0.16015625 0.0888671875
0 0.3935546875 0.7587890625 0.1513671875 0.0986328125
0 0.1865234375 0.75 0.119140625 0.0576171875
0 0.7294921875 0.7041015625 0.1630859375 0.0947265625
0 0.666015625 0.796875 0.138671875 0.0986328125
0 0.7314453125 0.8212890625 0.0810546875 0.0810546875
0 0.9599609375 0.6748046875 0.1484375 0.0908203125
0 0.171875 0.81640625 0.068359375 0.064453125
0 0.0791015625 0.7919921875 0.0791015625 0.0673828125
0 0.576171875 0.9697265625 0.162109375 0.1025390625
0 0.927734375 0.9970703125 0.0556640625 0.09765625
0 0.7568359375 0.1181640625 0.0966796875 0.1181640625
0 0.0595703125 0.5810546875 0.0595703125 0.07421875
0 0.568359375 0.25390625 0.1298828125 0.06640625
0 0.0625 0.720703125 0.0625 0.099609375
0 0.1630859375 0.724609375 0.1630859375 0.1318359375
