0 1.0 0.2353515625 0.0361328125 0.0908203125
0 0.126953125 0.6494140625 0.064453125 0.091796875
0 0.8818359375 1.0 0.078125 0.1083984375
0 0.1337890625 0.185546875 0.0810546875 0.08984375
0 0.783203125 0.2177734375 0.048828125 0.091796875
0 1.0 0.65625 0.0810546875 0.0625
0 0.6005859375 0.3876953125 0.0693359375 0.095703125
0 0.9990234375 0.5625 0.0390625 0.0654296875
0 0.2626953125 0.0693359375 0.0869140625 0.0693359375
0 0.9423828125 0.0888671875 0.1220703125 0.0546875
0 0.7109375 0.6015625 0.046875 0.0869140625
0 0.1298828125 0.5 0.1298828125 0.0751953125
0 0.736328125 0.173828125 0.0419921875 0.1005859375
0 1.0 0.4814453125 0.03515625 0.0546875
0 0.767578125 0.443359375 0.1025390625 0.05078125
0 0.6181640625 0.875 0.1142578125 0.0810546875
0 0.615234375 0.708984375 0.0703125 0.05078125
0 0.8779296875 0.36328125 0.0810546875 0.0361328125
0 0.2822265625 0.45703125 0.15234375 0.078125
0 0.0625 0.5517578125 0.0625 0.09375
0 0.9990234375 0.0634765625 0.052734375 0.0634765625
0 0.607421875 0.5244140625 0.0849609375 0.0771484375
0 0.470703125 0.78125 0.068359375 0.0986328125
0 0.6845703125 0.0986328125 0.09765625 0.06640625
0 0.5556640625 0.1748046875 0.09765625 0.0966796875
0 0.8740234375 0.1904296875 0.1201171875 0.1015625
0 1.0 0.4140625 0.017578125 0.0712890625
0 0.0751953125 0.1728515625 0.060546875 0.06640625
0 0.9296875 0.5673828125 0.056640625 0.07421875
0 0.779296875 0.8583984375 0.0439453125 0.0595703125
0 0.6494140625 0.150390625 0.044921875 0.0615234375
0 0.595703125 1.0 0.08984375 0.044921875
0 0.9873046875 0.4150390625 0.033203125 0.0927734375
0 0.8916015625 0.2578125 0.037109375 0.0693359375
0 0.0771484375 0.8095703125 0.0771484375 0.048828125
0 0.1064453125 0.96484375 0.1025390625 0.037109375
0 0.8701171875 0.541015625 0.048828125 0.0732421875
0 0.5322265625 0.94921875 0.0556640625 0.0458984375
0 0.44921875 0.3583984375 0.1025390625 0.0771484375
0 0.6181640625 0.51953125 0.06640625 0.072265625
0 0.5966796875 0.1015625 0.07421875 0.1015625
0 1.0 0.17578125 0.0166015625 0.05859375
0 1.0 0.9033203125 0.0283203125 0.05859375
0 0.7197265625 0.845703125 0.0576171875 0.04296875
0 0.4560546875 0.583984375 0.072265625 0.0419921875
0 0.927734375 0.1728515625 0.0478515625 0.0517578125
0 0.390625 0.5859375 0.09765625 0.046875
0 0.056640625 0.9189453125 0.0556640625 0.0322265625
0 0.4658203125 0.1103515625 0.037109375 0.0458984375
0 0.609375 0.123046875 0.0693359375 0.123046875
0 0.79296875 0.4287109375 0.03515625 0.044921875
0 0.44921875 0.837890625 0.0791015625 0.0439453125
0 0.1328125 0.5908203125 0.1328125 0.0380859375
0 0.349609375 0.6259765625 0.0556640625 0.08984375
0 0.7060546875 1.0 0.0341796875 0.0283203125
0 0.5498046875 0.8935546875 0.107421875 0.0673828125
0 0.51953125 0.6357421875 0.1064453125 0.150390625
0 0.421875 0.5537109375 0.1376953125 0.04296875
0 0.9501953125 0.2607421875 0.0546875 0.0634765625
0 0.4931640625 0.8408203125 0.05078125 0.0517578125
0 0.84765625 0.47265625 0.060546875 0.0439453125
0 0.4541015625 0.390625 0.09375 0.0703125
0 0.4091796875 0.7529296875 0.0576171875 0.033203125
0 0.150390625 0.15625 0.0634765625 0.064453125
0 0.326171875 0.640625 0.09375 0.056640625
0 0.177734375 0.3203125 0.1767578125 0.0966796875
0 0.7314453125 0.9384765625 0.0458984375 0.0390625
0 0.62109375 0.80859375 0.0439453125 0.0419921875
0 0.806640625 0.5986328125 0.0576171875 0.0849609375
0 0.970703125 0.5537109375 0.1728515625 0.0615234375
0 0.830078125 0.4306640625 0.0458984375 0.03515625
