0 0.64453125 0.6865234375 0.0859375 0.1552734375
0 0.689453125 0.7197265625 0.0537109375 0.05859375
0 0.837890625 0.7197265625 0.087890625 0.0693359375
0 0.849609375 0.7939453125 0.0751953125 0.080078125
0 0.865234375 0.8671875 0.1064453125 0.0732421875
0 1.0 0.9892578125 0.076171875 0.0927734375
0 0.8564453125 0.259765625 0.0859375 0.0947265625
0 1.0 0.1904296875 0.109375 0.0751953125
0 0.947265625 0.06640625 0.0869140625 0.06640625
0 0.9990234375 0.06640625 0.0302734375 0.0625
0 0.71484375 0.26953125 0.0849609375 0.099609375
0 0.59375 0.33984375 0.0791015625 0.0986328125
0 0.458984375 0.201171875 0.06640625 0.1171875
0 0.158203125 0.9716796875 0.0908203125 0.0673828125
0 0.2841796875 0.15234375 0.0947265625 0.0751953125
0 0.1865234375 0.1494140625 0.0693359375 0.0732421875
0 0.109375 0.1640625 0.0771484375 0.11328125
0 0.2041015625 0.2919921875 0.1181640625 0.0517578125
0 0.0810546875 0.3466796875 0.0751953125 0.0849609375
0 0.2685546875 0.4375 0.072265625 0.07421875
0 0.2578125 0.3642578125 0.083984375 0.0517578125
0 0.1044921875 0.755859375 0.0732421875 0.078125
0 0.3134765625 0.8603515625 0.0029296875 0.001953125
0 0.294921875 0.8291015625 0.0771484375 0.0859375
0 0.48828125 0.779296875 0.1123046875 0.08203125
0 0.2470703125 0.9130859375 0.072265625 0.064453125
0 0.2431640625 0.95703125 0.0654296875 0.0498046875
0 0.087890625 0.9921875 0.0673828125 0.09765625
0 0.7548828125 0.9599609375 0.0791015625 0.091796875
0 0.9150390625 0.9892578125 0.0751953125 0.0966796875
0 0.4853515625 0.3125 0.0810546875 0.0732421875
0 0.58984375 0.4853515625 0.056640625 0.0517578125
0 0.65625 0.7255859375 0.04296875 0.0439453125
0 0.587890625 0.619140625 0.037109375 0.0791015625
0 0.59765625 0.1708984375 0.0712890625 0.0712890625
