0 0.3271484375 0.79296875 0.0810546875 0.0869140625
0 0.296875 0.1865234375 0.072265625 0.15234375
0 0.107421875 0.80859375 0.0947265625 0.0654296875
0 0.8544921875 0.45703125 0.0751953125 0.1259765625
0 0.9462890625 0.201171875 0.0390625 0.0751953125
0 1.0 0.423828125 0.015625 0.05078125
0 0.9345703125 0.490234375 0.08203125 0.091796875
0 0.1845703125 0.5751953125 0.1025390625 0.0458984375
0 0.45703125 0.146484375 0.1044921875 0.1044921875
0 0.3994140625 0.80859375 0.068359375 0.0556640625
0 0.87109375 0.201171875 0.1044921875 0.072265625
0 0.3369140625 0.8837890625 0.06640625 0.0673828125
0 0.6337890625 0.2373046875 0.048828125 0.0927734375
0 0.50390625 0.234375 0.107421875 0.091796875
0 0.30078125 0.876953125 0.15625 0.05078125
0 0.615234375 0.154296875 0.078125 0.072265625
0 1.0 0.1875 0.0302734375 0.083984375
0 0.62109375 0.7744140625 0.0849609375 0.0791015625
0 0.830078125 0.5390625 0.0615234375 0.0751953125
0 0.771484375 0.83984375 0.0693359375 0.0654296875
0 1.0 0.5078125 0.0693359375 0.0654296875
0 0.3193359375 0.4599609375 0.0986328125 0.119140625
0 0.5185546875 0.552734375 0.0615234375 0.05859375
0 0.4755859375 0.884765625 0.072265625 0.0517578125
0 0.2470703125 0.1923828125 0.0986328125 0.0810546875
0 0.06640625 0.119140625 0.0517578125 0.11328125
0 0.78125 0.6171875 0.0947265625 0.0439453125
0 0.3955078125 0.28125 0.083984375 0.052734375
0 0.1064453125 0.591796875 0.0830078125 0.05078125
0 0.3291015625 0.09375 0.1025390625 0.0771484375
0 0.7490234375 0.91796875 0.04296875 0.0625
0 0.4169921875 0.62109375 0.0771484375 0.0712890625
0 0.1875 0.19140625 0.162109375 0.068359375
0 0.80859375 0.591796875 0.0986328125 0.0537109375
0 0.5556640625 0.478515625 0.1005859375 0.064453125
0 0.8994140625 0.6630859375 0.080078125 0.041015625
0 0.85546875 0.392578125 0.0615234375 0.0888671875
0 0.21484375 0.5224609375 0.1826171875 0.078125
0 0.56640625 0.822265625 0.072265625 0.0546875
0 0.84765625 0.5185546875 0.068359375 0.1298828125
0 0.7099609375 0.478515625 0.0341796875 0.0908203125
0 0.607421875 0.1279296875 0.07421875 0.1259765625
0 0.806640625 0.8408203125 0.0595703125 0.06640625
0 0.39453125 0.9609375 0.0791015625 0.0322265625
0 0.978515625 0.0654296875 0.076171875 0.064453125
0 0.0341796875 0.455078125 0.0341796875 0.078125
0 0.1025390625 0.708984375 0.0859375 0.033203125
0 0.2919921875 0.666015625 0.07421875 0.0341796875
0 1.0 0.91015625 0.0595703125 0.0283203125
0 0.994140625 0.544921875 0.076171875 0.029296875
0 0.62890625 0.69140625 0.076171875 0.033203125
0 0.173828125 0.9462890625 0.1181640625 0.0224609375
0 1.0 0.6279296875 0.0166015625 0.0712890625
0 0.517578125 0.6728515625 0.0712890625 0.0439453125
0 0.48828125 0.36806640625 0.08378906250000001 0.048632812499999956
0 0.47265625 0.9111328125 0.0634765625 0.02734375
0 0.390625 0.5517578125 0.1044921875 0.05078125
0 0.4736328125 0.580078125 0.0849609375 0.09375
0 0.814453125 0.6650390625 0.1005859375 0.04296875
0 0.263671875 0.345703125 0.072265625 0.048828125
0 0.044921875 0.9140625 0.044921875 0.0302734375
0 0.7236328125 0.2060546875 0.0546875 0.04296875
0 0.228515625 0.361328125 0.1083984375 0.04296875
0 0.185546875 0.708984375 0.0888671875 0.037109375
0 0.791015625 0.08203125 0.048828125 0.0498046875
0 0.396484375 0.5751953125 0.0703125 0.0341796875
0 0.61328125 0.14453125 0.078125 0.0966796875
0 0.3671875 0.150390625 0.095703125 0.0400390625
0 0.787109375 0.46875 0.0712890625 0.029296875
0 0.400390625 0.529296875 0.0341796875 0.08203125
0 0.556640625 0.494140625 0.08203125 0.0546875
0 0.90234375 0.53515625 0.068359375 0.044921875
0 0.1328125 0.1435546875 0.0927734375 0.0595703125
0 0.23046875 0.212890625 0.08203125 0.05859375
0 0.5703125 0.3671875 0.09375 0.0361328125
