0 0.9404296875 0.87890625 0.0869140625 0.09765625
0 0.9296875 0.78515625 0.083984375 0.08984375
0 0.7958984375 0.7177734375 0.0771484375 0.0732421875
0 0.755859375 0.8857421875 0.0703125 0.1171875
0 0.6904296875 0.8642578125 0.0498046875 0.0986328125
0 0.419921875 0.794921875 0.078125 0.146484375
0 0.3564453125 1.0 0.1171875 0.107421875
0 0.236328125 0.92578125 0.0478515625 0.083984375
0 0.1318359375 0.7919921875 0.07421875 0.0634765625
0 0.6259765625 0.7626953125 0.078125 0.0927734375
0 0.71484375 0.6337890625 0.080078125 0.0654296875
0 0.83203125 0.6259765625 0.0888671875 0.0751953125
0 0.7939453125 0.560546875 0.056640625 0.0634765625
0 0.71484375 0.5419921875 0.072265625 0.08984375
0 0.7578125 0.2705078125 0.0966796875 0.095703125
0 0.892578125 0.3388671875 0.08203125 0.09375
0 0.955078125 0.349609375 0.08984375 0.1103515625
0 1.0 0.119140625 0.06640625 0.1015625
0 0.6376953125 0.1376953125 0.064453125 0.0908203125
0 0.564453125 0.2197265625 0.0751953125 0.107421875
0 0.509765625 0.3505859375 0.0625 0.095703125
0 0.5625 0.3857421875 0.109375 0.0771484375
0 0.517578125 0.4482421875 0.1318359375 0.06640625
0 0.4560546875 0.521484375 0.0986328125 0.0693359375
0 0.3896484375 0.537109375 0.1171875 0.0810546875
0 0.1171875 0.404296875 0.095703125 0.0791015625
0 0.26953125 0.2939453125 0.0654296875 0.0966796875
0 0.4052734375 0.15234375 0.1533203125 0.0771484375
0 0.3857421875 0.2109375 0.0751953125 0.0810546875
0 0.31640625 0.060546875 0.08984375 0.060546875
0 0.2958984375 0.1083984375 0.103515625 0.0712890625
0 0.119140625 0.1904296875 0.119140625 0.0693359375
0 0.115234375 0.509765625 0.0712890625 0.068359375
0 0.0771484375 0.623046875 0.0771484375 0.10546875
0 0.9375 0.130859375 0.0634765625 0.0625
0 0.73046875 0.4091796875 0.08984375 0.1298828125
0 0.6533203125 0.4384765625 0.0546875 0.0693359375
0 0.3642578125 0.3544921875 0.0634765625 0.06640625
0 0.271484375 0.412109375 0.0703125 0.0849609375
0 0.203125 0.20703125 0.08203125 0.0693359375
0 0.8798828125 0.9638671875 0.07421875 0.0703125
0 0.568359375 0.41015625 0.0712890625 0.0625
0 0.6787109375 0.9990234375 0.1025390625 0.0810546875
0 0.8662109375 0.2646484375 0.0625 0.0712890625
0 0.791015625 0.474609375 0.0615234375 0.076171875
