0 0.779296875 0.810546875 0.0546875 0.0859375
0 0.6630859375 0.1435546875 0.05859375 0.1015625
0 0.4140625 0.5810546875 0.0830078125 0.064453125
0 0.1669921875 0.8681640625 0.05078125 0.083984375
0 0.083984375 0.1357421875 0.0537109375 0.0859375
0 0.7900390625 0.5 0.0478515625 0.07421875
0 1.0 0.0888671875 0.0498046875 0.0771484375
0 0.7900390625 0.2373046875 0.044921875 0.08984375
0 0.048828125 0.8017578125 0.048828125 0.078125
0 0.1064453125 0.732421875 0.0712890625 0.12109375
0 0.1962890625 0.8369140625 0.05859375 0.0693359375
0 0.87109375 0.3193359375 0.078125 0.0556640625
0 0.1796875 0.1865234375 0.0546875 0.080078125
0 0.9814453125 0.5205078125 0.0400390625 0.080078125
0 0.759765625 0.388671875 0.046875 0.0732421875
0 0.171875 0.6142578125 0.0634765625 0.05078125
0 0.1357421875 0.669921875 0.068359375 0.0546875
0 0.91796875 0.5439453125 0.052734375 0.078125
0 0.3046875 0.2060546875 0.091796875 0.0341796875
0 0.0302734375 0.8154296875 0.0302734375 0.0439453125
0 0.3740234375 0.4091796875 0.0283203125 0.076171875
0 1.0 0.8779296875 0.052734375 0.0673828125
0 0.826171875 0.419921875 0.0546875 0.07421875
0 0.1904296875 0.5810546875 0.052734375 0.0654296875
0 0.6318359375 0.306640625 0.0751953125 0.0751953125
0 0.9892578125 0.9501953125 0.0546875 0.0361328125
0 0.4208984375 0.5419921875 0.05859375 0.052734375
0 0.220703125 0.1728515625 0.06640625 0.0693359375
0 0.35546875 0.419921875 0.072265625 0.02734375
0 0.6083984375 0.822265625 0.0341796875 0.0947265625
0 0.619140625 0.9697265625 0.0634765625 0.0234375
0 0.533203125 0.345703125 0.0673828125 0.0498046875
0 0.5732421875 0.1826171875 0.03125 0.07421875
0 0.5927734375 0.6376953125 0.046875 0.056640625
0 0.015625 0.5556640625 0.015625 0.0654296875
0 0.6904296875 0.6259765625 0.0458984375 0.0654296875
0 0.69140625 0.3623046875 0.033203125 0.0693359375
0 0.5244140625 0.0419921875 0.0810546875 0.033203125
0 0.658203125 0.2236328125 0.068359375 0.041015625
0 0.578125 0.671875 0.0859375 0.044921875
0 0.951171875 0.662109375 0.0625 0.0322265625
0 0.228515625 0.71875 0.08203125 0.044921875
0 0.2099609375 0.2177734375 0.083984375 0.0341796875
0 0.1005859375 0.2763671875 0.0400390625 0.056640625
0 0.8994140625 0.2236328125 0.033203125 0.095703125
0 0.833984375 0.873046875 0.0263671875 0.068359375
0 0.1796875 0.28515625 0.0478515625 0.0390625
0 0.4453125 0.0537109375 0.0693359375 0.0380859375
0 1.0 0.3544921875 0.0322265625 0.068359375
0 0.8486328125 0.287109375 0.0478515625 0.05859375
0 0.6337890625 0.896484375 0.0625 0.0166015625
0 0.6181640625 0.7490234375 0.056640625 0.048828125
0 0.8271484375 0.5771484375 0.0595703125 0.025390625
0 0.85546875 0.978515625 0.0341796875 0.064453125
0 0.3544921875 0.919921875 0.1396484375 0.0322265625
0 0.5625 0.3544921875 0.033203125 0.0869140625
0 0.40625 0.998046875 0.0322265625 0.0341796875
0 0.6337890625 0.6337890625 0.0380859375 0.05859375
0 0.7724609375 0.658203125 0.0634765625 0.017578125
0 0.998046875 0.2607421875 0.041015625 0.037109375
0 0.7861328125 0.4033203125 0.029296875 0.076171875
0 0.708984375 0.673828125 0.0546875 0.0185546875
0 0.392578125 0.0224609375 0.05078125 0.0224609375
0 0.8154296875 0.9423828125 0.046875 0.03515625
0 0.0966796875 0.9111328125 0.091796875 0.0439453125
0 0.1298828125 0.2705078125 0.0458984375 0.0498046875
0 1.0 0.2646484375 0.0419921875 0.029296875
0 0.4130859375 0.92578125 0.0576171875 0.0234375
0 0.0712890625 0.595703125 0.0712890625 0.0498046875
0 0.8291015625 0.697265625 0.0419921875 0.0361328125
0 0.01171875 0.5810546875 0.01171875 0.017578125
0 0.4912109375 0.5986328125 0.033203125 0.04296875
0 0.560546875 0.716796875 0.0517578125 0.037109375
0 0.7451171875 0.57421875 0.0439453125 0.0390625
0 0.82421875 0.576171875 0.0556640625 0.04296875
0 0.396484375 0.9501953125 0.0791015625 0.02734375
0 0.142578125 0.9814453125 0.0458984375 0.0546875
0 1.0 0.185546875 0.0234375 0.0517578125
0 0.126953125 0.802734375 0.0341796875 0.0390625
