0 0.111328125 0.0576171875 0.068359375 0.0576171875
0 0.1728515625 0.0390625 0.060546875 0.0390625
0 0.6005859375 0.0537109375 0.0537109375 0.0537109375
0 0.6416015625 0.1123046875 0.0712890625 0.0654296875
0 0.697265625 0.1142578125 0.064453125 0.05859375
0 0.8447265625 0.1044921875 0.056640625 0.0546875
0 0.0546875 0.4189453125 0.0517578125 0.07421875
0 0.22265625 0.3623046875 0.064453125 0.0751953125
0 0.314453125 0.37890625 0.0751953125 0.0888671875
0 0.4775390625 0.3525390625 0.06640625 0.0625
0 0.3955078125 0.419921875 0.05859375 0.0693359375
0 0.1376953125 0.5341796875 0.0625 0.0625
0 0.162109375 0.603515625 0.080078125 0.08203125
0 0.05859375 0.6298828125 0.05859375 0.0830078125
0 0.33984375 0.541015625 0.0654296875 0.0791015625
0 0.431640625 0.5244140625 0.0625 0.08203125
0 0.40625 0.5771484375 0.0869140625 0.1162109375
0 0.501953125 0.552734375 0.0576171875 0.06640625
0 0.66796875 0.4765625 0.05078125 0.060546875
0 0.5888671875 0.478515625 0.0625 0.05078125
0 0.7626953125 0.4462890625 0.0810546875 0.0712890625
0 0.767578125 0.5771484375 0.0947265625 0.0693359375
0 0.75390625 0.6689453125 0.083984375 0.056640625
0 0.93359375 0.4306640625 0.125 0.109375
0 0.9208984375 0.5634765625 0.0859375 0.1064453125
0 0.8955078125 0.6201171875 0.06640625 0.0595703125
0 0.96875 0.6337890625 0.0595703125 0.0703125
0 1.0 0.794921875 0.1005859375 0.0771484375
0 0.578125 0.8623046875 0.0771484375 0.0751953125
0 0.71484375 0.8916015625 0.138671875 0.0810546875
0 0.80859375 0.8779296875 0.0810546875 0.0751953125
0 0.365234375 0.8447265625 0.06640625 0.0751953125
0 0.314453125 0.87109375 0.0849609375 0.0615234375
0 0.1982421875 0.8349609375 0.076171875 0.0625
0 0.0546875 0.9765625 0.0517578125 0.0654296875
0 0.4716796875 1.0 0.072265625 0.0458984375
0 0.7041015625 1.0 0.1103515625 0.0458984375
0 0.8720703125 0.970703125 0.064453125 0.0556640625
0 0.4853515625 0.07421875 0.0498046875 0.0361328125
0 0.8837890625 1.0 0.0380859375 0.01953125
