0 0.884765625 0.5673828125 0.08984375 0.115234375
0 0.7041015625 0.95703125 0.07421875 0.0654296875
0 0.0810546875 0.73046875 0.06640625 0.0654296875
0 0.8798828125 0.9072265625 0.08203125 0.0703125
0 0.8291015625 0.994140625 0.08203125 0.072265625
0 0.94921875 0.8095703125 0.0830078125 0.1015625
0 0.6220703125 0.9140625 0.0732421875 0.0615234375
0 0.96875 0.4716796875 0.068359375 0.1474609375
0 0.8935546875 0.4443359375 0.0517578125 0.0732421875
0 0.859375 0.8037109375 0.0712890625 0.07421875
0 0.966796875 0.708984375 0.1123046875 0.076171875
0 0.830078125 0.6767578125 0.0751953125 0.080078125
0 0.8349609375 0.482421875 0.060546875 0.0927734375
0 0.77734375 0.919921875 0.09765625 0.080078125
0 0.798828125 0.5478515625 0.0693359375 0.080078125
0 0.970703125 0.84765625 0.1318359375 0.0537109375
