0 0.26171875 0.4970703125 0.0849609375 0.0927734375
0 0.134765625 0.3974609375 0.134765625 0.142578125
0 0.0595703125 0.4970703125 0.0595703125 0.099609375
0 0.7021484375 0.259765625 0.205078125 0.08984375
0 0.822265625 0.8349609375 0.15234375 0.0830078125
0 0.0693359375 0.732421875 0.0693359375 0.095703125
0 0.546875 0.9423828125 0.15234375 0.0849609375
0 0.384765625 1.0 0.078125 0.068359375
0 0.32421875 0.404296875 0.099609375 0.1123046875
0 0.876953125 0.130859375 0.1044921875 0.0634765625
0 0.9267578125 0.421875 0.125 0.0927734375
0 0.7822265625 0.40234375 0.16015625 0.1298828125
0 0.8515625 0.9375 0.1494140625 0.0654296875
0 0.564453125 0.6142578125 0.197265625 0.134765625
0 0.9375 0.32421875 0.0927734375 0.1044921875
0 0.412109375 0.287109375 0.0771484375 0.0927734375
0 0.7919921875 0.9970703125 0.1748046875 0.0673828125
0 1.0 0.544921875 0.103515625 0.08203125
0 0.6923828125 0.3447265625 0.1904296875 0.0751953125
0 0.341796875 0.1220703125 0.08984375 0.1025390625
0 0.697265625 0.75 0.169921875 0.1083984375
0 0.3603515625 0.732421875 0.078125 0.078125
0 0.25 0.19921875 0.0751953125 0.15234375
0 0.64453125 0.4580078125 0.2109375 0.1005859375
0 0.560546875 0.85546875 0.1279296875 0.0595703125
0 0.6220703125 0.6044921875 0.1103515625 0.08203125
0 0.4248046875 0.3916015625 0.1328125 0.091796875
0 0.6318359375 0.509765625 0.1376953125 0.0625
0 0.3818359375 0.4375 0.1318359375 0.0703125
0 0.279296875 0.0771484375 0.1318359375 0.0751953125
0 0.6005859375 0.845703125 0.099609375 0.0517578125
0 0.0517578125 0.65234375 0.0517578125 0.1005859375
0 0.3173828125 0.3642578125 0.125 0.1201171875
0 0.3798828125 0.2646484375 0.0732421875 0.115234375
0 0.9970703125 0.6416015625 0.125 0.064453125
0 0.3173828125 0.6787109375 0.0908203125 0.0654296875
