0 0.6767578125 0.9072265625 0.10546875 0.0595703125
0 0.703125 0.595703125 0.119140625 0.0751953125
0 0.8369140625 0.392578125 0.1171875 0.091796875
0 0.396484375 0.53125 0.095703125 0.0693359375
0 0.2900390625 0.6845703125 0.09765625 0.0625
0 0.787109375 0.08984375 0.1103515625 0.0556640625
0 0.7578125 0.2724609375 0.1025390625 0.052734375
0 0.9970703125 0.125 0.0947265625 0.0859375
0 0.7607421875 0.478515625 0.083984375 0.0419921875
0 0.1064453125 0.4892578125 0.1064453125 0.0673828125
0 0.9169921875 0.650390625 0.1005859375 0.037109375
0 1.0 0.861328125 0.0322265625 0.07421875
0 0.919921875 0.6103515625 0.1005859375 0.04296875
0 0.3662109375 0.08984375 0.091796875 0.0556640625
0 0.1171875 0.05859375 0.109375 0.0498046875
0 0.173828125 0.3369140625 0.1103515625 0.0732421875
0 0.9833984375 0.5302734375 0.0859375 0.0869140625
0 0.548828125 0.314453125 0.11328125 0.126953125
0 0.216796875 0.2919921875 0.126953125 0.0693359375
0 0.537109375 0.8935546875 0.091796875 0.0869140625
0 0.2783203125 0.822265625 0.1083984375 0.046875
0 0.4013671875 0.974609375 0.1220703125 0.0419921875
0 0.7138671875 0.732421875 0.0693359375 0.044921875
0 0.1650390625 0.857421875 0.0908203125 0.0458984375
0 0.4326171875 0.3701171875 0.10546875 0.0517578125
0 0.8486328125 0.5673828125 0.06640625 0.0283203125
0 0.6025390625 0.0771484375 0.0546875 0.072265625
0 0.611328125 0.8076171875 0.1123046875 0.0517578125
0 0.2265625 0.1943359375 0.0576171875 0.056640625
0 0.109375 0.6455078125 0.1044921875 0.037109375
0 1.0 0.4462890625 0.130859375 0.0947265625
0 0.9833984375 0.1767578125 0.1025390625 0.0361328125
0 0.11328125 0.2236328125 0.064453125 0.0654296875
0 0.8076171875 0.654296875 0.0693359375 0.033203125
0 0.078125 0.587890625 0.06640625 0.0322265625
0 0.9345703125 0.5322265625 0.091796875 0.0400390625
0 0.55078125 0.6513671875 0.142578125 0.037109375
0 0.77734375 0.2587890625 0.1005859375 0.0703125
0 0.0517578125 0.0732421875 0.0517578125 0.0341796875
0 0.5634765625 0.16796875 0.068359375 0.0390625
0 0.5185546875 0.4384765625 0.083984375 0.0380859375
0 0.052734375 0.162109375 0.0517578125 0.04296875
0 0.05859375 0.3779296875 0.056640625 0.048828125
0 0.314453125 0.771484375 0.1572265625 0.05859375
0 0.794921875 0.958984375 0.1259765625 0.0380859375
0 0.9990234375 0.029296875 0.08203125 0.029296875
0 0.9658203125 0.9814453125 0.1103515625 0.0478515625
0 0.31640625 0.63671875 0.0888671875 0.046875
0 0.052734375 0.51953125 0.052734375 0.0537109375
0 0.3984375 0.998046875 0.1162109375 0.03515625
0 0.28125 0.490234375 0.05859375 0.0498046875
0 0.8505859375 0.2080078125 0.064453125 0.0517578125
0 0.66796875 0.9453125 0.064453125 0.0341796875
0 0.0390625 0.998046875 0.0390625 0.029296875
0 0.1728515625 0.8115234375 0.1318359375 0.0419921875
0 0.865234375 0.755859375 0.0498046875 0.0537109375
0 0.064453125 0.7314453125 0.05859375 0.017578125
0 0.8046875 0.2392578125 0.0556640625 0.05078125
0 0.044921875 0.3876953125 0.0439453125 0.0361328125
0 0.37109375 0.0263671875 0.0498046875 0.025390625
0 0.2060546875 0.6181640625 0.12890625 0.0439453125
0 0.6162109375 0.1025390625 0.0810546875 0.03125
0 0.775390625 0.580078125 0.0693359375 0.0322265625
0 0.4931640625 0.896484375 0.0576171875 0.041015625
0 0.3984375 0.1298828125 0.0673828125 0.037109375
0 0.334765625 0.4609375 0.08476562500000001 0.03447265625000001
0 1.0 0.142578125 0.0302734375 0.01953125
0 1.0 0.9404296875 0.078125 0.0390625
0 0.716796875 0.79296875 0.072265625 0.033203125
0 0.984375 0.8544921875 0.072265625 0.0439453125
0 0.9990234375 0.5966796875 0.056640625 0.052734375
0 0.337890625 0.1171875 0.052734375 0.033203125
0 0.955078125 0.5849609375 0.048828125 0.04296875
0 0.837890625 0.2001953125 0.0771484375 0.0703125
0 1.0 0.87109375 0.0654296875 0.03515625
