0 0.7392578125 0.46484375 0.0966796875 0.0556640625
0 0.2705078125 0.6650390625 0.138671875 0.0537109375
0 0.87890625 0.544921875 0.1162109375 0.1318359375
0 0.1591796875 0.1650390625 0.1171875 0.064453125
0 0.537109375 0.2119140625 0.1337890625 0.056640625
0 0.74609375 0.2314453125 0.0849609375 0.06640625
0 0.0888671875 0.2314453125 0.0888671875 0.044921875
0 0.80859375 0.359375 0.0888671875 0.0439453125
0 1.0 0.544921875 0.1044921875 0.064453125
0 0.947265625 0.63671875 0.1201171875 0.048828125
0 0.46875 0.29296875 0.0869140625 0.0439453125
0 0.6220703125 0.45703125 0.11328125 0.0478515625
0 0.369140625 0.2392578125 0.1123046875 0.0546875
0 0.1376953125 0.873046875 0.1357421875 0.0498046875
0 0.55078125 0.8740234375 0.12890625 0.05078125
0 0.8837890625 0.5751953125 0.1162109375 0.0341796875
0 0.8291015625 0.208984375 0.1240234375 0.0439453125
0 0.51953125 0.5390625 0.0810546875 0.0341796875
0 0.78125 0.544921875 0.0986328125 0.0361328125
0 0.771484375 0.7060546875 0.134765625 0.0322265625
0 0.296875 0.1923828125 0.095703125 0.044921875
0 0.8505859375 0.953125 0.138671875 0.0615234375
0 0.447265625 0.7060546875 0.1376953125 0.0458984375
0 0.8759765625 0.2890625 0.0888671875 0.029296875
0 0.4599609375 0.2177734375 0.1376953125 0.0400390625
0 0.3798828125 0.3291015625 0.0869140625 0.033203125
0 0.078125 0.03515625 0.076171875 0.0341796875
0 0.6591796875 0.2734375 0.0888671875 0.0908203125
0 0.537109375 0.927734375 0.123046875 0.0478515625
0 0.9287109375 0.208984375 0.1640625 0.09375
0 0.3046875 0.322265625 0.0927734375 0.0458984375
0 1.0 0.58203125 0.1259765625 0.0439453125
0 0.0927734375 0.986328125 0.091796875 0.060546875
0 0.701171875 0.58984375 0.14453125 0.095703125
0 0.708984375 0.8984375 0.15234375 0.044921875
0 0.8330078125 0.8671875 0.109375 0.0400390625
0 0.0810546875 1.0 0.080078125 0.01953125
0 0.7958984375 0.4072265625 0.087890625 0.0400390625
0 0.6513671875 0.3779296875 0.1201171875 0.0224609375
0 0.7900390625 0.9599609375 0.1025390625 0.0283203125
0 0.8076171875 0.5966796875 0.0693359375 0.037109375
0 0.2744140625 0.537109375 0.1533203125 0.02734375
0 0.9375 0.2578125 0.15625 0.0234375
0 0.0791015625 0.2880859375 0.078125 0.041015625
0 0.5244140625 0.2451171875 0.0771484375 0.05078125
0 0.8330078125 0.6328125 0.1064453125 0.0341796875
0 0.056640625 0.6376953125 0.0556640625 0.03515625
0 0.3828125 0.599609375 0.1650390625 0.037109375
0 0.5732421875 0.96875 0.166015625 0.05078125
0 0.4658203125 0.62890625 0.134765625 0.048828125
0 0.88671875 0.6552734375 0.1259765625 0.0380859375
0 0.052734375 0.5810546875 0.052734375 0.0400390625
0 0.33984375 0.5341796875 0.08984375 0.0615234375
0 0.59375 0.6318359375 0.15625 0.0546875
0 0.4072265625 0.5634765625 0.1650390625 0.0283203125
0 0.4580078125 0.55859375 0.095703125 0.0322265625
0 0.9716796875 1.0 0.12109375 0.0302734375
0 0.1103515625 0.431640625 0.1005859375 0.0400390625
0 0.689453125 0.9833984375 0.1015625 0.0341796875
0 0.8232421875 0.845703125 0.1015625 0.0478515625
0 0.806640625 0.0341796875 0.0908203125 0.033203125
0 0.041015625 0.314453125 0.041015625 0.0322265625
0 0.716796875 0.0263671875 0.0791015625 0.0244140625
0 0.4052734375 0.9453125 0.2001953125 0.0341796875
0 0.099609375 0.537109375 0.095703125 0.03515625
0 0.3408203125 0.2978515625 0.181640625 0.099609375
0 0.1552734375 0.9501953125 0.15234375 0.091796875
0 0.2666015625 0.59375 0.146484375 0.052734375
0 0.205078125 0.5673828125 0.197265625 0.125
0 0.3955078125 0.939453125 0.2001953125 0.0712890625
0 0.255859375 0.96875 0.1953125 0.0947265625
0 0.078125 0.015625 0.06640625 0.015625
0 0.2978515625 0.494140625 0.19921875 0.0654296875
0 0.625 0.205078125 0.20703125 0.0986328125
0 0.625 0.1806640625 0.1796875 0.0859375
