0 0.921875 0.125 0.08203125 0.0859375
0 0.8154296875 0.4892578125 0.076171875 0.0654296875
0 0.3544921875 0.7978515625 0.0615234375 0.1064453125
0 0.439453125 0.484375 0.0576171875 0.0859375
0 0.369140625 0.6298828125 0.064453125 0.0771484375
0 0.5146484375 0.5048828125 0.07421875 0.06640625
0 0.337890625 0.8759765625 0.076171875 0.1005859375
0 1.0 0.611328125 0.0634765625 0.0595703125
0 0.591796875 0.2275390625 0.1240234375 0.0576171875
0 0.6728515625 0.5810546875 0.091796875 0.0537109375
0 0.9765625 0.1064453125 0.0732421875 0.0771484375
0 0.28515625 0.7646484375 0.0712890625 0.05859375
0 0.72265625 0.5185546875 0.0712890625 0.0908203125
0 0.8154296875 0.6396484375 0.083984375 0.05078125
0 0.259765625 0.4912109375 0.09375 0.0703125
0 0.8544921875 0.5771484375 0.0478515625 0.08203125
0 0.158203125 0.57421875 0.0791015625 0.0771484375
0 0.62109375 0.3193359375 0.046875 0.0849609375
0 0.0380859375 0.263671875 0.037109375 0.087890625
0 0.826171875 0.4716796875 0.0537109375 0.083984375
0 0.873046875 0.4326171875 0.037109375 0.12890625
0 1.0 0.1982421875 0.048828125 0.1044921875
0 0.2314453125 0.1796875 0.0732421875 0.0439453125
0 0.6376953125 0.58984375 0.08203125 0.0419921875
0 1.0 0.47265625 0.076171875 0.134765625
0 0.1884765625 0.4150390625 0.107421875 0.1005859375
0 0.1943359375 0.8740234375 0.0498046875 0.0654296875
0 0.7939453125 0.5048828125 0.0625 0.064453125
0 0.388671875 0.400390625 0.0625 0.0458984375
0 0.6484375 0.494140625 0.056640625 0.048828125
0 1.0 0.2060546875 0.0615234375 0.0986328125
0 0.8232421875 0.8798828125 0.06640625 0.0615234375
0 0.361328125 0.9765625 0.0537109375 0.025390625
0 0.939453125 0.5625 0.0771484375 0.04296875
0 0.6572265625 0.5859375 0.0888671875 0.05078125
0 0.06640625 0.787109375 0.0576171875 0.0556640625
0 0.326171875 0.5634765625 0.06640625 0.072265625
0 0.7353515625 0.2294921875 0.072265625 0.0966796875
0 0.716796875 0.771484375 0.0634765625 0.037109375
0 0.8984375 0.5205078125 0.0576171875 0.0556640625
0 0.4609375 0.173828125 0.033203125 0.146484375
0 0.9658203125 0.4423828125 0.056640625 0.0576171875
0 0.7900390625 0.5595703125 0.052734375 0.0537109375
0 0.7177734375 0.5888671875 0.05859375 0.0556640625
0 0.19921875 1.0 0.0380859375 0.0419921875
0 0.67578125 0.087890625 0.056640625 0.01953125
0 0.3798828125 0.76171875 0.05859375 0.0546875
0 0.75 0.5341796875 0.02734375 0.064453125
0 0.482421875 0.8876953125 0.0517578125 0.0361328125
0 0.84765625 0.6083984375 0.0556640625 0.0400390625
0 0.384765625 0.353515625 0.046875 0.033203125
0 0.658203125 0.541015625 0.0478515625 0.025390625
0 0.615234375 0.986328125 0.076171875 0.068359375
0 0.22265625 0.5234375 0.0888671875 0.0712890625
0 0.666015625 0.623046875 0.07421875 0.033203125
0 0.0478515625 0.3740234375 0.0419921875 0.0615234375
0 0.1611328125 0.6962890625 0.07421875 0.0576171875
0 0.8759765625 0.8818359375 0.0537109375 0.044921875
