0 0.3173828125 0.0546875 0.072265625 0.0546875
0 0.19921875 0.1484375 0.05859375 0.064453125
0 0.17578125 0.404296875 0.0888671875 0.072265625
0 0.0498046875 0.623046875 0.0498046875 0.083984375
0 0.0869140625 0.7724609375 0.072265625 0.0751953125
0 0.1201171875 0.8681640625 0.072265625 0.0849609375
0 0.2666015625 0.82421875 0.0986328125 0.0556640625
0 0.1748046875 0.9453125 0.076171875 0.078125
0 0.2080078125 0.982421875 0.0654296875 0.052734375
0 0.16796875 0.5146484375 0.080078125 0.05859375
0 0.2890625 0.369140625 0.0625 0.0625
0 0.4296875 0.3759765625 0.056640625 0.080078125
0 0.4375 0.6005859375 0.095703125 0.05859375
0 0.4130859375 0.517578125 0.095703125 0.076171875
0 0.501953125 0.69921875 0.07421875 0.119140625
0 0.404296875 0.7451171875 0.0693359375 0.0712890625
0 0.509765625 0.7763671875 0.083984375 0.0830078125
0 0.6123046875 0.71484375 0.0771484375 0.0869140625
0 0.3974609375 0.115234375 0.0693359375 0.0869140625
0 0.466796875 0.1650390625 0.0478515625 0.0771484375
0 0.5830078125 0.2451171875 0.06640625 0.111328125
0 0.4453125 0.294921875 0.0654296875 0.0517578125
0 0.7509765625 0.318359375 0.0703125 0.0791015625
0 0.841796875 0.287109375 0.09375 0.0869140625
0 0.6240234375 0.03125 0.0888671875 0.03125
0 0.640625 0.091796875 0.06640625 0.091796875
0 0.794921875 0.033203125 0.123046875 0.033203125
0 0.9619140625 0.37109375 0.0712890625 0.0771484375
0 0.947265625 0.3173828125 0.07421875 0.072265625
0 0.833984375 0.4853515625 0.09375 0.0673828125
0 0.9306640625 0.537109375 0.0693359375 0.0634765625
0 1.0 0.595703125 0.08203125 0.0791015625
0 0.9365234375 0.6962890625 0.0634765625 0.08984375
0 0.82421875 0.69921875 0.0771484375 0.064453125
0 0.9697265625 0.8466796875 0.11328125 0.109375
0 1.0 0.9140625 0.0673828125 0.0556640625
0 0.8349609375 0.97265625 0.0791015625 0.0830078125
0 0.638671875 0.8798828125 0.091796875 0.078125
0 0.4638671875 0.921875 0.0546875 0.08984375
0 0.5693359375 0.9189453125 0.0400390625 0.0478515625
0 0.51171875 0.525390625 0.0673828125 0.046875
0 0.8701171875 1.0 0.0849609375 0.056640625
0 0.93359375 0.0859375 0.0810546875 0.080078125
0 0.818359375 0.1044921875 0.0703125 0.0625
0 0.5947265625 0.3359375 0.05859375 0.076171875
0 0.6298828125 0.6416015625 0.0791015625 0.0537109375
0 0.630859375 0.8232421875 0.064453125 0.0615234375
0 1.0 0.74609375 0.037109375 0.0703125
0 0.71484375 0.1728515625 0.064453125 0.0556640625
0 0.9140625 0.1201171875 0.052734375 0.0283203125
0 0.4140625 0.7431640625 0.060546875 0.103515625
