0 0.130859375 0.115234375 0.0625 0.0732421875
0 0.0595703125 0.201171875 0.0595703125 0.0673828125
0 0.181640625 0.4951171875 0.0869140625 0.1396484375
0 0.193359375 0.7666015625 0.072265625 0.068359375
0 0.2529296875 1.0 0.0546875 0.0625
0 0.1494140625 0.888671875 0.0556640625 0.0673828125
0 0.10546875 1.0 0.060546875 0.060546875
0 0.3095703125 0.576171875 0.05859375 0.0888671875
0 0.125 0.658203125 0.0849609375 0.0615234375
0 0.4248046875 0.970703125 0.0810546875 0.06640625
0 0.46484375 0.9462890625 0.1005859375 0.0791015625
0 0.619140625 0.8759765625 0.09765625 0.1357421875
0 0.6689453125 0.5751953125 0.087890625 0.1103515625
0 1.0 0.513671875 0.0810546875 0.0986328125
0 0.7978515625 1.0 0.0751953125 0.091796875
0 0.8798828125 0.994140625 0.0751953125 0.1025390625
0 0.875 0.7919921875 0.0771484375 0.08984375
0 1.0 0.9833984375 0.0537109375 0.06640625
0 0.685546875 0.927734375 0.0458984375 0.0712890625
0 0.7060546875 0.443359375 0.197265625 0.0595703125
0 0.779296875 0.3837890625 0.2314453125 0.068359375
0 0.365234375 0.580078125 0.044921875 0.0791015625
0 0.904296875 0.650390625 0.0478515625 0.091796875
0 1.0 0.6689453125 0.041015625 0.056640625
0 0.94140625 0.396484375 0.0751953125 0.08984375
0 0.380859375 0.3359375 0.068359375 0.03125
0 0.2685546875 0.306640625 0.05078125 0.048828125
0 0.4072265625 0.0986328125 0.078125 0.0498046875
0 1.0 0.1337890625 0.04296875 0.095703125
0 0.8203125 0.880859375 0.033203125 0.0810546875
0 0.2958984375 0.12109375 0.03125 0.0244140625
