0 0.9697265625 0.826171875 0.052734375 0.0830078125
0 0.4833984375 0.5166015625 0.0830078125 0.06640625
0 0.9287109375 0.0888671875 0.099609375 0.0546875
0 0.4306640625 0.25 0.1015625 0.07421875
0 0.544921875 0.904296875 0.056640625 0.08203125
0 0.70703125 0.0859375 0.1044921875 0.0556640625
0 0.9150390625 0.3740234375 0.072265625 0.0703125
0 0.333984375 0.0537109375 0.091796875 0.052734375
0 0.2705078125 0.123046875 0.0986328125 0.064453125
0 0.9580078125 0.2890625 0.10546875 0.0576171875
0 0.3291015625 0.8662109375 0.1015625 0.048828125
0 0.5244140625 0.08203125 0.0751953125 0.0595703125
0 0.4765625 0.6044921875 0.076171875 0.044921875
0 0.8623046875 0.8076171875 0.1318359375 0.044921875
0 0.2265625 0.611328125 0.0712890625 0.0693359375
0 0.34375 0.2373046875 0.1083984375 0.0693359375
0 1.0 0.3623046875 0.0234375 0.072265625
0 0.2861328125 0.5419921875 0.1103515625 0.0498046875
0 0.1650390625 0.951171875 0.1201171875 0.0439453125
0 0.8408203125 0.5498046875 0.1064453125 0.0634765625
0 0.759765625 0.763671875 0.087890625 0.0390625
0 0.5234375 0.9296875 0.1015625 0.0380859375
0 0.865234375 0.6572265625 0.080078125 0.0537109375
0 0.7958984375 0.974609375 0.0927734375 0.0712890625
0 0.3125 0.7724609375 0.0947265625 0.033203125
0 0.6806640625 0.47265625 0.107421875 0.0654296875
0 0.8798828125 0.5087890625 0.05859375 0.0478515625
0 0.0869140625 0.28125 0.0869140625 0.0439453125
0 0.1865234375 0.4072265625 0.1259765625 0.0478515625
0 0.9453125 0.880859375 0.068359375 0.04296875
0 0.8369140625 0.2607421875 0.087890625 0.0654296875
0 0.568359375 0.30078125 0.068359375 0.046875
0 0.2919921875 0.576171875 0.119140625 0.0458984375
0 0.5517578125 0.3232421875 0.0537109375 0.0302734375
0 0.115234375 0.0908203125 0.083984375 0.0390625
0 0.603515625 0.8408203125 0.0849609375 0.041015625
0 0.3193359375 0.9453125 0.1064453125 0.0390625
0 0.2744140625 0.98046875 0.10546875 0.0693359375
0 0.251953125 0.3564453125 0.107421875 0.060546875
0 0.09375 0.7158203125 0.09375 0.029296875
0 0.4306640625 0.369140625 0.0654296875 0.0390625
0 0.71875 0.8837890625 0.1025390625 0.0380859375
0 0.30859375 0.333984375 0.0615234375 0.037109375
0 0.912109375 0.701171875 0.0927734375 0.06640625
0 0.33203125 0.296875 0.107421875 0.0380859375
0 0.7578125 0.623046875 0.048828125 0.064453125
0 0.8037109375 0.0732421875 0.09375 0.0498046875
0 0.232421875 0.443359375 0.087890625 0.0283203125
0 0.1298828125 0.068359375 0.1123046875 0.068359375
0 0.078125 0.115234375 0.0771484375 0.0361328125
0 0.9033203125 0.4326171875 0.0625 0.05859375
0 0.787109375 0.40625 0.1328125 0.033203125
0 0.744140625 0.71484375 0.076171875 0.037109375
0 1.0 0.6513671875 0.0576171875 0.0361328125
0 0.1806640625 0.5419921875 0.107421875 0.0703125
0 0.7099609375 0.787109375 0.0693359375 0.0419921875
0 0.4931640625 0.435546875 0.0947265625 0.037109375
0 0.9296875 0.0546875 0.0546875 0.037109375
0 0.779296875 0.025390625 0.0732421875 0.025390625
0 0.7646484375 0.9189453125 0.0703125 0.0341796875
0 0.1904296875 0.6962890625 0.08203125 0.033203125
0 0.599609375 0.39453125 0.0869140625 0.025390625
0 0.4560546875 0.44921875 0.0791015625 0.046875
0 0.0400390625 0.390625 0.0400390625 0.044921875
0 0.0986328125 0.685546875 0.0830078125 0.0322265625
0 0.935546875 0.5927734375 0.056640625 0.0390625
0 0.5078125 0.1005859375 0.0693359375 0.0419921875
0 0.4580078125 0.087890625 0.072265625 0.0419921875
0 0.5478515625 0.4541015625 0.0830078125 0.037109375
0 0.404296875 0.1181640625 0.11328125 0.044921875
0 0.66796875 0.6318359375 0.0791015625 0.0478515625
0 0.7646484375 0.9892578125 0.0810546875 0.0400390625
0 0.8759765625 1.0 0.080078125 0.0302734375
0 0.6201171875 0.9443359375 0.076171875 0.0400390625
0 0.1005859375 0.4453125 0.0478515625 0.021484375
0 0.716796875 0.4677734375 0.078125 0.111328125
0 0.2529296875 0.359375 0.1376953125 0.0908203125
0 0.1494140625 0.056640625 0.04296875 0.0302734375
0 0.4970703125 1.0 0.0859375 0.0283203125
0 0.36328125 0.748046875 0.14453125 0.03515625
0 0.1650390625 0.0224609375 0.103515625 0.0224609375
