0 0.3271484375 0.07421875 0.0654296875 0.07421875
0 0.193359375 0.1064453125 0.0849609375 0.087890625
0 0.828125 0.1494140625 0.08203125 0.0947265625
0 0.3193359375 0.3671875 0.0625 0.115234375
0 0.119140625 0.4169921875 0.08203125 0.08984375
0 0.6298828125 0.357421875 0.0654296875 0.125
0 0.7021484375 0.5224609375 0.0771484375 0.10546875
0 0.529296875 0.1474609375 0.064453125 0.0830078125
0 0.8291015625 0.001953125 0.0546875 0.001953125
0 0.0849609375 0.1337890625 0.0693359375 0.0693359375
0 0.5517578125 0.484375 0.0546875 0.1298828125
0 0.171875 0.4443359375 0.0673828125 0.126953125
0 0.681640625 0.1552734375 0.08203125 0.08203125
0 0.216796875 0.296875 0.052734375 0.099609375
0 0.83984375 0.310546875 0.052734375 0.1123046875
0 0.6318359375 0.0673828125 0.080078125 0.0673828125
0 0.125 0.607421875 0.0458984375 0.1201171875
0 0.70703125 0.76171875 0.0703125 0.16015625
0 0.046875 0.5625 0.046875 0.0927734375
0 0.2666015625 0.4970703125 0.0546875 0.1201171875
0 0.1494140625 0.232421875 0.08203125 0.0927734375
0 0.626953125 0.5693359375 0.08984375 0.1376953125
0 0.259765625 0.134765625 0.04296875 0.0576171875
0 0.0419921875 0.2998046875 0.0419921875 0.087890625
0 0.2119140625 0.3095703125 0.1171875 0.0400390625
0 0.279296875 0.3125 0.0869140625 0.1201171875
0 0.232421875 0.419921875 0.0703125 0.0927734375
0 0.2373046875 0.5341796875 0.0556640625 0.080078125
0 0.1591796875 0.626953125 0.0498046875 0.1025390625
0 0.181640625 0.537109375 0.0546875 0.09765625
0 0.091796875 0.388671875 0.0693359375 0.08203125
0 0.162109375 0.27734375 0.09765625 0.052734375
0 0.0791015625 0.3173828125 0.056640625 0.052734375
0 0.056640625 0.0791015625 0.056640625 0.0419921875
0 0.2314453125 0.142578125 0.0654296875 0.1025390625
0 0.3994140625 0.2626953125 0.060546875 0.064453125
0 0.6123046875 0.419921875 0.1025390625 0.080078125
0 0.654296875 0.6123046875 0.0625 0.1376953125
0 0.7998046875 0.599609375 0.060546875 0.099609375
0 0.70703125 0.63671875 0.0546875 0.1298828125
0 0.6943359375 0.3818359375 0.0673828125 0.1123046875
0 0.7900390625 0.400390625 0.1171875 0.0625
0 0.7734375 0.361328125 0.0791015625 0.060546875
0 0.779296875 0.4619140625 0.0576171875 0.0771484375
0 0.8662109375 0.39453125 0.068359375 0.0869140625
0 0.8662109375 0.31640625 0.0419921875 0.0771484375
0 0.759765625 0.26171875 0.0556640625 0.0693359375
0 0.5849609375 0.1044921875 0.060546875 0.0595703125
