0 0.068359375 0.7578125 0.048828125 0.1025390625
0 0.150390625 1.0 0.0712890625 0.068359375
0 0.4931640625 0.7890625 0.0654296875 0.080078125
0 0.056640625 0.1259765625 0.052734375 0.080078125
0 0.3076171875 0.1328125 0.0478515625 0.09765625
0 0.18359375 0.376953125 0.0439453125 0.0810546875
0 0.1728515625 0.11328125 0.0888671875 0.0908203125
0 0.755859375 0.3798828125 0.0380859375 0.1044921875
0 0.8251953125 0.8291015625 0.0654296875 0.0712890625
0 0.3994140625 0.150390625 0.046875 0.076171875
0 0.6103515625 0.07421875 0.0498046875 0.07421875
0 0.783203125 0.673828125 0.06640625 0.08984375
0 0.6044921875 0.1318359375 0.0400390625 0.087890625
0 0.5810546875 0.8046875 0.0390625 0.087890625
0 0.9345703125 0.451171875 0.0380859375 0.07421875
0 0.0771484375 0.6728515625 0.068359375 0.080078125
0 0.607421875 0.208984375 0.0439453125 0.0771484375
0 0.9169921875 0.1142578125 0.04296875 0.0791015625
0 0.26171875 0.1357421875 0.0419921875 0.09375
0 0.2578125 0.39453125 0.0439453125 0.0693359375
0 0.61328125 0.4599609375 0.03515625 0.0888671875
0 0.3740234375 0.8359375 0.0615234375 0.0712890625
0 0.212890625 0.7099609375 0.0283203125 0.083984375
0 0.2197265625 0.4697265625 0.0498046875 0.060546875
0 0.4619140625 0.205078125 0.0341796875 0.0830078125
0 0.6689453125 0.1171875 0.0712890625 0.1103515625
0 0.490234375 0.90625 0.0322265625 0.091796875
0 0.6689453125 0.9892578125 0.0380859375 0.1083984375
0 0.2890625 0.490234375 0.03515625 0.0751953125
0 0.4912109375 0.6943359375 0.037109375 0.087890625
0 0.3544921875 0.162109375 0.029296875 0.0576171875
0 0.845703125 0.0751953125 0.044921875 0.0693359375
0 0.3779296875 0.2939453125 0.0732421875 0.0400390625
0 0.4306640625 0.998046875 0.046875 0.04296875
0 0.931640625 0.1875 0.025390625 0.0654296875
0 0.7216796875 0.7802734375 0.04296875 0.0751953125
0 0.8759765625 0.7900390625 0.052734375 0.0751953125
0 0.728515625 0.4716796875 0.033203125 0.080078125
0 0.4755859375 0.14453125 0.06640625 0.056640625
0 0.2763671875 0.859375 0.03515625 0.07421875
0 0.64453125 0.4833984375 0.0361328125 0.06640625
0 0.974609375 0.419921875 0.029296875 0.072265625
0 0.7275390625 0.724609375 0.041015625 0.06640625
0 0.76171875 0.130859375 0.0439453125 0.0849609375
0 0.0849609375 0.1923828125 0.0498046875 0.052734375
0 0.896484375 0.79296875 0.041015625 0.0751953125
0 0.24609375 0.888671875 0.05078125 0.052734375
0 0.826171875 0.318359375 0.0263671875 0.0576171875
0 0.1513671875 0.73828125 0.0517578125 0.1171875
0 0.515625 0.13671875 0.03515625 0.07421875
0 0.1416015625 0.6611328125 0.056640625 0.0498046875
0 0.6455078125 0.716796875 0.048828125 0.11328125
0 0.5771484375 0.212890625 0.029296875 0.0791015625
0 1.0 0.515625 0.0302734375 0.0615234375
0 0.9638671875 0.5478515625 0.0419921875 0.060546875
0 0.7900390625 0.501953125 0.0732421875 0.046875
0 0.33984375 1.0 0.0654296875 0.0302734375
0 0.1796875 1.0 0.03125 0.046875
0 0.453125 0.64453125 0.0419921875 0.0546875
0 0.8759765625 0.2158203125 0.0654296875 0.029296875
0 0.224609375 1.0 0.05078125 0.0234375
0 0.44921875 0.8212890625 0.0439453125 0.0458984375
0 0.8505859375 0.7509765625 0.03515625 0.0546875
0 0.955078125 0.0302734375 0.029296875 0.0302734375
0 0.435546875 0.4716796875 0.078125 0.0498046875
0 0.1796875 0.802734375 0.0751953125 0.0810546875
0 0.9677734375 0.4755859375 0.03515625 0.0390625
0 0.2666015625 0.8583984375 0.03515625 0.06640625
0 0.2626953125 0.625 0.0400390625 0.0751953125
