0 0.177734375 0.134765625 0.0615234375 0.0712890625
0 0.322265625 0.1806640625 0.1298828125 0.07421875
0 0.31640625 0.1884765625 0.0947265625 0.0576171875
0 0.4482421875 0.25390625 0.1259765625 0.064453125
0 0.330078125 0.2958984375 0.0419921875 0.0498046875
0 0.4189453125 0.3212890625 0.1396484375 0.0517578125
0 0.4482421875 0.31640625 0.10546875 0.05078125
0 0.3876953125 0.357421875 0.083984375 0.0361328125
0 0.1025390625 0.2197265625 0.1025390625 0.0634765625
0 0.1142578125 0.2490234375 0.0888671875 0.0400390625
0 0.20703125 0.361328125 0.1201171875 0.076171875
0 0.1337890625 0.3447265625 0.1337890625 0.0537109375
0 0.0869140625 0.462890625 0.0869140625 0.0693359375
0 0.435546875 0.427734375 0.0859375 0.0576171875
0 0.533203125 0.46484375 0.099609375 0.0498046875
0 0.5771484375 0.423828125 0.1455078125 0.072265625
0 0.623046875 0.3505859375 0.0771484375 0.068359375
0 0.68359375 0.3046875 0.099609375 0.041015625
0 0.70703125 0.3310546875 0.0830078125 0.0400390625
0 0.240234375 0.7158203125 0.0556640625 0.072265625
0 0.283203125 0.7119140625 0.1220703125 0.0390625
0 0.2666015625 0.76953125 0.0869140625 0.060546875
0 0.24609375 0.7958984375 0.099609375 0.0537109375
0 0.32421875 0.7978515625 0.16015625 0.0546875
0 0.18359375 0.83984375 0.0703125 0.0361328125
0 0.0576171875 0.767578125 0.0576171875 0.052734375
0 0.2275390625 0.888671875 0.125 0.02734375
0 0.1953125 0.908203125 0.1103515625 0.0361328125
0 0.056640625 0.9462890625 0.056640625 0.03515625
0 1.0 0.3232421875 0.0751953125 0.0615234375
0 0.9697265625 0.31640625 0.078125 0.0478515625
0 1.0 0.2607421875 0.07421875 0.0390625
0 0.875 0.267578125 0.0869140625 0.0263671875
0 0.90625 0.376953125 0.1044921875 0.0625
0 0.8818359375 0.44140625 0.0712890625 0.0556640625
0 0.8173828125 0.431640625 0.12890625 0.0517578125
0 0.81640625 0.4052734375 0.1103515625 0.046875
0 0.7421875 0.447265625 0.11328125 0.0400390625
0 0.703125 0.466796875 0.1025390625 0.05078125
0 0.85546875 0.5029296875 0.078125 0.033203125
0 0.7451171875 0.2490234375 0.1240234375 0.0869140625
0 0.6728515625 0.2177734375 0.09765625 0.0498046875
0 0.8349609375 0.1708984375 0.1552734375 0.080078125
0 0.892578125 0.1640625 0.1181640625 0.1259765625
0 0.9111328125 0.892578125 0.056640625 0.072265625
0 1.0 0.921875 0.08984375 0.0419921875
0 0.9716796875 0.818359375 0.068359375 0.0458984375
0 0.7373046875 0.9248046875 0.09765625 0.0234375
0 0.62109375 0.83984375 0.1201171875 0.0634765625
0 0.5732421875 0.875 0.0751953125 0.0458984375
0 0.671875 0.9755859375 0.115234375 0.0439453125
0 0.623046875 0.91796875 0.1015625 0.0302734375
0 0.4716796875 0.8359375 0.08984375 0.0302734375
0 0.439453125 0.857421875 0.130859375 0.033203125
0 0.5322265625 0.9189453125 0.1298828125 0.044921875
0 0.5712890625 0.7255859375 0.05859375 0.0302734375
0 0.53515625 0.810546875 0.072265625 0.029296875
