0 0.75390625 1.0 0.1318359375 0.1005859375
0 0.525390625 0.2490234375 0.1005859375 0.125
0 0.6943359375 0.1572265625 0.1025390625 0.1552734375
0 0.7099609375 0.8466796875 0.1181640625 0.0966796875
0 0.16796875 0.759765625 0.099609375 0.11328125
0 0.9853515625 0.93359375 0.1806640625 0.126953125
0 0.9990234375 0.3203125 0.1494140625 0.138671875
0 0.8046875 0.6689453125 0.150390625 0.1640625
0 0.978515625 0.4873046875 0.1376953125 0.0791015625
0 0.904296875 0.5322265625 0.1201171875 0.0751953125
0 0.9130859375 0.1396484375 0.12890625 0.1396484375
0 1.0 0.814453125 0.1083984375 0.1103515625
0 1.0 0.6943359375 0.078125 0.0947265625
0 0.0634765625 0.2099609375 0.0634765625 0.0732421875
0 0.625 0.197265625 0.0810546875 0.080078125
0 0.453125 0.0791015625 0.12109375 0.0771484375
0 0.994140625 0.1572265625 0.1396484375 0.1455078125
0 0.591796875 0.0546875 0.0673828125 0.052734375
0 0.724609375 0.6142578125 0.0830078125 0.1142578125
0 0.8310546875 0.0625 0.095703125 0.0625
0 0.759765625 0.8349609375 0.076171875 0.087890625
0 0.9990234375 0.478515625 0.0439453125 0.1005859375
0 0.205078125 0.046875 0.0732421875 0.044921875
