0 0.662109375 0.1923828125 0.0947265625 0.1005859375
0 0.6318359375 0.0390625 0.0771484375 0.0390625
0 1.0 0.2421875 0.0654296875 0.09765625
0 0.82421875 0.841796875 0.08203125 0.099609375
0 0.6474609375 0.8193359375 0.1005859375 0.08984375
0 0.7392578125 0.556640625 0.08203125 0.07421875
0 0.919921875 0.4970703125 0.068359375 0.072265625
0 0.994140625 0.6669921875 0.099609375 0.0947265625
0 0.8447265625 0.2421875 0.0849609375 0.08984375
0 0.9072265625 0.1591796875 0.087890625 0.091796875
0 1.0 0.7119140625 0.0859375 0.0576171875
0 0.69921875 0.33203125 0.072265625 0.0751953125
0 0.8671875 0.4169921875 0.0927734375 0.0947265625
0 0.82421875 0.3271484375 0.0693359375 0.0830078125
0 0.744140625 0.14453125 0.0947265625 0.0771484375
0 0.751953125 0.2392578125 0.0849609375 0.0947265625
0 0.89453125 0.3447265625 0.0595703125 0.0830078125
0 0.974609375 0.4208984375 0.07421875 0.1103515625
0 0.83984375 0.474609375 0.1103515625 0.0703125
0 0.83984375 0.7197265625 0.078125 0.0849609375
0 0.8623046875 0.998046875 0.0859375 0.056640625
0 0.98828125 0.998046875 0.111328125 0.0576171875
0 0.9990234375 0.3291015625 0.0478515625 0.06640625
