0 0.40625 0.708984375 0.1103515625 0.083984375
0 0.947265625 0.462890625 0.0810546875 0.08984375
0 0.88671875 0.13671875 0.0712890625 0.107421875
0 0.1357421875 0.5986328125 0.1357421875 0.12109375
0 0.6298828125 0.373046875 0.1435546875 0.09375
0 0.7880859375 0.876953125 0.1552734375 0.064453125
0 0.3115234375 0.48828125 0.1865234375 0.0712890625
0 0.65234375 1.0 0.1728515625 0.0400390625
0 0.8623046875 0.7626953125 0.158203125 0.1103515625
0 0.8046875 0.3212890625 0.0712890625 0.0576171875
0 0.9921875 0.8916015625 0.1455078125 0.1005859375
0 0.5048828125 0.810546875 0.212890625 0.09375
0 0.5576171875 0.205078125 0.13671875 0.11328125
0 0.4521484375 0.916015625 0.212890625 0.1103515625
0 0.583984375 0.6201171875 0.1240234375 0.1669921875
0 0.6982421875 0.26171875 0.0654296875 0.07421875
0 0.521484375 0.96875 0.2060546875 0.09375
0 0.6357421875 0.1484375 0.0791015625 0.072265625
0 0.302734375 0.9990234375 0.0927734375 0.142578125
0 0.41015625 0.501953125 0.119140625 0.056640625
0 0.748046875 0.8046875 0.1435546875 0.1552734375
0 0.82421875 0.7470703125 0.103515625 0.1640625
0 0.748046875 0.5205078125 0.072265625 0.0537109375
0 0.7568359375 0.5068359375 0.056640625 0.0947265625
0 0.818359375 0.4208984375 0.146484375 0.0888671875
0 0.7294921875 0.3935546875 0.1025390625 0.083984375
0 0.7333984375 0.4443359375 0.0849609375 0.115234375
