0 0.8818359375 0.814453125 0.0947265625 0.1025390625
0 0.8916015625 0.4716796875 0.1328125 0.0791015625
0 0.4619140625 0.1796875 0.126953125 0.1123046875
0 0.888671875 0.697265625 0.109375 0.08203125
0 0.7373046875 0.966796875 0.0849609375 0.06640625
0 0.4599609375 0.40234375 0.123046875 0.115234375
0 0.984375 0.3046875 0.1396484375 0.1123046875
0 0.7568359375 0.546875 0.0849609375 0.0869140625
0 0.58984375 1.0 0.0927734375 0.095703125
0 0.85546875 0.1123046875 0.08984375 0.08203125
0 1.0 0.2197265625 0.095703125 0.140625
0 0.65625 0.380859375 0.0849609375 0.140625
0 0.6943359375 0.091796875 0.08203125 0.08984375
0 0.0791015625 0.7041015625 0.0771484375 0.14453125
0 1.0 0.8818359375 0.0830078125 0.08203125
0 0.7666015625 0.619140625 0.07421875 0.0771484375
0 0.1298828125 1.0 0.09765625 0.0576171875
0 0.2802734375 1.0 0.1044921875 0.0478515625
0 0.546875 0.5048828125 0.06640625 0.068359375
0 0.2265625 0.0693359375 0.14453125 0.0673828125
0 0.0849609375 0.9169921875 0.0654296875 0.08203125
0 0.091796875 0.4921875 0.0849609375 0.1279296875
0 0.8291015625 0.1142578125 0.107421875 0.1123046875
0 1.0 0.3271484375 0.0908203125 0.115234375
