0 0.09375 0.447265625 0.0791015625 0.095703125
0 0.5234375 0.484375 0.0576171875 0.0859375
0 0.9560546875 0.6484375 0.0556640625 0.083984375
0 0.431640625 0.232421875 0.0478515625 0.07421875
0 0.7646484375 0.7685546875 0.0625 0.07421875
0 0.853515625 0.904296875 0.0791015625 0.0908203125
0 0.1171875 0.8427734375 0.0625 0.08984375
0 0.669921875 0.3837890625 0.0556640625 0.0986328125
0 0.1767578125 0.1298828125 0.044921875 0.076171875
0 0.33203125 0.1455078125 0.0537109375 0.123046875
0 0.171875 0.3798828125 0.0556640625 0.095703125
0 0.0947265625 0.2802734375 0.0498046875 0.126953125
0 1.0 0.083984375 0.0322265625 0.078125
0 0.201171875 0.6572265625 0.060546875 0.0947265625
0 0.7421875 0.5439453125 0.0576171875 0.0947265625
0 0.64453125 0.5458984375 0.0380859375 0.1064453125
0 0.6015625 0.22265625 0.041015625 0.1123046875
0 0.775390625 0.2099609375 0.05078125 0.095703125
0 0.92578125 0.2099609375 0.0537109375 0.0927734375
0 0.2802734375 0.2333984375 0.05078125 0.08984375
0 0.728515625 0.3330078125 0.033203125 0.1005859375
0 0.0224609375 0.5693359375 0.0224609375 0.0908203125
0 0.873046875 0.2333984375 0.03125 0.09375
0 0.505859375 0.615234375 0.0263671875 0.0625
0 0.77734375 0.6357421875 0.0361328125 0.07421875
0 0.3544921875 0.3671875 0.052734375 0.099609375
0 0.3837890625 0.322265625 0.0712890625 0.0439453125
0 0.2431640625 0.642578125 0.0361328125 0.0830078125
0 0.978515625 0.35546875 0.0380859375 0.076171875
0 0.859375 0.8583984375 0.0458984375 0.1005859375
0 0.1865234375 0.083984375 0.05078125 0.083984375
0 0.0966796875 0.0810546875 0.0439453125 0.0810546875
0 0.55078125 0.1845703125 0.05078125 0.1259765625
0 0.4697265625 1.0 0.037109375 0.048828125
0 0.9501953125 0.4541015625 0.07421875 0.0673828125
0 0.6083984375 0.35546875 0.0439453125 0.078125
0 0.9111328125 0.6484375 0.0419921875 0.0771484375
0 0.837890625 0.78125 0.0302734375 0.0576171875
0 0.708984375 0.1103515625 0.0283203125 0.0625
0 0.8984375 0.421875 0.044921875 0.109375
0 0.1611328125 0.3017578125 0.0400390625 0.083984375
0 0.59375 0.8544921875 0.0498046875 0.07421875
0 0.9912109375 0.4482421875 0.04296875 0.068359375
0 0.5009765625 0.06640625 0.046875 0.06640625
0 0.384765625 0.287109375 0.0537109375 0.0556640625
0 0.265625 0.3994140625 0.0498046875 0.1142578125
0 0.2705078125 0.8701171875 0.1181640625 0.0439453125
0 0.2509765625 0.8798828125 0.0322265625 0.076171875
0 0.69921875 0.3037109375 0.0439453125 0.0693359375
0 0.990234375 1.0 0.037109375 0.0322265625
0 0.1259765625 1.0 0.0625 0.025390625
0 0.921875 0.9150390625 0.025390625 0.0673828125
0 0.900390625 0.046875 0.0380859375 0.046875
0 0.380859375 0.63671875 0.08203125 0.068359375
0 0.5537109375 0.6943359375 0.0458984375 0.056640625
0 0.3720703125 0.751953125 0.046875 0.060546875
0 0.6513671875 0.24609375 0.060546875 0.056640625
0 0.8466796875 0.064453125 0.048828125 0.064453125
0 0.5361328125 0.6748046875 0.1083984375 0.0673828125
0 0.806640625 0.056640625 0.029296875 0.056640625
0 0.2626953125 0.6328125 0.0244140625 0.06640625
0 0.193359375 1.0 0.046875 0.025390625
0 0.8095703125 0.5029296875 0.05078125 0.0634765625
0 0.3466796875 0.0185546875 0.048828125 0.0185546875
0 0.9658203125 0.5078125 0.05078125 0.0927734375
0 1.0 0.7314453125 0.0166015625 0.080078125
0 0.2958984375 0.8623046875 0.0478515625 0.0810546875
0 0.2421875 0.53515625 0.1181640625 0.1123046875
0 0.337890625 0.7919921875 0.0517578125 0.060546875
0 0.4697265625 0.75390625 0.03515625 0.052734375
0 0.44140625 0.7626953125 0.0546875 0.072265625
0 0.2822265625 1.0 0.03515625 0.05078125
0 0.3125 0.9765625 0.044921875 0.06640625
0 0.3427734375 0.890625 0.04296875 0.0556640625
0 0.357421875 0.9638671875 0.05078125 0.068359375
0 0.3876953125 0.9482421875 0.052734375 0.0791015625
0 0.41796875 1.0 0.0712890625 0.0576171875
0 0.3818359375 1.0 0.0830078125 0.0185546875
