0 1.0 0.2392578125 0.052734375 0.126953125
0 0.95703125 0.3193359375 0.0927734375 0.115234375
0 1.0 0.794921875 0.078125 0.107421875
0 0.9072265625 0.9345703125 0.1279296875 0.142578125
0 0.1494140625 0.232421875 0.0947265625 0.1376953125
0 1.0 0.6669921875 0.0654296875 0.1103515625
0 0.806640625 0.1669921875 0.08203125 0.107421875
0 0.125 0.88671875 0.0927734375 0.099609375
0 0.19921875 0.7392578125 0.09765625 0.0947265625
0 0.189453125 0.3349609375 0.0703125 0.1005859375
0 0.3466796875 0.4541015625 0.0673828125 0.064453125
0 0.7294921875 0.904296875 0.072265625 0.0771484375
0 0.384765625 0.1474609375 0.134765625 0.1025390625
0 0.2998046875 0.9345703125 0.0810546875 0.0927734375
0 0.689453125 0.244140625 0.0703125 0.0966796875
0 0.8544921875 0.4873046875 0.072265625 0.1103515625
0 0.27734375 0.26171875 0.09765625 0.13671875
0 0.80078125 0.71484375 0.0927734375 0.1083984375
0 0.1171875 0.58984375 0.1123046875 0.1181640625
0 0.7021484375 0.419921875 0.072265625 0.0830078125
0 0.822265625 1.0 0.0654296875 0.04296875
0 0.7421875 1.0 0.0751953125 0.052734375
0 0.8271484375 0.39453125 0.060546875 0.0703125
0 0.7568359375 0.546875 0.0576171875 0.1298828125
0 0.8017578125 0.546875 0.0625 0.126953125
0 0.3232421875 0.962890625 0.056640625 0.041015625
0 0.0771484375 0.708984375 0.0771484375 0.099609375
0 0.8232421875 0.763671875 0.0478515625 0.0361328125
0 0.8857421875 0.76171875 0.0498046875 0.0615234375
