0 0.87890625 0.751953125 0.125 0.0830078125
0 0.5537109375 0.8408203125 0.0966796875 0.0517578125
0 0.0771484375 0.421875 0.0771484375 0.115234375
0 0.759765625 0.9658203125 0.1552734375 0.0849609375
0 0.095703125 0.9423828125 0.0703125 0.099609375
0 0.634765625 0.7099609375 0.1298828125 0.130859375
0 0.087890625 0.0927734375 0.0576171875 0.0556640625
0 0.1220703125 0.287109375 0.072265625 0.0576171875
0 0.5390625 1.0 0.1123046875 0.0693359375
0 0.125 0.287109375 0.078125 0.060546875
0 0.0595703125 0.2216796875 0.0498046875 0.0869140625
0 0.0693359375 0.591796875 0.0693359375 0.1025390625
0 0.6220703125 0.134765625 0.0927734375 0.095703125
0 0.697265625 0.7109375 0.0888671875 0.0654296875
0 0.626953125 0.0625 0.1123046875 0.060546875
0 1.0 0.1171875 0.0302734375 0.1025390625
0 0.0556640625 0.0673828125 0.052734375 0.0625
