0 0.2939453125 0.63671875 0.103515625 0.09765625
0 0.724609375 0.7900390625 0.056640625 0.091796875
0 0.0693359375 0.2724609375 0.0693359375 0.0654296875
0 0.1337890625 0.501953125 0.1337890625 0.080078125
0 0.46875 0.28125 0.1201171875 0.1337890625
0 0.3701171875 0.2978515625 0.16015625 0.09765625
0 0.3134765625 0.859375 0.0751953125 0.17578125
0 0.5341796875 0.5634765625 0.13671875 0.1103515625
0 0.6005859375 0.3203125 0.095703125 0.091796875
0 0.576171875 0.9208984375 0.162109375 0.1171875
0 0.8984375 0.2431640625 0.0859375 0.2431640625
0 0.583984375 0.103515625 0.087890625 0.103515625
0 0.51171875 0.66796875 0.171875 0.0888671875
0 0.0625 0.810546875 0.0625 0.0869140625
0 0.673828125 0.5224609375 0.1162109375 0.056640625
0 0.712890625 0.7177734375 0.17578125 0.248046875
0 0.068359375 0.1552734375 0.068359375 0.06640625
0 0.2666015625 0.15234375 0.080078125 0.0654296875
0 0.71875 0.267578125 0.0498046875 0.0322265625
0 0.830078125 0.2294921875 0.1025390625 0.1220703125
0 0.6806640625 0.361328125 0.0458984375 0.029296875
