0 0.84765625 0.8193359375 0.05859375 0.087890625
0 0.5302734375 0.7861328125 0.05859375 0.087890625
0 0.6875 0.4755859375 0.076171875 0.091796875
0 0.9755859375 0.13671875 0.0517578125 0.0986328125
0 0.1328125 0.5625 0.0625 0.08203125
0 0.5751953125 0.484375 0.0517578125 0.095703125
0 0.8037109375 0.5087890625 0.0791015625 0.0693359375
0 0.7529296875 0.2060546875 0.0703125 0.099609375
0 0.1474609375 0.2587890625 0.0849609375 0.0673828125
0 1.0 0.31640625 0.048828125 0.060546875
0 0.25 0.595703125 0.0673828125 0.0625
0 0.6142578125 0.1181640625 0.0771484375 0.103515625
0 0.4423828125 0.18359375 0.1064453125 0.1279296875
0 0.486328125 0.2744140625 0.1171875 0.0751953125
0 0.0673828125 0.4365234375 0.0625 0.0712890625
0 0.9169921875 0.5810546875 0.0732421875 0.072265625
0 0.7421875 0.8544921875 0.0771484375 0.0830078125
0 0.0556640625 0.0712890625 0.0556640625 0.0712890625
0 0.9033203125 0.4541015625 0.0546875 0.0771484375
0 0.1533203125 0.123046875 0.0791015625 0.0888671875
0 0.369140625 0.830078125 0.1123046875 0.1064453125
0 0.3994140625 0.2646484375 0.0927734375 0.06640625
0 0.646484375 0.201171875 0.09765625 0.0986328125
0 0.4716796875 0.5888671875 0.0791015625 0.068359375
0 0.814453125 0.61328125 0.0400390625 0.0712890625
0 0.5341796875 0.5078125 0.0703125 0.08203125
0 0.7314453125 0.5859375 0.0625 0.0595703125
0 0.984375 0.58203125 0.0751953125 0.0517578125
0 0.537109375 0.1220703125 0.1005859375 0.1025390625
0 0.2080078125 0.7490234375 0.1162109375 0.091796875
0 0.5185546875 0.59375 0.04296875 0.1005859375
0 0.146484375 0.1728515625 0.0576171875 0.076171875
0 0.6513671875 0.9150390625 0.0927734375 0.076171875
0 0.90625 0.658203125 0.0830078125 0.0556640625
0 0.888671875 0.6044921875 0.06640625 0.056640625
0 0.361328125 0.5859375 0.109375 0.0830078125
0 0.318359375 0.9248046875 0.1044921875 0.080078125
0 0.7060546875 0.384765625 0.087890625 0.0673828125
0 0.8740234375 0.234375 0.0771484375 0.0673828125
0 0.37109375 0.9833984375 0.0703125 0.0615234375
0 0.361328125 0.4833984375 0.060546875 0.0576171875
0 0.53125 0.95703125 0.0654296875 0.0625
0 0.6123046875 0.5888671875 0.0712890625 0.0595703125
0 0.169921875 0.982421875 0.0966796875 0.056640625
0 0.625 0.5703125 0.0625 0.060546875
0 0.779296875 0.1474609375 0.0419921875 0.09375
0 0.6796875 0.880859375 0.0615234375 0.0615234375
0 0.32421875 0.041015625 0.072265625 0.041015625
0 0.337890625 0.8330078125 0.115234375 0.06640625
0 0.7568359375 0.8037109375 0.0771484375 0.0517578125
0 0.546875 0.0341796875 0.083984375 0.0341796875
0 0.1572265625 0.4326171875 0.0654296875 0.046875
0 0.8603515625 0.91796875 0.0810546875 0.0615234375
0 0.7275390625 0.76171875 0.1083984375 0.091796875
0 0.1630859375 0.6396484375 0.0673828125 0.0458984375
0 0.1181640625 0.6396484375 0.1025390625 0.0380859375
0 0.7392578125 0.2822265625 0.10546875 0.0517578125
0 0.82421875 0.9775390625 0.0927734375 0.07421875
0 0.8515625 0.662109375 0.0595703125 0.0263671875
0 0.4892578125 0.9541015625 0.060546875 0.037109375
0 0.3876953125 0.5478515625 0.056640625 0.060546875
0 0.6884765625 0.98046875 0.103515625 0.083984375
0 0.5498046875 0.833984375 0.0849609375 0.03515625
0 0.9755859375 0.9130859375 0.046875 0.0419921875
0 0.4814453125 0.6181640625 0.068359375 0.0380859375
0 0.7998046875 0.052734375 0.060546875 0.0478515625
0 0.68359375 0.673828125 0.0556640625 0.0517578125
0 0.4697265625 0.734375 0.048828125 0.0322265625
0 0.8388671875 0.228515625 0.064453125 0.09375
0 0.62109375 0.48046875 0.08203125 0.0302734375
0 0.306640625 0.939453125 0.0791015625 0.0439453125
0 0.5966796875 0.7314453125 0.08203125 0.078125
0 0.630859375 0.9619140625 0.0859375 0.0361328125
