0 0.2119140625 0.81640625 0.052734375 0.078125
0 0.1865234375 0.1904296875 0.080078125 0.0791015625
0 0.4833984375 0.51171875 0.07421875 0.0869140625
0 0.826171875 0.52734375 0.0693359375 0.1015625
0 0.7265625 0.5859375 0.0419921875 0.076171875
0 0.2490234375 0.31640625 0.0810546875 0.0380859375
0 0.431640625 0.9873046875 0.087890625 0.0595703125
0 0.515625 0.4453125 0.0537109375 0.076171875
0 1.0 0.279296875 0.048828125 0.0673828125
0 0.8525390625 0.173828125 0.048828125 0.0810546875
0 0.587890625 0.5849609375 0.1083984375 0.04296875
0 0.990234375 0.439453125 0.05078125 0.1083984375
0 0.0732421875 0.4384765625 0.0322265625 0.080078125
0 0.28515625 0.052734375 0.033203125 0.052734375
0 0.5634765625 0.9599609375 0.041015625 0.08984375
0 0.72265625 0.7412109375 0.05078125 0.0732421875
0 0.1591796875 0.2392578125 0.0478515625 0.033203125
0 0.140625 0.1220703125 0.0517578125 0.0654296875
0 0.9111328125 0.4716796875 0.0556640625 0.0478515625
0 0.0126953125 0.2353515625 0.0126953125 0.0439453125
0 0.41796875 0.8515625 0.0966796875 0.0224609375
0 0.7744140625 0.3544921875 0.03125 0.0751953125
0 0.0927734375 0.833984375 0.0654296875 0.0361328125
0 0.9091796875 0.1005859375 0.060546875 0.046875
0 0.3388671875 0.7763671875 0.083984375 0.0634765625
0 0.47265625 0.6142578125 0.0400390625 0.0537109375
0 0.7529296875 0.423828125 0.0927734375 0.05078125
0 0.4873046875 0.7724609375 0.037109375 0.0654296875
0 0.2119140625 1.0 0.0361328125 0.03515625
0 0.384765625 0.4892578125 0.037109375 0.0693359375
0 0.4677734375 0.1845703125 0.02734375 0.0634765625
0 0.083984375 0.0341796875 0.0400390625 0.0341796875
0 0.0537109375 0.79296875 0.0537109375 0.0361328125
0 0.955078125 1.0 0.02734375 0.0419921875
0 0.544921875 0.1806640625 0.0517578125 0.048828125
0 0.28515625 0.12109375 0.052734375 0.0537109375
0 0.146484375 0.7822265625 0.03125 0.0517578125
0 0.0849609375 0.2021484375 0.033203125 0.064453125
0 0.7529296875 0.4873046875 0.06640625 0.0595703125
0 0.3994140625 0.6171875 0.029296875 0.060546875
0 0.482421875 0.275390625 0.0576171875 0.048828125
0 0.8466796875 0.6572265625 0.0966796875 0.0625
0 0.4765625 0.837890625 0.05078125 0.048828125
0 0.7314453125 0.9150390625 0.048828125 0.0517578125
0 0.7060546875 0.396484375 0.046875 0.0625
0 0.6611328125 0.779296875 0.0771484375 0.052734375
0 0.7919921875 0.9306640625 0.03515625 0.05078125
0 0.7265625 0.52734375 0.11328125 0.0546875
0 0.28515625 1.0 0.064453125 0.025390625
0 0.189453125 1.0 0.0869140625 0.0361328125
0 0.4443359375 0.814453125 0.0546875 0.056640625
0 0.970703125 0.771484375 0.07421875 0.05078125
0 0.7666015625 0.70703125 0.0458984375 0.0419921875
0 0.083984375 0.927734375 0.083984375 0.060546875
