0 0.1787109375 0.3154296875 0.1259765625 0.078125
0 0.23046875 0.23828125 0.1103515625 0.0869140625
0 0.3037109375 0.189453125 0.06640625 0.119140625
0 0.2802734375 0.287109375 0.076171875 0.078125
0 0.115234375 0.513671875 0.099609375 0.103515625
0 0.1875 0.421875 0.0732421875 0.06640625
0 0.2158203125 0.505859375 0.0693359375 0.09375
0 0.078125 0.89453125 0.0712890625 0.0732421875
0 0.2197265625 0.955078125 0.0712890625 0.0927734375
0 0.31640625 0.9482421875 0.068359375 0.076171875
0 0.4052734375 0.34375 0.1103515625 0.0810546875
0 0.515625 0.353515625 0.076171875 0.064453125
0 0.740234375 0.4169921875 0.0859375 0.1044921875
0 0.6748046875 0.482421875 0.0703125 0.0712890625
0 0.64453125 0.51953125 0.064453125 0.0625
0 0.6640625 0.6337890625 0.083984375 0.1171875
0 0.7763671875 0.5244140625 0.09765625 0.087890625
0 0.6435546875 0.818359375 0.107421875 0.05859375
0 0.689453125 0.87109375 0.15625 0.0654296875
0 0.599609375 0.96875 0.1103515625 0.1015625
0 0.3876953125 0.9873046875 0.0732421875 0.087890625
0 0.7861328125 0.833984375 0.056640625 0.0673828125
0 0.890625 0.9052734375 0.072265625 0.0712890625
0 0.951171875 0.884765625 0.0693359375 0.08203125
0 0.9345703125 0.955078125 0.1484375 0.0771484375
0 0.7900390625 0.9423828125 0.0419921875 0.0712890625
0 0.998046875 1.0 0.0556640625 0.0458984375
0 0.6962890625 0.5478515625 0.0625 0.0830078125
