0 0.189453125 0.2294921875 0.0556640625 0.0849609375
0 0.240234375 0.1669921875 0.0546875 0.0791015625
0 0.2626953125 0.2666015625 0.046875 0.0654296875
0 0.302734375 0.197265625 0.078125 0.0908203125
0 0.0576171875 0.53515625 0.0576171875 0.0615234375
0 0.1806640625 0.4892578125 0.0751953125 0.056640625
0 0.15625 0.5517578125 0.05859375 0.044921875
0 0.234375 0.62109375 0.0634765625 0.0517578125
0 0.177734375 1.0 0.0771484375 0.0625
0 0.1787109375 0.8935546875 0.0576171875 0.0517578125
0 0.2294921875 0.8828125 0.0546875 0.0625
0 0.181640625 0.8271484375 0.11328125 0.05859375
0 0.080078125 0.8310546875 0.080078125 0.0576171875
0 0.1005859375 0.8876953125 0.080078125 0.0458984375
0 0.375 0.83984375 0.0830078125 0.048828125
0 0.224609375 0.75 0.076171875 0.0537109375
0 0.365234375 0.677734375 0.06640625 0.056640625
0 0.3935546875 0.59765625 0.0732421875 0.0556640625
0 0.48046875 0.6455078125 0.076171875 0.083984375
0 0.521484375 0.529296875 0.068359375 0.05859375
0 0.44921875 0.33203125 0.0517578125 0.0615234375
0 0.9990234375 0.3671875 0.0625 0.072265625
0 0.3837890625 0.056640625 0.06640625 0.056640625
0 0.4306640625 0.126953125 0.08203125 0.0810546875
0 0.4775390625 0.150390625 0.0771484375 0.0703125
0 0.4931640625 0.224609375 0.0517578125 0.0595703125
0 0.5625 0.2099609375 0.078125 0.0869140625
0 0.556640625 0.3037109375 0.0830078125 0.0810546875
0 0.6591796875 0.1611328125 0.080078125 0.05859375
0 0.7255859375 0.1064453125 0.0771484375 0.0712890625
0 0.6123046875 0.033203125 0.0634765625 0.033203125
0 1.0 0.041015625 0.0966796875 0.041015625
0 0.8876953125 0.146484375 0.0966796875 0.0732421875
0 0.7724609375 0.1201171875 0.0712890625 0.05859375
0 0.7734375 0.1845703125 0.0654296875 0.0654296875
0 0.66796875 0.3271484375 0.0703125 0.11328125
0 0.7373046875 0.287109375 0.056640625 0.08984375
0 0.8017578125 0.3173828125 0.072265625 0.0830078125
0 0.81640625 0.2333984375 0.076171875 0.080078125
0 0.9072265625 0.337890625 0.1044921875 0.076171875
0 0.724609375 0.37890625 0.1201171875 0.0556640625
0 0.7841796875 0.3798828125 0.0693359375 0.048828125
0 0.857421875 0.4560546875 0.0947265625 0.1103515625
0 0.7763671875 0.568359375 0.060546875 0.0732421875
0 0.6298828125 0.568359375 0.060546875 0.0517578125
0 0.5771484375 0.6171875 0.0673828125 0.0556640625
0 0.5869140625 0.6650390625 0.087890625 0.05859375
0 0.5615234375 0.724609375 0.1015625 0.060546875
0 0.517578125 0.8134765625 0.06640625 0.06640625
0 0.4736328125 0.865234375 0.0732421875 0.056640625
0 0.5029296875 0.9072265625 0.095703125 0.048828125
0 0.681640625 0.89453125 0.076171875 0.0654296875
0 0.8037109375 0.77734375 0.1337890625 0.0625
0 0.7333984375 0.7177734375 0.05078125 0.0390625
0 0.783203125 0.685546875 0.0712890625 0.04296875
0 0.9365234375 0.7138671875 0.0966796875 0.0712890625
0 1.0 0.6611328125 0.0849609375 0.0478515625
0 0.9150390625 0.7958984375 0.0810546875 0.0595703125
0 1.0 0.7919921875 0.068359375 0.0654296875
0 0.8759765625 0.875 0.087890625 0.05078125
0 0.83203125 0.9091796875 0.078125 0.056640625
0 0.8173828125 0.984375 0.046875 0.05078125
0 0.9951171875 0.865234375 0.0771484375 0.056640625
0 0.9873046875 0.94140625 0.060546875 0.0625
