0 0.509765625 0.6943359375 0.06640625 0.0791015625
0 0.4140625 0.705078125 0.0615234375 0.087890625
0 0.1279296875 0.1279296875 0.078125 0.0908203125
0 0.46484375 0.142578125 0.0732421875 0.08984375
0 0.98046875 0.4052734375 0.0595703125 0.08984375
0 0.6435546875 0.9619140625 0.076171875 0.1025390625
0 0.7666015625 0.435546875 0.046875 0.08984375
0 0.6171875 0.6484375 0.08984375 0.0703125
0 0.568359375 0.4365234375 0.068359375 0.0966796875
0 0.1044921875 0.4833984375 0.1044921875 0.0546875
0 0.666015625 0.46484375 0.046875 0.095703125
0 0.283203125 0.2265625 0.06640625 0.0859375
0 0.6171875 0.083984375 0.078125 0.072265625
0 0.2529296875 0.306640625 0.0732421875 0.099609375
0 0.306640625 0.154296875 0.078125 0.0703125
0 0.3876953125 0.333984375 0.0322265625 0.1025390625
0 0.31640625 0.19921875 0.0693359375 0.05859375
0 0.42578125 0.2705078125 0.087890625 0.076171875
0 0.9384765625 0.1298828125 0.02734375 0.0966796875
0 0.759765625 0.3369140625 0.0712890625 0.0517578125
0 0.279296875 0.90234375 0.025390625 0.0986328125
0 0.9833984375 0.669921875 0.0283203125 0.087890625
0 0.5595703125 0.859375 0.04296875 0.0771484375
0 0.3125 0.4599609375 0.08203125 0.078125
0 0.3662109375 0.87109375 0.0546875 0.0556640625
0 0.927734375 0.1796875 0.04296875 0.0810546875
0 0.1337890625 0.720703125 0.1025390625 0.0810546875
0 0.07421875 0.2646484375 0.0625 0.0556640625
0 0.62109375 0.4638671875 0.03125 0.08984375
0 0.7451171875 0.818359375 0.0693359375 0.03515625
0 0.8046875 0.9306640625 0.0234375 0.09765625
0 0.5791015625 0.998046875 0.03515625 0.0546875
0 0.177734375 0.79296875 0.1728515625 0.083984375
0 0.939453125 0.380859375 0.033203125 0.0908203125
0 0.095703125 0.337890625 0.05078125 0.0703125
0 0.1552734375 0.9140625 0.0546875 0.0322265625
0 0.1875 0.7392578125 0.0263671875 0.0517578125
0 0.8115234375 0.9755859375 0.046875 0.0517578125
0 0.24609375 1.0 0.0390625 0.068359375
0 0.7431640625 0.7568359375 0.06640625 0.0224609375
0 0.962890625 0.8212890625 0.0732421875 0.0654296875
0 0.201171875 0.9921875 0.1181640625 0.048828125
0 0.7158203125 0.7119140625 0.0625 0.0400390625
0 0.74482421875 0.5494140625 0.09462890625000009 0.05009765625000001
0 0.7392578125 0.08984375 0.0439453125 0.0654296875
0 0.5009765625 0.783203125 0.0517578125 0.0361328125
0 0.0712890625 0.6328125 0.041015625 0.0830078125
0 0.4345703125 0.5205078125 0.072265625 0.0224609375
0 0.568359375 0.111328125 0.0380859375 0.083984375
0 0.8291015625 0.45703125 0.05078125 0.072265625
0 0.701171875 0.0341796875 0.0478515625 0.033203125
0 0.666015625 0.7607421875 0.037109375 0.068359375
0 0.716796875 0.8623046875 0.09375 0.046875
0 0.5771484375 0.544921875 0.05078125 0.0498046875
0 0.767578125 0.896484375 0.0615234375 0.0556640625
0 0.5419921875 0.87890625 0.1435546875 0.048828125
0 0.6298828125 0.19921875 0.0615234375 0.0673828125
0 0.6298828125 0.2958984375 0.0419921875 0.048828125
0 0.6484375 0.2958984375 0.0263671875 0.0576171875
0 0.439453125 0.5166015625 0.029296875 0.0517578125
0 0.9912109375 0.1376953125 0.0595703125 0.0419921875
