0 0.298828125 0.998046875 0.1279296875 0.046875
0 0.7841796875 1.0 0.1298828125 0.115234375
0 0.2021484375 0.716796875 0.0927734375 0.07421875
0 0.6669921875 0.8916015625 0.107421875 0.0869140625
0 1.0 0.9990234375 0.0869140625 0.0712890625
0 0.3466796875 0.4091796875 0.072265625 0.109375
0 0.5146484375 0.9482421875 0.09765625 0.1103515625
0 0.525390625 0.748046875 0.0810546875 0.0966796875
0 0.296875 0.1767578125 0.08984375 0.1044921875
0 0.6767578125 0.21484375 0.0751953125 0.1298828125
0 0.4716796875 0.2021484375 0.091796875 0.1396484375
0 0.4873046875 0.4111328125 0.095703125 0.1015625
0 0.939453125 0.6142578125 0.1201171875 0.0673828125
0 0.056640625 0.654296875 0.056640625 0.0849609375
0 0.9169921875 0.5322265625 0.0947265625 0.0927734375
0 0.7451171875 0.7099609375 0.0771484375 0.08203125
0 0.4267578125 0.90234375 0.09765625 0.2099609375
0 0.8896484375 0.259765625 0.087890625 0.087890625
0 0.1748046875 0.3896484375 0.1201171875 0.0830078125
0 0.072265625 0.447265625 0.072265625 0.142578125
0 0.57421875 0.197265625 0.109375 0.0849609375
0 0.2431640625 0.5048828125 0.09375 0.11328125
0 0.7548828125 0.3798828125 0.1357421875 0.1728515625
0 1.0 0.453125 0.216796875 0.1982421875
0 0.6044921875 0.341796875 0.0703125 0.091796875
0 0.5322265625 0.287109375 0.0830078125 0.087890625
0 0.05078125 0.341796875 0.05078125 0.1396484375
0 0.5966796875 0.6015625 0.1669921875 0.08984375
0 0.072265625 0.197265625 0.0693359375 0.080078125
0 0.1572265625 0.08203125 0.107421875 0.080078125
0 1.0 0.7041015625 0.1025390625 0.07421875
0 0.6171875 0.06640625 0.1123046875 0.06640625
0 0.14453125 0.5791015625 0.0595703125 0.072265625
0 1.0 0.482421875 0.109375 0.0810546875
0 1.0 0.8017578125 0.068359375 0.0771484375
0 0.9462890625 1.0 0.1318359375 0.0556640625
0 0.583984375 0.7421875 0.0966796875 0.095703125
0 0.787109375 0.2822265625 0.0546875 0.1474609375
0 0.50390625 0.064453125 0.109375 0.0625
