0 0.2900390625 0.5302734375 0.10546875 0.103515625
0 0.322265625 0.3642578125 0.107421875 0.1123046875
0 0.6494140625 0.4345703125 0.134765625 0.1220703125
0 0.4736328125 0.53125 0.150390625 0.08984375
0 0.5947265625 0.6826171875 0.0888671875 0.052734375
0 0.626953125 0.5947265625 0.1572265625 0.10546875
0 0.12109375 0.2744140625 0.119140625 0.09765625
0 0.65234375 0.884765625 0.11328125 0.0751953125
0 0.669921875 1.0 0.16015625 0.09765625
0 0.556640625 0.21875 0.15234375 0.103515625
0 0.2021484375 0.93359375 0.0810546875 0.0712890625
0 0.974609375 0.5546875 0.1025390625 0.1201171875
0 0.8974609375 0.189453125 0.130859375 0.1162109375
0 0.33203125 0.2666015625 0.0947265625 0.107421875
0 0.3046875 0.1025390625 0.10546875 0.1005859375
0 0.5166015625 0.900390625 0.1337890625 0.0771484375
0 0.537109375 0.83984375 0.1044921875 0.080078125
0 0.4296875 0.4306640625 0.060546875 0.083984375
0 0.1875 0.6640625 0.0830078125 0.0771484375
0 1.0 0.4267578125 0.033203125 0.142578125
0 0.2099609375 0.794921875 0.052734375 0.1025390625
0 0.9423828125 0.5068359375 0.1298828125 0.0947265625
0 1.0 0.1142578125 0.0732421875 0.0849609375
0 0.6240234375 0.7001953125 0.0859375 0.0458984375
