0 0.0625 0.189453125 0.0625 0.0830078125
0 0.181640625 0.353515625 0.1240234375 0.09375
0 0.25 0.48828125 0.08203125 0.16796875
0 0.25 0.287109375 0.0546875 0.060546875
0 0.3984375 0.3486328125 0.056640625 0.0634765625
0 0.501953125 0.126953125 0.10546875 0.08984375
0 0.5859375 0.255859375 0.060546875 0.1171875
0 0.66796875 0.232421875 0.06640625 0.0986328125
0 0.6875 0.259765625 0.0595703125 0.0478515625
0 0.7294921875 0.1484375 0.072265625 0.1123046875
0 0.1708984375 0.1015625 0.0791015625 0.099609375
0 0.1708984375 0.1591796875 0.068359375 0.04296875
0 0.904296875 0.1171875 0.0810546875 0.1171875
0 0.8837890625 0.17578125 0.0673828125 0.052734375
0 0.8125 0.2470703125 0.0947265625 0.0791015625
0 0.845703125 0.2861328125 0.0654296875 0.046875
0 0.8935546875 0.3759765625 0.06640625 0.0673828125
0 0.7373046875 0.3447265625 0.0546875 0.0517578125
0 0.9853515625 0.216796875 0.0615234375 0.0556640625
0 1.0 0.16015625 0.05859375 0.0771484375
0 0.03125 0.88671875 0.03125 0.0703125
0 0.046875 0.8232421875 0.046875 0.064453125
0 0.1962890625 0.8525390625 0.083984375 0.109375
0 0.19921875 0.8984375 0.0927734375 0.080078125
0 0.2001953125 0.689453125 0.0732421875 0.041015625
0 0.2958984375 0.6171875 0.0478515625 0.080078125
0 0.3564453125 0.6416015625 0.0673828125 0.0849609375
0 0.3583984375 0.6884765625 0.05859375 0.05078125
0 0.5205078125 0.669921875 0.1337890625 0.0712890625
0 0.5263671875 0.7138671875 0.0927734375 0.0546875
0 0.3896484375 0.73046875 0.0654296875 0.0517578125
0 0.337890625 0.740234375 0.0439453125 0.05078125
0 0.38671875 0.77734375 0.0556640625 0.0556640625
0 0.4990234375 0.8857421875 0.0791015625 0.0947265625
0 0.390625 0.828125 0.0703125 0.0595703125
0 0.3466796875 0.8564453125 0.048828125 0.0693359375
0 0.318359375 0.9677734375 0.0751953125 0.1884765625
0 0.25 0.966796875 0.056640625 0.0654296875
0 0.5322265625 1.0 0.080078125 0.0322265625
0 0.501953125 0.951171875 0.0751953125 0.072265625
0 0.62109375 0.8798828125 0.1103515625 0.0625
0 0.6005859375 0.9228515625 0.109375 0.072265625
0 0.9853515625 0.958984375 0.0986328125 0.0625
0 0.9365234375 0.8818359375 0.05859375 0.046875
0 0.59765625 0.791015625 0.05859375 0.0771484375
0 0.7158203125 0.7744140625 0.09375 0.072265625
0 0.7353515625 0.6982421875 0.046875 0.04296875
0 0.751953125 0.6357421875 0.0634765625 0.0673828125
0 0.802734375 0.6611328125 0.0595703125 0.0556640625
0 0.896484375 0.7255859375 0.0439453125 0.0654296875
0 0.828125 0.7705078125 0.05859375 0.0400390625
0 0.76953125 0.76953125 0.05078125 0.0556640625
0 0.783203125 0.8330078125 0.080078125 0.0419921875
0 1.0 0.71484375 0.076171875 0.0517578125
0 0.802734375 0.7109375 0.044921875 0.0439453125
0 0.802734375 0.9375 0.0419921875 0.0439453125
0 0.7822265625 0.8046875 0.06640625 0.052734375
0 0.701171875 0.232421875 0.087890625 0.0576171875
