0 0.1904296875 0.19921875 0.08203125 0.119140625
0 0.185546875 0.154296875 0.17578125 0.154296875
0 0.6201171875 0.083984375 0.0751953125 0.083984375
0 0.4111328125 0.3095703125 0.046875 0.0634765625
0 0.1259765625 0.4091796875 0.078125 0.072265625
0 0.1083984375 0.7373046875 0.099609375 0.0927734375
0 0.2509765625 0.732421875 0.072265625 0.0947265625
0 0.314453125 0.7587890625 0.0693359375 0.068359375
0 0.640625 0.6611328125 0.189453125 0.0908203125
0 0.4013671875 0.580078125 0.11328125 0.1103515625
0 0.390625 0.3994140625 0.095703125 0.0546875
0 0.4599609375 0.45703125 0.1748046875 0.068359375
0 0.7861328125 0.4208984375 0.06640625 0.1064453125
0 0.9111328125 0.46875 0.1044921875 0.1953125
0 1.0 0.2373046875 0.052734375 0.0947265625
0 0.994140625 0.109375 0.1181640625 0.109375
0 0.9951171875 1.0 0.0966796875 0.1455078125
0 0.8017578125 0.9453125 0.1083984375 0.189453125
0 0.62890625 0.951171875 0.0849609375 0.171875
0 0.7373046875 0.7509765625 0.1640625 0.10546875
0 0.205078125 0.87890625 0.056640625 0.10546875
0 0.263671875 0.841796875 0.0625 0.0517578125
0 0.12890625 1.0 0.0869140625 0.087890625
0 0.06640625 0.876953125 0.06640625 0.08203125
0 0.2451171875 1.0 0.107421875 0.052734375
0 0.40234375 0.9111328125 0.0439453125 0.046875
0 0.259765625 0.8798828125 0.060546875 0.056640625
0 0.3115234375 0.916015625 0.052734375 0.056640625
0 0.767578125 0.3447265625 0.052734375 0.0986328125
