0 0.8369140625 0.93359375 0.138671875 0.07421875
0 0.7001953125 0.74609375 0.1025390625 0.0625
0 0.54296875 0.7109375 0.109375 0.0947265625
0 0.234375 0.634765625 0.08203125 0.078125
0 0.4130859375 0.8994140625 0.08203125 0.087890625
0 0.5859375 0.9931640625 0.099609375 0.1005859375
0 0.189453125 0.7666015625 0.08984375 0.0849609375
0 0.216796875 0.90234375 0.091796875 0.09765625
0 0.4287109375 0.58203125 0.107421875 0.0810546875
0 0.3818359375 0.9873046875 0.080078125 0.115234375
0 0.53515625 0.9169921875 0.1025390625 0.095703125
0 0.44921875 1.0 0.0693359375 0.052734375
0 0.7890625 0.73046875 0.134765625 0.064453125
