0 0.0283203125 0.3212890625 0.0283203125 0.103515625
0 0.130859375 0.3828125 0.0810546875 0.080078125
0 0.091796875 0.470703125 0.0517578125 0.052734375
0 0.1962890625 0.5234375 0.078125 0.0703125
0 0.283203125 0.484375 0.068359375 0.060546875
0 0.4189453125 0.41796875 0.0830078125 0.0908203125
0 0.4853515625 0.2890625 0.0732421875 0.091796875
0 0.611328125 0.314453125 0.08203125 0.08203125
0 0.5947265625 0.419921875 0.0517578125 0.087890625
0 0.7734375 0.4384765625 0.0576171875 0.0625
0 0.9111328125 0.4267578125 0.0625 0.0654296875
0 0.953125 0.41796875 0.0595703125 0.060546875
0 0.587890625 0.126953125 0.0888671875 0.0751953125
0 0.404296875 0.0400390625 0.068359375 0.0400390625
0 0.6650390625 0.0283203125 0.0771484375 0.0283203125
0 0.06640625 0.05078125 0.06640625 0.05078125
0 0.30859375 0.2255859375 0.0693359375 0.0830078125
0 0.7265625 0.6552734375 0.0751953125 0.0595703125
0 0.7158203125 0.7470703125 0.080078125 0.064453125
0 0.7978515625 0.7919921875 0.0654296875 0.072265625
0 0.8857421875 0.80859375 0.09375 0.1005859375
0 0.9697265625 0.8349609375 0.0830078125 0.0556640625
0 0.9384765625 0.732421875 0.0732421875 0.068359375
0 0.9052734375 0.62109375 0.0849609375 0.06640625
0 0.9091796875 0.556640625 0.0654296875 0.068359375
0 0.8203125 0.9599609375 0.068359375 0.0703125
0 0.75 1.0 0.10546875 0.0478515625
0 1.0 1.0 0.0810546875 0.0771484375
0 0.50390625 0.9130859375 0.08203125 0.08984375
0 0.423828125 1.0 0.0771484375 0.04296875
0 0.3271484375 0.9873046875 0.056640625 0.068359375
0 0.1953125 1.0 0.072265625 0.01953125
0 0.12109375 1.0 0.0751953125 0.015625
0 0.1259765625 0.8779296875 0.0546875 0.060546875
0 0.0390625 0.8017578125 0.0390625 0.0693359375
0 0.09375 0.80859375 0.060546875 0.078125
0 0.130859375 0.734375 0.1015625 0.0712890625
0 0.310546875 0.3232421875 0.0556640625 0.080078125
0 0.37109375 0.78515625 0.0869140625 0.083984375
0 0.4033203125 0.6923828125 0.09375 0.1005859375
0 0.3115234375 0.8759765625 0.06640625 0.0517578125
0 0.4130859375 0.8408203125 0.0693359375 0.05859375
0 0.5751953125 0.0390625 0.0732421875 0.0390625
0 0.5283203125 0.908203125 0.0263671875 0.02734375
0 0.603515625 0.986328125 0.0595703125 0.052734375
0 0.99609375 1.0 0.080078125 0.0205078125
0 0.8232421875 0.1904296875 0.0498046875 0.03125
0 0.2705078125 0.9912109375 0.0634765625 0.048828125
