0 0.453125 0.3603515625 0.111328125 0.1162109375
0 0.6416015625 0.4970703125 0.1220703125 0.1298828125
0 0.7626953125 0.6083984375 0.099609375 0.087890625
0 0.45703125 0.6083984375 0.0849609375 0.0859375
0 0.8427734375 0.388671875 0.11328125 0.1220703125
0 0.705078125 0.15625 0.1181640625 0.154296875
0 0.744140625 0.38671875 0.1025390625 0.109375
0 0.5 0.6767578125 0.1005859375 0.0771484375
0 0.662109375 0.365234375 0.1015625 0.1259765625
0 0.3583984375 0.0732421875 0.09375 0.0712890625
0 0.5673828125 0.0654296875 0.1455078125 0.064453125
