0 0.0302734375 0.2060546875 0.0302734375 0.0849609375
0 0.158203125 0.1591796875 0.0556640625 0.0595703125
0 0.2373046875 0.1591796875 0.0556640625 0.0498046875
0 0.119140625 0.2275390625 0.0595703125 0.0771484375
0 0.169921875 0.3896484375 0.064453125 0.0927734375
0 0.0966796875 0.3974609375 0.0888671875 0.0634765625
0 0.091796875 0.330078125 0.0654296875 0.0654296875
0 0.3017578125 0.3642578125 0.0986328125 0.099609375
0 0.3935546875 0.3896484375 0.056640625 0.06640625
0 0.32421875 0.4228515625 0.0712890625 0.0546875
0 0.087890625 0.47265625 0.087890625 0.0751953125
0 0.0224609375 0.5478515625 0.0224609375 0.07421875
0 0.0244140625 0.740234375 0.0244140625 0.0625
0 0.03515625 0.6962890625 0.03515625 0.0498046875
0 0.3896484375 0.759765625 0.0693359375 0.072265625
0 0.26953125 0.8681640625 0.1142578125 0.0810546875
0 0.3994140625 0.2021484375 0.078125 0.06640625
0 0.3095703125 0.0390625 0.0673828125 0.0390625
0 0.4326171875 0.26953125 0.072265625 0.07421875
0 0.0634765625 1.0 0.0634765625 0.0234375
0 0.25390625 1.0 0.1171875 0.0498046875
0 0.0380859375 1.0 0.0380859375 0.1240234375
0 0.5947265625 1.0 0.068359375 0.0400390625
0 0.6591796875 0.982421875 0.052734375 0.044921875
0 0.7412109375 0.9873046875 0.05859375 0.0615234375
0 1.0 0.904296875 0.0361328125 0.0576171875
0 0.646484375 0.8779296875 0.064453125 0.052734375
0 0.5888671875 0.630859375 0.07421875 0.0927734375
0 0.732421875 0.44921875 0.0556640625 0.0546875
0 0.9658203125 0.4052734375 0.0517578125 0.05078125
0 1.0 0.25 0.0556640625 0.1455078125
0 0.46875 0.3603515625 0.072265625 0.0517578125
0 0.4384765625 0.1318359375 0.0751953125 0.0498046875
