0 0.986328125 0.6484375 0.0966796875 0.15625
0 0.3017578125 0.6728515625 0.1376953125 0.126953125
0 0.9716796875 0.3115234375 0.1044921875 0.1474609375
0 0.8603515625 0.287109375 0.107421875 0.1396484375
0 0.3427734375 0.5322265625 0.1318359375 0.1103515625
0 0.6669921875 0.359375 0.103515625 0.103515625
0 0.3154296875 0.150390625 0.1064453125 0.1279296875
0 0.94140625 0.1572265625 0.0830078125 0.1103515625
0 0.197265625 0.5693359375 0.0986328125 0.1142578125
0 0.8896484375 0.625 0.1103515625 0.1103515625
0 0.4072265625 0.8369140625 0.1220703125 0.083984375
0 0.7109375 0.4580078125 0.091796875 0.076171875
0 0.8310546875 0.5185546875 0.07421875 0.0703125
0 0.8974609375 0.5390625 0.080078125 0.099609375
0 0.08984375 0.1171875 0.087890625 0.115234375
0 0.2158203125 0.455078125 0.095703125 0.07421875
0 0.064453125 0.2138671875 0.0576171875 0.0712890625
0 0.2685546875 0.0966796875 0.0810546875 0.091796875
0 0.9931640625 0.998046875 0.083984375 0.0517578125
0 0.98828125 0.109375 0.0986328125 0.1044921875
