0 1.0 0.16015625 0.1328125 0.16015625
0 0.849609375 0.0712890625 0.0849609375 0.0712890625
0 0.7109375 0.0693359375 0.1591796875 0.0693359375
0 0.53125 0.1064453125 0.09375 0.087890625
0 0.6923828125 0.1728515625 0.0986328125 0.0888671875
0 0.375 0.140625 0.125 0.130859375
0 0.1923828125 0.1435546875 0.1025390625 0.119140625
0 0.1171875 0.1416015625 0.1171875 0.11328125
0 0.119140625 0.201171875 0.0888671875 0.08203125
0 0.203125 0.2919921875 0.109375 0.095703125
0 0.12109375 0.376953125 0.08984375 0.103515625
0 0.4248046875 0.3017578125 0.1376953125 0.1005859375
0 0.5458984375 0.4794921875 0.1123046875 0.162109375
0 0.435546875 0.4521484375 0.1064453125 0.0849609375
0 0.6318359375 0.3310546875 0.1044921875 0.1103515625
0 0.8564453125 0.345703125 0.1376953125 0.072265625
0 0.8623046875 0.4521484375 0.123046875 0.1162109375
0 0.74609375 0.494140625 0.095703125 0.0791015625
0 0.7041015625 0.595703125 0.099609375 0.1552734375
0 0.5048828125 0.62109375 0.1005859375 0.1083984375
0 0.3818359375 0.59375 0.087890625 0.0908203125
0 0.150390625 0.52734375 0.091796875 0.0732421875
0 1.0 0.615234375 0.0625 0.078125
0 0.9296875 0.6962890625 0.091796875 0.1396484375
0 0.708984375 0.7275390625 0.087890625 0.125
0 0.2373046875 0.7294921875 0.0869140625 0.091796875
0 0.2685546875 1.0 0.095703125 0.1416015625
0 0.2412109375 1.0 0.111328125 0.041015625
0 0.49609375 1.0 0.09765625 0.0703125
0 0.40625 0.97265625 0.091796875 0.08203125
0 0.6591796875 0.966796875 0.115234375 0.0986328125
0 0.65234375 0.865234375 0.0546875 0.0693359375
0 1.0 0.9228515625 0.09375 0.0771484375
0 0.9794921875 1.0 0.0830078125 0.0576171875
0 0.6015625 1.0 0.1220703125 0.0224609375
0 0.8017578125 0.9873046875 0.0869140625 0.1181640625
0 0.3583984375 0.3681640625 0.0556640625 0.0732421875
