0 0.197265625 0.7431640625 0.072265625 0.0634765625
0 0.271484375 0.77734375 0.0654296875 0.0478515625
0 0.271484375 0.9189453125 0.0712890625 0.060546875
0 0.4169921875 0.646484375 0.0986328125 0.087890625
0 0.45703125 0.7744140625 0.0546875 0.0791015625
0 0.4375 0.9248046875 0.068359375 0.0732421875
0 0.6171875 0.6904296875 0.06640625 0.0634765625
0 0.623046875 0.8701171875 0.064453125 0.064453125
0 0.6328125 0.95703125 0.0625 0.060546875
0 0.1923828125 0.470703125 0.0517578125 0.0810546875
0 0.0341796875 0.4453125 0.0341796875 0.08203125
0 0.0576171875 0.357421875 0.056640625 0.0693359375
0 0.1298828125 0.333984375 0.0576171875 0.0703125
0 0.2041015625 0.3984375 0.0556640625 0.0654296875
0 0.3662109375 0.4521484375 0.0654296875 0.0712890625
0 0.470703125 0.4873046875 0.0517578125 0.0625
0 0.4638671875 0.3662109375 0.0654296875 0.064453125
0 0.3544921875 0.3486328125 0.0625 0.0595703125
0 0.2900390625 0.2724609375 0.0888671875 0.0595703125
0 0.33984375 0.1689453125 0.0537109375 0.0771484375
0 0.4130859375 0.2041015625 0.056640625 0.0634765625
0 0.2197265625 0.0908203125 0.080078125 0.0703125
0 0.134765625 0.068359375 0.078125 0.05859375
0 0.3466796875 0.0771484375 0.0625 0.0771484375
0 0.7958984375 0.056640625 0.0615234375 0.056640625
0 0.5771484375 0.2587890625 0.0703125 0.0517578125
0 0.5869140625 0.35546875 0.0595703125 0.0751953125
0 0.681640625 0.2783203125 0.0625 0.095703125
0 0.6689453125 0.3955078125 0.060546875 0.103515625
0 0.7509765625 0.3291015625 0.0595703125 0.060546875
0 0.8076171875 0.38671875 0.056640625 0.056640625
0 0.8662109375 0.3349609375 0.0537109375 0.0625
0 0.9453125 0.2080078125 0.0986328125 0.0625
0 0.9296875 0.4296875 0.0634765625 0.06640625
0 1.0 0.3818359375 0.078125 0.1015625
0 0.7666015625 0.623046875 0.080078125 0.0625
0 0.888671875 0.6162109375 0.0615234375 0.0712890625
0 1.0 0.611328125 0.0556640625 0.0595703125
0 0.8193359375 0.7373046875 0.16015625 0.0771484375
0 0.923828125 0.71875 0.0712890625 0.0595703125
0 1.0 0.69921875 0.04296875 0.0478515625
0 0.73046875 0.8271484375 0.0478515625 0.0771484375
0 0.8759765625 0.82421875 0.1162109375 0.083984375
0 0.8759765625 0.9091796875 0.0732421875 0.0546875
0 0.7685546875 0.9482421875 0.072265625 0.0810546875
0 0.939453125 0.9970703125 0.0654296875 0.0498046875
0 0.521484375 0.763671875 0.0625 0.0595703125
0 0.078125 0.2021484375 0.078125 0.0625
0 0.4140625 0.849609375 0.0654296875 0.052734375
0 0.0771484375 0.8779296875 0.076171875 0.083984375
0 0.857421875 0.400390625 0.0380859375 0.0517578125
0 0.0380859375 0.1220703125 0.037109375 0.0576171875
0 0.0244140625 0.63671875 0.0244140625 0.0498046875
