0 0.3720703125 1.0 0.091796875 0.0615234375
0 0.7392578125 1.0 0.0830078125 0.0146484375
0 0.4921875 0.9775390625 0.1005859375 0.1240234375
0 0.53125 1.0 0.068359375 0.0595703125
0 0.341796875 0.908203125 0.0546875 0.07421875
0 0.5908203125 0.9140625 0.076171875 0.068359375
0 0.708984375 0.9736328125 0.091796875 0.0888671875
0 0.25 0.8173828125 0.1328125 0.1171875
0 0.078125 0.62109375 0.078125 0.0751953125
0 0.16796875 0.619140625 0.0517578125 0.060546875
0 0.052734375 0.4404296875 0.052734375 0.0556640625
0 1.0 0.021484375 0.0673828125 0.021484375
0 0.3984375 0.0205078125 0.1103515625 0.0205078125
0 0.4921875 0.0185546875 0.099609375 0.0185546875
0 0.552734375 0.0224609375 0.0927734375 0.0224609375
0 0.5478515625 0.099609375 0.0654296875 0.060546875
0 0.6845703125 0.078125 0.0703125 0.0751953125
0 0.6640625 0.1171875 0.07421875 0.0537109375
0 0.8115234375 0.1376953125 0.064453125 0.0830078125
0 0.1875 0.1015625 0.09375 0.0947265625
0 0.2314453125 0.1181640625 0.0712890625 0.0771484375
0 0.3466796875 0.2041015625 0.2314453125 0.0849609375
0 0.3203125 0.169921875 0.080078125 0.083984375
0 0.4384765625 0.146484375 0.0869140625 0.0732421875
0 0.41796875 0.2138671875 0.091796875 0.072265625
0 0.513671875 0.283203125 0.169921875 0.123046875
0 0.775390625 0.41796875 0.0849609375 0.0849609375
0 0.5849609375 0.501953125 0.1474609375 0.1064453125
0 0.212890625 0.5087890625 0.0908203125 0.08984375
0 0.267578125 0.5947265625 0.06640625 0.109375
0 0.4013671875 0.6474609375 0.0771484375 0.0947265625
0 0.505859375 0.5888671875 0.0966796875 0.0595703125
0 0.580078125 0.6025390625 0.099609375 0.05859375
0 0.587890625 0.556640625 0.052734375 0.0703125
0 0.544921875 0.5458984375 0.087890625 0.0576171875
0 0.8203125 0.568359375 0.0888671875 0.0859375
0 0.66796875 0.6611328125 0.091796875 0.064453125
0 0.80078125 0.7041015625 0.064453125 0.0673828125
0 0.564453125 0.7333984375 0.06640625 0.0625
0 0.943359375 0.736328125 0.0576171875 0.0732421875
0 1.0 0.6728515625 0.0615234375 0.0556640625
0 0.572265625 0.375 0.0595703125 0.0595703125
0 1.0 0.1943359375 0.0654296875 0.0732421875
0 1.0 0.11328125 0.041015625 0.0751953125
0 0.88671875 0.0859375 0.078125 0.0859375
0 0.9384765625 0.150390625 0.1337890625 0.10546875
0 0.19921875 0.287109375 0.064453125 0.05859375
0 0.8447265625 0.224609375 0.0576171875 0.0322265625
0 0.736328125 0.1279296875 0.046875 0.041015625
0 0.6015625 0.0869140625 0.0439453125 0.0478515625
0 0.5029296875 0.3544921875 0.0537109375 0.0419921875
0 0.65625 0.7490234375 0.076171875 0.0517578125
0 0.919921875 0.0693359375 0.0498046875 0.041015625
0 0.59375 0.6455078125 0.0703125 0.0615234375
0 0.6787109375 0.7314453125 0.1162109375 0.08203125
0 0.603515625 0.583984375 0.037109375 0.0390625
