0 0.751953125 0.9267578125 0.107421875 0.0693359375
0 0.794921875 0.716796875 0.095703125 0.08984375
0 1.0 0.5595703125 0.0556640625 0.091796875
0 0.91015625 0.2373046875 0.0673828125 0.0791015625
0 0.966796875 0.6748046875 0.0693359375 0.0869140625
0 0.904296875 0.8349609375 0.0693359375 0.068359375
0 0.8369140625 0.5322265625 0.0673828125 0.0830078125
0 0.8515625 0.7568359375 0.064453125 0.0771484375
0 0.7841796875 0.5439453125 0.087890625 0.1357421875
0 0.5703125 0.1748046875 0.0673828125 0.0927734375
0 0.7734375 0.3818359375 0.046875 0.12109375
0 0.849609375 0.3095703125 0.0595703125 0.123046875
