0 0.4306640625 0.0244140625 0.0673828125 0.0244140625
0 0.521484375 0.0439453125 0.119140625 0.0439453125
0 0.7587890625 0.046875 0.091796875 0.046875
0 0.8671875 0.0263671875 0.1005859375 0.0263671875
0 1.0 0.0576171875 0.01171875 0.0576171875
0 0.8154296875 0.1171875 0.0908203125 0.08984375
0 0.7373046875 0.1748046875 0.0576171875 0.126953125
0 0.55859375 0.103515625 0.12890625 0.06640625
0 0.0546875 0.123046875 0.0546875 0.06640625
0 0.3076171875 0.3076171875 0.109375 0.056640625
0 0.609375 0.2431640625 0.1083984375 0.1298828125
0 0.662109375 0.2978515625 0.064453125 0.1025390625
0 0.7236328125 0.3427734375 0.0712890625 0.0654296875
0 0.4208984375 0.5087890625 0.0556640625 0.0478515625
0 0.30859375 0.5712890625 0.1025390625 0.060546875
0 0.138671875 0.5263671875 0.138671875 0.0634765625
0 0.1201171875 0.4443359375 0.0732421875 0.0693359375
0 0.1787109375 0.619140625 0.1357421875 0.1083984375
0 0.037109375 0.638671875 0.037109375 0.0390625
0 0.19140625 0.73828125 0.1201171875 0.046875
0 0.0537109375 0.7685546875 0.0537109375 0.109375
0 0.3759765625 0.73046875 0.08203125 0.0625
0 0.4453125 0.666015625 0.1328125 0.0703125
0 0.5263671875 0.615234375 0.0849609375 0.0615234375
0 0.5693359375 0.666015625 0.0615234375 0.107421875
0 0.625 0.6708984375 0.0576171875 0.08984375
0 0.8388671875 0.46484375 0.0654296875 0.06640625
0 0.9248046875 0.455078125 0.107421875 0.0751953125
0 1.0 0.5732421875 0.0546875 0.109375
0 0.990234375 0.658203125 0.0517578125 0.103515625
0 0.7373046875 0.728515625 0.09765625 0.111328125
0 0.875 0.7900390625 0.111328125 0.12109375
0 0.93359375 0.7255859375 0.087890625 0.072265625
0 0.5869140625 0.8818359375 0.0712890625 0.0791015625
0 0.560546875 0.9443359375 0.0791015625 0.0654296875
0 0.4375 0.9814453125 0.0615234375 0.0634765625
0 0.240234375 0.90234375 0.12109375 0.06640625
0 0.0576171875 0.9482421875 0.0576171875 0.099609375
0 0.1103515625 1.0 0.064453125 0.0478515625
0 0.685546875 1.0 0.0859375 0.0595703125
0 0.5498046875 1.0 0.0791015625 0.0478515625
0 0.78125 0.96484375 0.080078125 0.0888671875
0 0.7509765625 1.0 0.0498046875 0.0537109375
0 0.84765625 0.908203125 0.0712890625 0.048828125
0 0.986328125 0.96484375 0.138671875 0.07421875
0 0.9462890625 0.8759765625 0.0703125 0.1142578125
0 0.9375 0.2353515625 0.0849609375 0.1044921875
0 0.2626953125 0.75390625 0.1015625 0.0634765625
0 0.6640625 0.83203125 0.09375 0.0634765625
0 0.1982421875 0.66796875 0.099609375 0.0634765625
0 0.7763671875 0.75390625 0.134765625 0.134765625
