0 0.1455078125 0.0947265625 0.1162109375 0.0947265625
0 0.3525390625 0.0869140625 0.0859375 0.05859375
0 0.5400390625 0.1015625 0.0869140625 0.1015625
0 0.3232421875 0.2373046875 0.0908203125 0.091796875
0 0.11328125 0.2646484375 0.11328125 0.1298828125
0 0.0693359375 0.39453125 0.0693359375 0.0771484375
0 0.2470703125 0.4951171875 0.05859375 0.064453125
0 0.31640625 0.5107421875 0.0712890625 0.0537109375
0 0.45703125 0.474609375 0.1171875 0.0693359375
0 0.5498046875 0.298828125 0.0732421875 0.06640625
0 0.6533203125 0.4013671875 0.0625 0.0595703125
0 0.7724609375 0.4453125 0.0625 0.0595703125
0 0.8017578125 0.111328125 0.0625 0.076171875
0 0.87109375 0.1162109375 0.0625 0.05078125
0 0.8359375 0.5390625 0.12890625 0.0712890625
0 0.5498046875 0.580078125 0.1083984375 0.05078125
0 0.421875 0.580078125 0.09765625 0.0771484375
0 0.2353515625 0.607421875 0.0849609375 0.078125
0 0.126953125 0.697265625 0.0625 0.0634765625
0 0.533203125 0.7109375 0.0634765625 0.0546875
0 0.798828125 0.724609375 0.1279296875 0.0595703125
0 0.904296875 0.7939453125 0.1083984375 0.0751953125
0 0.9599609375 0.6162109375 0.0634765625 0.04296875
0 0.9521484375 0.9521484375 0.0791015625 0.0771484375
0 0.8935546875 0.966796875 0.0986328125 0.06640625
0 0.6904296875 0.8642578125 0.0556640625 0.0654296875
0 0.5810546875 0.810546875 0.0693359375 0.07421875
0 0.4365234375 0.7509765625 0.0859375 0.060546875
0 0.31640625 0.7978515625 0.060546875 0.0751953125
0 0.232421875 0.794921875 0.068359375 0.0771484375
0 0.5029296875 1.0 0.041015625 0.0615234375
0 1.0 0.14453125 0.0498046875 0.0458984375
0 0.6513671875 0.91796875 0.05859375 0.08203125
0 0.4736328125 0.87890625 0.0693359375 0.0927734375
0 0.076171875 1.0 0.076171875 0.0576171875
0 0.1630859375 0.6474609375 0.0859375 0.0703125
0 0.365234375 0.5634765625 0.0771484375 0.0625
0 0.306640625 0.76171875 0.1142578125 0.064453125
