0 0.123046875 0.9658203125 0.0625 0.0576171875
0 0.5322265625 0.990234375 0.0498046875 0.037109375
0 0.6171875 0.8564453125 0.0595703125 0.0576171875
0 0.56640625 0.849609375 0.0625 0.03515625
0 0.423828125 0.8447265625 0.08203125 0.078125
0 0.46484375 0.8642578125 0.072265625 0.0439453125
0 0.3291015625 0.8701171875 0.0478515625 0.033203125
0 0.296875 0.796875 0.0810546875 0.046875
0 0.27734375 0.8505859375 0.0400390625 0.0458984375
0 0.2021484375 0.5947265625 0.09765625 0.041015625
0 0.1298828125 0.6650390625 0.05078125 0.0478515625
0 0.24609375 0.634765625 0.0263671875 0.0712890625
0 0.3251953125 0.677734375 0.064453125 0.060546875
0 0.3583984375 0.6318359375 0.0517578125 0.0546875
0 0.4658203125 0.6357421875 0.09375 0.0419921875
0 0.6171875 0.595703125 0.060546875 0.05078125
0 0.06640625 0.4443359375 0.05859375 0.05078125
0 0.2578125 0.484375 0.146484375 0.0458984375
0 0.2421875 0.4189453125 0.0498046875 0.0810546875
0 0.2470703125 0.392578125 0.0341796875 0.0517578125
0 0.4140625 0.447265625 0.03125 0.0283203125
0 0.64453125 0.3984375 0.0419921875 0.0927734375
0 0.7373046875 0.501953125 0.0615234375 0.095703125
0 0.7685546875 0.4462890625 0.0478515625 0.056640625
0 0.4912109375 0.1669921875 0.0498046875 0.033203125
0 0.6044921875 0.091796875 0.072265625 0.04296875
0 0.7216796875 0.0498046875 0.0595703125 0.0478515625
0 0.3701171875 0.0537109375 0.080078125 0.0537109375
0 0.3837890625 0.0322265625 0.0576171875 0.0322265625
0 0.19140625 0.142578125 0.068359375 0.0556640625
0 0.96875 0.1357421875 0.0791015625 0.037109375
0 1.0 0.47265625 0.056640625 0.09765625
0 0.90625 0.396484375 0.03125 0.0458984375
0 0.9072265625 0.4287109375 0.0517578125 0.05078125
0 0.9248046875 0.5546875 0.041015625 0.0361328125
0 0.8154296875 0.486328125 0.056640625 0.0625
0 0.6845703125 0.8544921875 0.0498046875 0.06640625
0 0.7177734375 0.873046875 0.0537109375 0.05078125
0 0.8193359375 0.8818359375 0.072265625 0.0390625
0 0.8515625 0.9150390625 0.0947265625 0.03515625
0 0.9814453125 0.876953125 0.064453125 0.064453125
0 0.7568359375 0.9697265625 0.0830078125 0.04296875
0 0.3330078125 1.0 0.0927734375 0.044921875
