0 0.01953125 0.3447265625 0.01953125 0.0576171875
0 0.0908203125 0.330078125 0.064453125 0.0625
0 0.1875 0.79296875 0.0869140625 0.0908203125
0 0.2548828125 0.783203125 0.080078125 0.099609375
0 0.3056640625 0.7041015625 0.05859375 0.07421875
0 0.337890625 0.814453125 0.076171875 0.0595703125
0 0.3515625 0.9111328125 0.0498046875 0.0595703125
0 0.4755859375 0.8544921875 0.0751953125 0.0771484375
0 0.5126953125 1.0 0.0517578125 0.0537109375
0 0.625 1.0 0.0791015625 0.056640625
0 0.4326171875 0.71875 0.056640625 0.1015625
0 0.5302734375 0.6767578125 0.0888671875 0.0654296875
0 0.4072265625 0.5478515625 0.0556640625 0.044921875
0 0.2216796875 0.548828125 0.0595703125 0.0634765625
0 0.10546875 0.6064453125 0.0673828125 0.0673828125
0 0.1025390625 0.4384765625 0.0537109375 0.06640625
0 0.3271484375 0.4541015625 0.0546875 0.0498046875
0 0.3720703125 0.3984375 0.0546875 0.0517578125
0 0.470703125 0.4453125 0.08984375 0.0673828125
0 0.533203125 0.607421875 0.0595703125 0.130859375
0 0.6767578125 0.5302734375 0.0830078125 0.0849609375
0 0.3134765625 0.3515625 0.0771484375 0.0595703125
0 0.2529296875 0.2978515625 0.0537109375 0.068359375
0 0.24609375 0.0263671875 0.0947265625 0.0263671875
0 0.4951171875 0.150390625 0.06640625 0.0859375
0 0.66015625 0.0341796875 0.05859375 0.0341796875
0 0.83203125 0.017578125 0.115234375 0.017578125
0 0.7666015625 0.099609375 0.0537109375 0.05078125
0 0.7685546875 0.197265625 0.046875 0.0791015625
0 0.8759765625 0.1611328125 0.07421875 0.09765625
0 1.0 0.1064453125 0.052734375 0.1064453125
0 0.9384765625 0.0478515625 0.0830078125 0.0478515625
0 0.892578125 0.279296875 0.0859375 0.0634765625
0 0.673828125 0.29296875 0.0419921875 0.0537109375
0 0.7177734375 0.302734375 0.05078125 0.0693359375
0 0.78515625 0.365234375 0.0625 0.0517578125
0 0.767578125 0.4443359375 0.076171875 0.052734375
0 0.7587890625 0.5556640625 0.0703125 0.0849609375
0 0.8095703125 0.5263671875 0.052734375 0.0595703125
0 0.8515625 0.4853515625 0.068359375 0.095703125
0 0.873046875 0.408203125 0.041015625 0.052734375
0 0.9765625 0.4541015625 0.0751953125 0.0615234375
0 0.9677734375 0.33984375 0.05078125 0.068359375
0 0.9638671875 0.5595703125 0.083984375 0.0673828125
0 0.71484375 0.732421875 0.091796875 0.1025390625
0 0.76171875 0.79296875 0.0322265625 0.0693359375
0 0.875 0.919921875 0.0751953125 0.126953125
0 0.7197265625 0.6005859375 0.068359375 0.0830078125
0 0.71875 0.8623046875 0.1083984375 0.0703125
0 0.74609375 0.92578125 0.0693359375 0.0703125
0 0.9970703125 0.9677734375 0.1162109375 0.06640625
0 1.0 0.654296875 0.03125 0.0537109375
0 0.998046875 0.2724609375 0.142578125 0.1015625
