0 0.7021484375 0.873046875 0.21484375 0.0859375
0 0.77734375 0.771484375 0.1630859375 0.15234375
0 1.0 0.4853515625 0.158203125 0.091796875
0 1.0 0.7001953125 0.0205078125 0.119140625
0 0.46484375 0.55859375 0.158203125 0.0810546875
0 0.4482421875 0.43359375 0.1005859375 0.19140625
0 0.146484375 0.2314453125 0.146484375 0.09765625
0 0.0419921875 0.740234375 0.0419921875 0.1728515625
0 0.404296875 0.962890625 0.1083984375 0.1396484375
0 0.2919921875 0.8232421875 0.1484375 0.1669921875
0 1.0 0.8046875 0.0498046875 0.09375
0 0.62109375 1.0 0.0849609375 0.0205078125
0 0.482421875 0.9658203125 0.0673828125 0.0966796875
0 0.5361328125 0.7861328125 0.09375 0.0869140625
0 0.56640625 0.703125 0.0615234375 0.05078125
0 0.56640625 0.5849609375 0.056640625 0.13671875
0 0.7255859375 0.5712890625 0.1005859375 0.064453125
0 0.73046875 0.494140625 0.12890625 0.072265625
0 0.7841796875 0.5029296875 0.0673828125 0.1103515625
0 0.216796875 0.4921875 0.0703125 0.0673828125
0 0.2939453125 0.51171875 0.0732421875 0.0576171875
0 0.30078125 0.583984375 0.0712890625 0.05078125
0 0.2451171875 0.6474609375 0.08984375 0.052734375
0 0.265625 0.4267578125 0.1181640625 0.0654296875
0 0.341796875 0.3779296875 0.1181640625 0.11328125
0 0.0986328125 0.322265625 0.0986328125 0.0947265625
0 0.0859375 0.3759765625 0.0859375 0.06640625
0 0.1767578125 0.0859375 0.1142578125 0.060546875
0 0.7470703125 0.2734375 0.20703125 0.099609375
0 0.8447265625 0.21875 0.0634765625 0.060546875
0 0.86328125 0.0986328125 0.083984375 0.044921875
0 0.7333984375 0.05859375 0.1796875 0.0576171875
0 0.55859375 0.220703125 0.216796875 0.1484375
0 1.0 0.384765625 0.078125 0.0556640625
0 0.9599609375 0.9384765625 0.1240234375 0.08984375
0 0.953125 0.8310546875 0.078125 0.064453125
0 0.994140625 1.0 0.1220703125 0.0185546875
0 0.1162109375 0.9560546875 0.1162109375 0.1591796875
0 0.9765625 0.169921875 0.126953125 0.169921875
