0 0.5576171875 0.3486328125 0.1181640625 0.0595703125
0 1.0 0.9765625 0.1015625 0.0625
0 1.0 0.806640625 0.119140625 0.06640625
0 0.1787109375 0.2451171875 0.1103515625 0.0947265625
0 0.8505859375 0.8076171875 0.1064453125 0.1142578125
0 0.1748046875 0.80078125 0.1748046875 0.1044921875
0 1.0 0.87109375 0.060546875 0.05859375
0 0.2333984375 0.7119140625 0.2333984375 0.08203125
0 0.2294921875 0.947265625 0.216796875 0.1201171875
0 0.685546875 0.19921875 0.123046875 0.0810546875
0 0.9775390625 0.232421875 0.083984375 0.0634765625
0 0.8681640625 0.9462890625 0.13671875 0.0966796875
0 0.501953125 0.2265625 0.169921875 0.1181640625
0 0.6455078125 0.119140625 0.1494140625 0.119140625
0 0.3798828125 0.8427734375 0.1337890625 0.076171875
0 0.88671875 0.001953125 0.13671875 0.001953125
0 0.1748046875 0.3701171875 0.12109375 0.0908203125
0 0.8173828125 0.193359375 0.1494140625 0.0546875
0 0.8701171875 0.0537109375 0.1435546875 0.0537109375
0 0.2978515625 0.798828125 0.0537109375 0.1318359375
0 0.4033203125 0.7724609375 0.2001953125 0.0546875
0 0.0771484375 0.9921875 0.0771484375 0.0439453125
0 0.5966796875 0.3408203125 0.1318359375 0.1337890625
0 0.291015625 0.1025390625 0.1279296875 0.0830078125
0 0.388671875 0.1630859375 0.138671875 0.0791015625
0 0.79296875 0.1650390625 0.1328125 0.060546875
0 0.7666015625 0.4296875 0.056640625 0.09765625
0 0.2587890625 0.6591796875 0.16015625 0.064453125
0 0.048828125 0.52734375 0.048828125 0.068359375
0 1.0 0.9150390625 0.044921875 0.0380859375
0 1.0 0.9990234375 0.048828125 0.0185546875
