0 0.08203125 0.931640625 0.08203125 0.10546875
0 0.1416015625 0.984375 0.1171875 0.0771484375
0 0.2998046875 0.98828125 0.0712890625 0.0595703125
0 0.2861328125 0.861328125 0.0791015625 0.0712890625
0 0.3876953125 1.0 0.09765625 0.044921875
0 0.7958984375 1.0 0.177734375 0.0693359375
0 0.9189453125 1.0 0.0673828125 0.0390625
0 0.9169921875 0.8876953125 0.0908203125 0.0771484375
0 0.685546875 0.8056640625 0.091796875 0.0693359375
0 0.7451171875 0.828125 0.1015625 0.0673828125
0 0.43359375 0.7919921875 0.0751953125 0.0869140625
0 0.4521484375 0.8828125 0.068359375 0.0771484375
0 0.8720703125 0.7939453125 0.09375 0.0791015625
0 0.712890625 0.72265625 0.0791015625 0.0625
0 0.0302734375 0.55859375 0.0302734375 0.0859375
0 0.0263671875 0.4111328125 0.0263671875 0.0830078125
0 0.1572265625 0.4931640625 0.0751953125 0.1123046875
0 0.1474609375 0.6884765625 0.0908203125 0.0986328125
0 0.2060546875 0.70703125 0.078125 0.0791015625
0 0.306640625 0.736328125 0.07421875 0.0869140625
0 0.349609375 0.6416015625 0.0986328125 0.1044921875
0 0.556640625 0.5380859375 0.095703125 0.0634765625
0 0.6201171875 0.5107421875 0.0615234375 0.0537109375
0 0.5673828125 0.45703125 0.0791015625 0.0673828125
0 0.8603515625 0.5107421875 0.1728515625 0.10546875
0 0.736328125 0.5830078125 0.0888671875 0.0693359375
0 0.638671875 0.630859375 0.08203125 0.080078125
0 0.2978515625 0.4306640625 0.1005859375 0.125
0 0.4111328125 0.43359375 0.0888671875 0.103515625
0 0.3173828125 0.220703125 0.0751953125 0.0791015625
0 0.22265625 0.18359375 0.0654296875 0.052734375
0 0.2109375 0.1630859375 0.0615234375 0.1044921875
0 0.5419921875 0.1650390625 0.0556640625 0.0615234375
0 0.69921875 0.091796875 0.11328125 0.0673828125
0 0.7470703125 0.1513671875 0.12890625 0.095703125
0 0.5322265625 0.095703125 0.083984375 0.095703125
0 0.875 0.05859375 0.12890625 0.05859375
0 0.947265625 0.1630859375 0.12109375 0.0888671875
0 0.9765625 0.236328125 0.0830078125 0.1005859375
0 0.5400390625 0.443359375 0.0546875 0.099609375
0 0.1015625 0.80078125 0.083984375 0.0751953125
0 0.34765625 0.78125 0.046875 0.044921875
