0 0.3359375 0.1728515625 0.0634765625 0.0830078125
0 0.2841796875 0.232421875 0.1015625 0.07421875
0 0.208984375 0.298828125 0.0673828125 0.0615234375
0 0.3759765625 0.30078125 0.1025390625 0.0634765625
0 0.4375 0.4150390625 0.0615234375 0.099609375
0 0.578125 0.376953125 0.0625 0.08984375
0 0.501953125 0.4873046875 0.0458984375 0.0625
0 0.51171875 0.53125 0.0498046875 0.044921875
0 0.5439453125 0.109375 0.0615234375 0.0576171875
0 0.54296875 0.078125 0.0869140625 0.0478515625
0 0.619140625 0.115234375 0.0615234375 0.1044921875
0 0.677734375 0.2236328125 0.0546875 0.1103515625
0 0.7021484375 0.23046875 0.0478515625 0.109375
0 0.7705078125 0.076171875 0.091796875 0.076171875
0 0.8134765625 0.2685546875 0.0517578125 0.0625
0 0.77734375 0.345703125 0.068359375 0.0888671875
0 0.8154296875 0.3447265625 0.0859375 0.0439453125
0 0.849609375 0.447265625 0.072265625 0.080078125
0 0.6455078125 0.4697265625 0.0537109375 0.068359375
0 0.7578125 0.521484375 0.0615234375 0.0859375
0 0.783203125 0.5771484375 0.05859375 0.09375
0 0.662109375 0.6220703125 0.083984375 0.0703125
0 0.7470703125 0.6669921875 0.046875 0.044921875
0 0.7216796875 0.69140625 0.0419921875 0.037109375
0 0.701171875 0.76171875 0.076171875 0.0693359375
0 0.576171875 0.7216796875 0.0732421875 0.076171875
0 0.5703125 0.720703125 0.060546875 0.115234375
0 0.744140625 0.8447265625 0.080078125 0.0693359375
0 0.7783203125 0.9033203125 0.05078125 0.0654296875
0 0.8095703125 0.890625 0.05078125 0.0771484375
0 0.890625 0.8623046875 0.103515625 0.087890625
0 0.958984375 0.7470703125 0.0654296875 0.064453125
0 0.919921875 0.6640625 0.0673828125 0.087890625
0 0.97265625 0.634765625 0.05078125 0.0712890625
0 0.994140625 0.587890625 0.1025390625 0.0703125
0 0.9306640625 0.3779296875 0.083984375 0.10546875
0 0.890625 0.28125 0.078125 0.08984375
0 0.205078125 0.3779296875 0.083984375 0.0517578125
0 0.3896484375 0.4736328125 0.0439453125 0.0224609375
0 0.4375 0.5 0.0419921875 0.064453125
0 0.4658203125 0.6201171875 0.0703125 0.0625
0 0.2783203125 0.65234375 0.0693359375 0.0693359375
0 0.291015625 0.71484375 0.0615234375 0.0576171875
0 0.1767578125 0.642578125 0.06640625 0.068359375
0 0.2822265625 0.6318359375 0.0869140625 0.1005859375
0 0.169921875 0.80859375 0.1044921875 0.05859375
0 0.18359375 0.857421875 0.0703125 0.044921875
0 0.302734375 0.8505859375 0.0576171875 0.0419921875
0 0.33984375 0.8515625 0.05859375 0.0546875
0 0.0693359375 0.673828125 0.0693359375 0.0595703125
0 0.576171875 1.0 0.0693359375 0.0849609375
0 0.6484375 0.974609375 0.091796875 0.0810546875
0 0.548828125 0.91015625 0.0791015625 0.0595703125
0 1.0 0.3759765625 0.0400390625 0.068359375
0 0.169921875 1.0 0.095703125 0.095703125
0 0.2919921875 0.478515625 0.0546875 0.068359375
0 0.33984375 0.380859375 0.1357421875 0.0546875
0 0.33203125 0.423828125 0.0625 0.060546875
0 0.134765625 0.4716796875 0.072265625 0.0810546875
0 0.1552734375 0.376953125 0.1044921875 0.033203125
0 0.03515625 0.2109375 0.03515625 0.0986328125
