0 0.2275390625 0.0625 0.1005859375 0.0625
0 0.3046875 0.197265625 0.0947265625 0.056640625
0 0.6357421875 0.26953125 0.072265625 0.064453125
0 0.419921875 0.37890625 0.078125 0.056640625
0 0.3427734375 0.455078125 0.0888671875 0.0654296875
0 0.4072265625 0.4560546875 0.0634765625 0.068359375
0 0.53125 0.482421875 0.091796875 0.0908203125
0 0.5283203125 0.5712890625 0.06640625 0.0888671875
0 0.5703125 0.5400390625 0.05859375 0.06640625
0 0.5859375 0.462890625 0.046875 0.0537109375
0 0.7265625 0.427734375 0.05078125 0.0634765625
0 0.7568359375 0.7177734375 0.0771484375 0.0810546875
0 0.4208984375 0.626953125 0.0869140625 0.0908203125
0 0.384765625 0.7783203125 0.1513671875 0.0712890625
0 0.40234375 0.87109375 0.0517578125 0.0498046875
0 0.7099609375 0.8125 0.072265625 0.0517578125
0 0.634765625 0.9501953125 0.0654296875 0.0849609375
0 0.673828125 1.0 0.0712890625 0.0908203125
0 0.7412109375 0.998046875 0.052734375 0.0478515625
0 0.3125 0.9345703125 0.0859375 0.0751953125
0 0.07421875 0.7197265625 0.0693359375 0.0908203125
0 0.080078125 0.525390625 0.0478515625 0.0576171875
0 0.146484375 0.521484375 0.068359375 0.0791015625
0 0.82421875 0.8173828125 0.091796875 0.060546875
0 0.958984375 0.775390625 0.07421875 0.0498046875
0 0.89453125 0.80078125 0.0751953125 0.142578125
0 0.9609375 0.8671875 0.0634765625 0.044921875
0 0.96484375 0.9404296875 0.0673828125 0.07421875
0 0.90234375 0.9521484375 0.0576171875 0.064453125
0 0.9404296875 0.578125 0.1064453125 0.0498046875
0 0.962890625 0.455078125 0.0927734375 0.0615234375
0 1.0 0.45703125 0.017578125 0.0693359375
0 0.8544921875 0.279296875 0.095703125 0.09375
0 1.0 0.58984375 0.0390625 0.068359375
