0 0.2314453125 0.78515625 0.05859375 0.08984375
0 0.0859375 0.1025390625 0.07421875 0.0908203125
0 0.990234375 0.46484375 0.0556640625 0.0732421875
0 0.47265625 0.4423828125 0.0908203125 0.04296875
0 0.818359375 0.3369140625 0.0615234375 0.0654296875
0 0.3486328125 0.9208984375 0.0595703125 0.05859375
0 0.2119140625 0.4638671875 0.068359375 0.0439453125
0 0.12890625 0.9345703125 0.0537109375 0.052734375
0 0.6865234375 0.7685546875 0.056640625 0.0732421875
0 0.126953125 0.587890625 0.0849609375 0.041015625
0 0.3623046875 0.9169921875 0.0517578125 0.0693359375
0 1.0 0.2197265625 0.044921875 0.04296875
0 0.1591796875 0.2451171875 0.0986328125 0.029296875
0 0.5087890625 0.0439453125 0.0537109375 0.0439453125
0 0.0927734375 0.7568359375 0.083984375 0.0439453125
0 0.3037109375 0.1484375 0.0712890625 0.0439453125
0 0.529296875 0.28515625 0.0546875 0.04296875
0 0.0146484375 0.171875 0.0146484375 0.0341796875
0 0.201171875 0.8994140625 0.052734375 0.0302734375
0 0.3837890625 0.1181640625 0.0400390625 0.064453125
0 0.537109375 0.7822265625 0.0517578125 0.08984375
0 0.7197265625 0.2666015625 0.0654296875 0.0439453125
0 0.4150390625 0.53125 0.06640625 0.056640625
0 0.068359375 0.486328125 0.0458984375 0.0830078125
0 0.625 0.1728515625 0.0576171875 0.0390625
0 0.5234375 1.0 0.0625 0.044921875
0 0.7568359375 0.6904296875 0.0693359375 0.0498046875
0 0.15234375 0.666015625 0.078125 0.052734375
0 0.392578125 0.3837890625 0.0810546875 0.0439453125
0 0.8447265625 1.0 0.0478515625 0.0419921875
0 0.287109375 1.0 0.041015625 0.0302734375
0 0.8466796875 0.7314453125 0.0595703125 0.0400390625
0 0.392578125 0.5283203125 0.0830078125 0.1103515625
0 0.45703125 0.296875 0.091796875 0.0380859375
0 0.48046875 0.82421875 0.0751953125 0.0322265625
0 0.13310546875 0.31630859375 0.11650390625000001 0.06044921874999998
0 0.412109375 0.7421875 0.0576171875 0.041015625
0 0.3447265625 0.2890625 0.0478515625 0.046875
0 0.998046875 0.556640625 0.0634765625 0.01953125
0 0.5732421875 0.8701171875 0.05859375 0.021484375
0 0.5166015625 0.7216796875 0.0712890625 0.0576171875
0 0.01953125 0.47265625 0.01953125 0.052734375
0 0.50390625 0.4208984375 0.052734375 0.0302734375
0 0.201171875 1.0 0.056640625 0.0126953125
0 0.404296875 0.71484375 0.060546875 0.072265625
0 0.447265625 0.234375 0.033203125 0.0537109375
0 0.125 0.998046875 0.0615234375 0.029296875
0 0.046875 0.611328125 0.046875 0.0322265625
0 0.8876953125 0.96484375 0.0498046875 0.05078125
0 0.5673828125 0.6171875 0.0771484375 0.037109375
0 0.4189453125 0.2646484375 0.0458984375 0.046875
0 0.8701171875 0.400390625 0.056640625 0.0341796875
0 0.9765625 0.568359375 0.0654296875 0.076171875
0 0.103515625 0.3369140625 0.0703125 0.0390625
0 0.15625 0.8134765625 0.1181640625 0.0478515625
0 0.3466796875 0.62890625 0.0537109375 0.0517578125
0 0.9658203125 0.74609375 0.095703125 0.0654296875
0 0.6005859375 0.8447265625 0.1025390625 0.0205078125
0 0.75390625 0.177734375 0.0703125 0.0869140625
0 0.6875 0.87890625 0.041015625 0.0517578125
0 0.744140625 0.9609375 0.044921875 0.0537109375
0 0.78515625 0.9853515625 0.0380859375 0.0546875
0 0.5791015625 1.0 0.0478515625 0.04296875
0 0.33984375 1.0 0.0458984375 0.056640625
0 0.9384765625 0.2412109375 0.044921875 0.0576171875
0 0.072265625 0.1689453125 0.04296875 0.0234375
