0 1.0 0.595703125 0.060546875 0.1806640625
0 0.8564453125 0.3173828125 0.0751953125 0.0947265625
0 0.998046875 0.2900390625 0.087890625 0.1396484375
0 0.8642578125 0.1435546875 0.0791015625 0.0478515625
0 0.7626953125 0.21875 0.0751953125 0.0751953125
0 0.62109375 0.306640625 0.08984375 0.0771484375
0 0.4873046875 0.3310546875 0.0771484375 0.1103515625
0 0.59765625 0.2041015625 0.0810546875 0.0576171875
0 0.4814453125 0.1318359375 0.095703125 0.083984375
0 0.271484375 0.2333984375 0.0791015625 0.103515625
0 0.1669921875 0.1435546875 0.1025390625 0.1220703125
0 0.1015625 0.1982421875 0.0927734375 0.1025390625
0 0.7607421875 0.65625 0.087890625 0.095703125
0 0.599609375 0.533203125 0.099609375 0.1787109375
0 0.96484375 0.7373046875 0.11328125 0.072265625
0 1.0 0.8173828125 0.0751953125 0.0771484375
0 0.896484375 0.837890625 0.1669921875 0.0791015625
0 0.9765625 0.970703125 0.1162109375 0.0927734375
0 1.0 0.912109375 0.064453125 0.076171875
0 0.1025390625 1.0 0.1025390625 0.0478515625
0 0.16796875 0.9814453125 0.1044921875 0.0849609375
0 0.283203125 1.0 0.125 0.0341796875
0 0.181640625 0.876953125 0.0888671875 0.0927734375
0 0.087890625 0.814453125 0.083984375 0.12109375
0 0.1171875 0.712890625 0.0673828125 0.052734375
0 0.2666015625 0.861328125 0.07421875 0.060546875
0 0.2392578125 0.076171875 0.052734375 0.076171875
0 0.4775390625 0.779296875 0.0634765625 0.0986328125
0 0.4716796875 0.888671875 0.0927734375 0.0712890625
0 0.5859375 0.8662109375 0.1220703125 0.0830078125
0 0.615234375 0.78515625 0.123046875 0.0888671875
0 0.7119140625 0.955078125 0.1005859375 0.0849609375
0 0.462890625 1.0 0.0927734375 0.09765625
0 0.9013671875 1.0 0.1455078125 0.029296875
0 1.0 0.412109375 0.095703125 0.0537109375
0 0.576171875 1.0 0.11328125 0.099609375
