0 0.1826171875 0.13671875 0.083984375 0.0908203125
0 0.0849609375 0.6181640625 0.0625 0.052734375
0 0.1025390625 0.796875 0.0869140625 0.0830078125
0 0.2275390625 0.7783203125 0.0771484375 0.07421875
0 0.5078125 0.8896484375 0.078125 0.0859375
0 0.4853515625 0.7236328125 0.0634765625 0.0615234375
0 0.6474609375 0.7841796875 0.1279296875 0.0625
0 0.7138671875 0.8349609375 0.0576171875 0.0712890625
0 0.828125 0.7138671875 0.0771484375 0.0693359375
0 0.822265625 0.7734375 0.072265625 0.0595703125
0 0.9189453125 0.7607421875 0.0947265625 0.076171875
0 1.0 0.3759765625 0.064453125 0.064453125
0 0.8115234375 0.369140625 0.0732421875 0.0634765625
0 0.923828125 0.1884765625 0.0654296875 0.0712890625
0 0.87890625 0.103515625 0.0732421875 0.0673828125
0 0.7314453125 0.1376953125 0.0771484375 0.0859375
0 0.6025390625 0.46875 0.1005859375 0.076171875
0 0.4892578125 0.3837890625 0.076171875 0.0849609375
0 0.5439453125 0.328125 0.072265625 0.0869140625
0 0.5224609375 0.2431640625 0.0546875 0.052734375
0 0.361328125 0.353515625 0.0888671875 0.0712890625
0 0.248046875 0.248046875 0.0859375 0.060546875
0 0.2744140625 0.1904296875 0.083984375 0.0673828125
0 0.09765625 0.322265625 0.09765625 0.064453125
0 0.06640625 0.4287109375 0.06640625 0.0947265625
