0 0.025390625 0.2216796875 0.025390625 0.0439453125
0 0.0380859375 0.3916015625 0.0380859375 0.041015625
0 0.109375 0.498046875 0.0859375 0.0810546875
0 0.123046875 0.591796875 0.0810546875 0.099609375
0 0.0869140625 0.8330078125 0.0576171875 0.080078125
0 0.13671875 0.7529296875 0.0615234375 0.1015625
0 0.2353515625 1.0 0.0615234375 0.0517578125
0 0.3076171875 0.9765625 0.0712890625 0.0849609375
0 0.3125 0.939453125 0.046875 0.05078125
0 0.4443359375 0.904296875 0.052734375 0.0693359375
0 0.3896484375 0.75 0.0732421875 0.1103515625
0 0.4462890625 0.552734375 0.083984375 0.0693359375
0 0.1513671875 0.1357421875 0.0849609375 0.0703125
0 0.4091796875 0.3369140625 0.0849609375 0.0849609375
0 0.40234375 0.244140625 0.0546875 0.0400390625
0 0.3671875 0.0712890625 0.0673828125 0.056640625
0 0.96875 0.0361328125 0.06640625 0.0361328125
0 0.791015625 0.041015625 0.0615234375 0.041015625
0 0.646484375 0.2080078125 0.10546875 0.06640625
0 0.474609375 0.33984375 0.0654296875 0.072265625
0 0.53125 0.5556640625 0.076171875 0.111328125
0 0.61328125 0.5517578125 0.037109375 0.0625
0 0.75 0.5791015625 0.076171875 0.09765625
0 0.8486328125 0.4384765625 0.0556640625 0.05078125
0 0.7802734375 0.384765625 0.05078125 0.056640625
0 0.6884765625 0.3203125 0.056640625 0.044921875
0 1.0 0.2431640625 0.0556640625 0.0546875
0 0.97265625 0.49609375 0.1015625 0.091796875
0 1.0 0.708984375 0.0390625 0.0615234375
0 0.7294921875 0.7587890625 0.1025390625 0.0849609375
0 0.623046875 0.751953125 0.056640625 0.08203125
0 0.62109375 0.8125 0.0517578125 0.060546875
0 0.5458984375 0.71484375 0.0546875 0.080078125
0 0.5322265625 0.9345703125 0.078125 0.09375
0 0.513671875 1.0 0.048828125 0.0478515625
0 0.73046875 1.0 0.056640625 0.04296875
0 0.8828125 1.0 0.0673828125 0.068359375
0 0.9921875 1.0 0.0673828125 0.0703125
0 0.8603515625 0.802734375 0.0810546875 0.1474609375
0 0.8935546875 0.904296875 0.103515625 0.1240234375
0 0.9716796875 0.81640625 0.0517578125 0.05859375
