0 0.115234375 0.1806640625 0.0947265625 0.0771484375
0 0.1953125 0.1728515625 0.0771484375 0.0546875
0 0.130859375 0.0634765625 0.130859375 0.0595703125
0 0.484375 0.111328125 0.0947265625 0.0693359375
0 0.6337890625 0.09765625 0.078125 0.0615234375
0 0.474609375 0.25390625 0.0869140625 0.0927734375
0 0.4150390625 0.3134765625 0.1044921875 0.0615234375
0 0.318359375 0.4150390625 0.1435546875 0.1904296875
0 0.1015625 0.48046875 0.0849609375 0.1015625
0 0.0439453125 0.37890625 0.0439453125 0.05859375
0 0.6171875 0.2802734375 0.142578125 0.0751953125
0 0.57421875 0.47265625 0.095703125 0.1845703125
0 0.853515625 0.185546875 0.1103515625 0.072265625
0 0.8955078125 0.2724609375 0.0751953125 0.0654296875
0 0.93359375 0.4072265625 0.0859375 0.107421875
0 0.951171875 0.5126953125 0.1552734375 0.1015625
0 0.84375 0.6220703125 0.125 0.18359375
0 0.71484375 0.5419921875 0.0771484375 0.115234375
0 0.9970703125 0.1416015625 0.0859375 0.0673828125
0 1.0 0.1650390625 0.029296875 0.150390625
0 1.0 0.705078125 0.037109375 0.0634765625
0 0.859375 0.845703125 0.1142578125 0.126953125
0 0.736328125 0.7841796875 0.17578125 0.0986328125
0 0.57421875 0.7421875 0.10546875 0.115234375
0 0.435546875 0.71484375 0.1201171875 0.0927734375
0 0.34375 0.560546875 0.107421875 0.1220703125
0 0.109375 0.57421875 0.109375 0.0634765625
0 0.1708984375 0.751953125 0.1328125 0.0966796875
0 0.080078125 0.833984375 0.080078125 0.12890625
0 0.3681640625 0.845703125 0.1015625 0.08984375
0 0.5 0.8857421875 0.123046875 0.0654296875
0 0.255859375 1.0 0.138671875 0.0791015625
0 0.6748046875 0.9765625 0.1689453125 0.09765625
0 1.0 0.7685546875 0.0390625 0.0712890625
0 0.740234375 0.6728515625 0.0673828125 0.0810546875
0 0.7646484375 0.974609375 0.103515625 0.0751953125
0 0.05859375 0.98828125 0.05859375 0.0576171875
0 0.396484375 0.2333984375 0.076171875 0.0615234375
