0 0.720703125 0.64453125 0.0888671875 0.0556640625
0 0.724609375 0.58203125 0.0693359375 0.0634765625
0 0.5986328125 0.1953125 0.072265625 0.0927734375
0 0.22265625 0.150390625 0.1044921875 0.05078125
0 0.4091796875 0.7578125 0.09765625 0.0458984375
0 0.69140625 0.7421875 0.0361328125 0.1171875
0 0.9765625 0.4365234375 0.0361328125 0.078125
0 0.091796875 0.1591796875 0.091796875 0.060546875
0 0.1376953125 0.2021484375 0.1005859375 0.041015625
0 0.208984375 0.5029296875 0.1533203125 0.1083984375
0 0.4619140625 0.826171875 0.078125 0.04296875
0 0.91796875 0.16796875 0.0810546875 0.0419921875
0 0.2685546875 0.361328125 0.0673828125 0.044921875
0 0.67578125 0.3330078125 0.080078125 0.0546875
0 0.3798828125 0.2880859375 0.1005859375 0.0537109375
0 0.400390625 0.0771484375 0.08203125 0.04296875
0 0.8525390625 0.0859375 0.0771484375 0.037109375
0 0.2021484375 0.3701171875 0.076171875 0.0322265625
0 0.37109375 0.96484375 0.12109375 0.05078125
0 0.52734375 0.431640625 0.0732421875 0.0400390625
0 0.5419921875 0.166015625 0.0625 0.05859375
0 0.234375 0.0419921875 0.060546875 0.0419921875
0 0.0849609375 0.3818359375 0.0830078125 0.0341796875
0 1.0 0.0966796875 0.04296875 0.033203125
0 0.1875 0.95703125 0.0537109375 0.0283203125
0 0.6083984375 0.6904296875 0.078125 0.0322265625
0 0.18359375 0.6826171875 0.130859375 0.03125
0 1.0 0.9052734375 0.0390625 0.041015625
0 0.1962890625 0.6513671875 0.1064453125 0.048828125
0 0.2373046875 0.8876953125 0.0576171875 0.0693359375
0 0.2158203125 0.767578125 0.1279296875 0.0458984375
0 0.203125 0.9033203125 0.0732421875 0.0380859375
0 0.4638671875 0.1474609375 0.0537109375 0.068359375
0 0.978515625 0.84765625 0.1025390625 0.0390625
0 0.658203125 0.4208984375 0.095703125 0.05859375
0 1.0 0.03125 0.044921875 0.03125
0 0.923828125 0.119140625 0.0615234375 0.037109375
0 0.220703125 0.8681640625 0.16796875 0.0615234375
0 0.060546875 0.0302734375 0.0517578125 0.0302734375
0 0.3779296875 0.6826171875 0.1015625 0.052734375
0 0.8984375 0.3984375 0.0673828125 0.0390625
0 0.576171875 0.7978515625 0.09765625 0.029296875
0 0.38671875 0.375 0.0869140625 0.0458984375
0 0.50390625 0.041015625 0.0634765625 0.0400390625
0 0.228515625 0.1435546875 0.0751953125 0.0498046875
0 0.4833984375 0.52734375 0.0732421875 0.048828125
0 0.7529296875 0.7646484375 0.0693359375 0.0361328125
0 0.95703125 0.6875 0.060546875 0.06640625
0 0.5634765625 0.669921875 0.087890625 0.037109375
0 0.9169921875 0.728515625 0.07421875 0.0390625
0 0.2314453125 1.0 0.0625 0.01953125
0 0.4169921875 0.650390625 0.05078125 0.04296875
0 0.36328125 0.1357421875 0.0615234375 0.0458984375
0 0.3642578125 0.5654296875 0.0859375 0.04296875
0 0.4306640625 0.69140625 0.14453125 0.0595703125
0 0.90234375 0.7802734375 0.0732421875 0.041015625
0 0.4833984375 0.509765625 0.078125 0.0419921875
0 0.0302734375 0.998046875 0.0302734375 0.0224609375
0 0.0537109375 0.677734375 0.0537109375 0.05078125
0 0.1435546875 0.4150390625 0.044921875 0.029296875
0 0.3720703125 0.6064453125 0.0849609375 0.0419921875
0 0.29619140625 0.45849609375 0.15351562500000002 0.03828124999999999
0 0.6484375 0.4072265625 0.091796875 0.0556640625
0 0.8291015625 0.759765625 0.0556640625 0.041015625
0 0.798828125 0.7099609375 0.0595703125 0.0517578125
0 1.0 0.7939453125 0.044921875 0.0478515625
0 0.3388671875 0.58203125 0.099609375 0.0546875
0 0.1279296875 0.544921875 0.1064453125 0.0556640625
0 0.2021484375 0.0458984375 0.134765625 0.0458984375
0 0.2880859375 0.1455078125 0.0439453125 0.0390625
