0 0.09375 0.0361328125 0.064453125 0.0361328125
0 0.2353515625 0.1201171875 0.0830078125 0.0849609375
0 0.4775390625 0.0771484375 0.0986328125 0.0771484375
0 0.615234375 0.0771484375 0.05859375 0.0771484375
0 0.1005859375 0.154296875 0.0732421875 0.0576171875
0 0.2822265625 0.3642578125 0.080078125 0.173828125
0 0.14453125 0.408203125 0.1259765625 0.0556640625
0 0.068359375 0.2822265625 0.068359375 0.068359375
0 0.091796875 0.5087890625 0.091796875 0.0654296875
0 0.1953125 0.5087890625 0.1044921875 0.072265625
0 0.427734375 0.587890625 0.115234375 0.0693359375
0 0.177734375 0.7158203125 0.1123046875 0.08984375
0 0.091796875 0.677734375 0.0595703125 0.083984375
0 0.099609375 0.9775390625 0.0869140625 0.130859375
0 0.17578125 1.0 0.076171875 0.0654296875
0 0.4462890625 0.873046875 0.095703125 0.083984375
0 0.556640625 0.7822265625 0.1220703125 0.1240234375
0 0.646484375 0.66015625 0.0791015625 0.0888671875
0 0.875 0.6689453125 0.1181640625 0.1005859375
0 0.8154296875 0.5400390625 0.0791015625 0.0966796875
0 0.771484375 0.4248046875 0.0615234375 0.072265625
0 0.8212890625 0.169921875 0.08203125 0.0927734375
0 0.951171875 0.30859375 0.0888671875 0.1943359375
0 1.0 0.4365234375 0.0380859375 0.1103515625
0 0.76171875 0.8095703125 0.0947265625 0.095703125
0 0.5869140625 0.8837890625 0.1201171875 0.09375
0 0.654296875 0.9873046875 0.0771484375 0.1005859375
0 0.7744140625 0.9951171875 0.1044921875 0.1611328125
0 0.8623046875 0.9072265625 0.0908203125 0.1533203125
0 0.9755859375 0.87890625 0.1181640625 0.2001953125
