0 0.998046875 1.0 0.08984375 0.052734375
0 0.95703125 0.775390625 0.1025390625 0.115234375
0 0.529296875 0.7060546875 0.1123046875 0.1279296875
0 0.77734375 0.9443359375 0.087890625 0.126953125
0 0.55078125 0.94921875 0.1201171875 0.1279296875
0 0.5546875 0.529296875 0.08984375 0.080078125
0 0.5947265625 1.0 0.0849609375 0.060546875
0 0.3681640625 0.6630859375 0.0810546875 0.095703125
0 0.46484375 0.314453125 0.1650390625 0.1494140625
0 0.875 0.921875 0.0732421875 0.072265625
0 0.2158203125 0.89453125 0.115234375 0.1103515625
0 0.794921875 0.671875 0.1650390625 0.1474609375
0 0.9736328125 0.5888671875 0.095703125 0.1962890625
0 0.7294921875 0.494140625 0.1396484375 0.1591796875
0 0.41796875 0.564453125 0.0849609375 0.0830078125
0 1.0 0.4111328125 0.072265625 0.17578125
0 0.3896484375 0.9541015625 0.0654296875 0.0595703125
0 0.8544921875 0.306640625 0.0703125 0.109375
0 0.1435546875 0.4482421875 0.1328125 0.177734375
0 1.0 0.07421875 0.09765625 0.072265625
0 0.8046875 1.0 0.0654296875 0.05078125
0 0.6767578125 0.2607421875 0.1201171875 0.0615234375
0 0.072265625 0.1416015625 0.0703125 0.1396484375
0 0.05859375 0.2666015625 0.056640625 0.099609375
0 0.109375 0.556640625 0.107421875 0.119140625
0 0.099609375 0.7568359375 0.09765625 0.1123046875
0 0.9296875 0.4375 0.072265625 0.2255859375
0 0.375 0.33984375 0.0732421875 0.103515625
0 0.9052734375 0.5859375 0.0859375 0.1357421875
0 0.9990234375 0.2734375 0.0693359375 0.099609375
0 0.875 0.7021484375 0.0771484375 0.07421875
0 0.6533203125 0.1591796875 0.09375 0.1025390625
0 0.0537109375 0.4287109375 0.0537109375 0.091796875
