0 0.4482421875 1.0 0.130859375 0.041015625
0 0.14453125 1.0 0.083984375 0.0390625
0 0.04296875 0.9873046875 0.04296875 0.11328125
0 0.037109375 0.7236328125 0.037109375 0.06640625
0 0.2626953125 0.814453125 0.0673828125 0.052734375
0 0.6044921875 0.865234375 0.134765625 0.083984375
0 0.447265625 0.859375 0.0595703125 0.0595703125
0 0.7509765625 0.9833984375 0.0712890625 0.0859375
0 0.931640625 1.0 0.0810546875 0.1240234375
0 0.9423828125 0.869140625 0.0791015625 0.068359375
0 0.39453125 0.7333984375 0.115234375 0.0859375
0 0.3232421875 0.6025390625 0.083984375 0.0634765625
0 0.080078125 0.361328125 0.0703125 0.1064453125
0 0.177734375 0.359375 0.0615234375 0.0732421875
0 0.2685546875 0.4150390625 0.076171875 0.0732421875
0 0.2822265625 0.5 0.072265625 0.068359375
0 0.3779296875 0.474609375 0.0791015625 0.072265625
0 0.5107421875 0.3818359375 0.1044921875 0.09375
0 0.44140625 0.38671875 0.0576171875 0.0615234375
0 0.6494140625 0.3701171875 0.0771484375 0.068359375
0 0.357421875 0.2587890625 0.08203125 0.06640625
0 0.3916015625 0.19140625 0.060546875 0.044921875
0 0.4052734375 0.1162109375 0.0703125 0.0673828125
0 0.357421875 0.13671875 0.0625 0.0595703125
0 0.236328125 0.216796875 0.09375 0.07421875
0 0.0390625 0.1435546875 0.0390625 0.056640625
0 0.021484375 0.232421875 0.021484375 0.05859375
0 0.7666015625 0.21875 0.0673828125 0.064453125
0 0.8583984375 0.21484375 0.083984375 0.0576171875
0 0.7783203125 0.4599609375 0.095703125 0.0751953125
0 0.9130859375 0.4130859375 0.064453125 0.06640625
0 0.955078125 0.4033203125 0.08203125 0.0693359375
0 0.92578125 0.296875 0.05859375 0.0517578125
0 1.0 0.296875 0.0791015625 0.0595703125
0 1.0 0.208984375 0.087890625 0.0625
0 0.83984375 0.6591796875 0.1005859375 0.1162109375
0 0.8505859375 0.736328125 0.123046875 0.0810546875
0 0.9755859375 0.63671875 0.1103515625 0.07421875
0 0.9951171875 0.80078125 0.1259765625 0.0810546875
0 0.599609375 0.6015625 0.076171875 0.029296875
