0 0.533203125 0.326171875 0.0830078125 0.1103515625
0 0.662109375 0.296875 0.1103515625 0.0751953125
0 0.529296875 0.0869140625 0.08203125 0.072265625
0 0.7666015625 0.05078125 0.0654296875 0.05078125
0 0.6171875 0.3974609375 0.1103515625 0.0751953125
0 0.6669921875 0.0869140625 0.0703125 0.0869140625
0 0.6044921875 0.2197265625 0.072265625 0.0927734375
0 0.798828125 0.5166015625 0.11328125 0.0712890625
0 0.3896484375 0.724609375 0.0654296875 0.1328125
0 0.83984375 0.2724609375 0.17578125 0.0654296875
0 0.5498046875 0.4716796875 0.0732421875 0.07421875
0 0.671875 0.87890625 0.07421875 0.10546875
0 0.88671875 0.44140625 0.12109375 0.08203125
0 0.841796875 0.0654296875 0.087890625 0.0654296875
0 0.8212890625 0.4443359375 0.0888671875 0.064453125
0 0.796875 0.458984375 0.1005859375 0.0595703125
