0 0.2470703125 0.0439453125 0.08984375 0.0439453125
0 0.0615234375 0.0732421875 0.0595703125 0.0634765625
0 0.3759765625 0.0498046875 0.1064453125 0.0498046875
0 0.4560546875 0.0751953125 0.080078125 0.0625
0 0.2822265625 0.3515625 0.09765625 0.0498046875
0 0.2880859375 0.423828125 0.0673828125 0.056640625
0 0.1484375 0.4130859375 0.1025390625 0.0712890625
0 0.1787109375 0.5 0.080078125 0.0888671875
0 0.044921875 0.4267578125 0.044921875 0.0947265625
0 0.1181640625 0.490234375 0.1181640625 0.0751953125
0 0.0673828125 0.5869140625 0.056640625 0.08984375
0 0.2890625 0.533203125 0.109375 0.0712890625
0 0.546875 0.451171875 0.1328125 0.0810546875
0 0.6064453125 0.5498046875 0.111328125 0.087890625
0 0.6787109375 0.44921875 0.0947265625 0.0634765625
0 0.751953125 0.474609375 0.1064453125 0.0595703125
0 0.8369140625 0.427734375 0.0966796875 0.078125
0 0.6708984375 0.599609375 0.06640625 0.0703125
0 0.693359375 0.5380859375 0.0859375 0.07421875
0 0.7314453125 0.6240234375 0.0654296875 0.0859375
0 0.7822265625 0.6064453125 0.05859375 0.0947265625
0 0.814453125 0.689453125 0.0966796875 0.103515625
0 0.2392578125 0.728515625 0.0927734375 0.09375
0 0.2705078125 0.70703125 0.064453125 0.0791015625
0 0.064453125 0.6533203125 0.0478515625 0.056640625
0 0.3662109375 0.7802734375 0.0810546875 0.0830078125
0 0.3037109375 0.8193359375 0.05859375 0.0810546875
0 0.2548828125 0.810546875 0.0673828125 0.0771484375
0 0.2021484375 0.8291015625 0.046875 0.05859375
0 0.1640625 0.9248046875 0.0634765625 0.07421875
0 0.2294921875 0.9833984375 0.078125 0.08203125
0 0.25390625 0.90625 0.080078125 0.0849609375
0 0.33984375 0.8837890625 0.0712890625 0.07421875
0 0.3330078125 0.93359375 0.0859375 0.0625
0 0.380859375 1.0 0.072265625 0.0634765625
0 0.5615234375 0.9326171875 0.111328125 0.07421875
0 0.53515625 1.0 0.080078125 0.0439453125
0 0.55859375 0.720703125 0.0595703125 0.072265625
0 0.537109375 0.7939453125 0.076171875 0.078125
0 0.611328125 0.75 0.068359375 0.0810546875
0 0.69921875 0.7607421875 0.1005859375 0.0791015625
0 0.6103515625 0.8779296875 0.087890625 0.12109375
0 0.666015625 0.919921875 0.087890625 0.0927734375
0 0.7138671875 0.8447265625 0.0673828125 0.0810546875
0 0.7666015625 0.859375 0.0654296875 0.0830078125
0 0.93359375 0.9306640625 0.095703125 0.083984375
0 0.9970703125 0.8759765625 0.0849609375 0.0693359375
0 0.9580078125 0.849609375 0.0771484375 0.0986328125
0 0.890625 0.7978515625 0.0712890625 0.09375
0 0.8271484375 0.78125 0.064453125 0.0595703125
0 0.943359375 0.7041015625 0.0703125 0.0703125
0 1.0 0.4921875 0.033203125 0.05859375
0 0.9892578125 0.4580078125 0.080078125 0.083984375
0 0.8447265625 0.1201171875 0.0732421875 0.076171875
0 0.6767578125 0.09375 0.08984375 0.068359375
0 0.1396484375 0.27734375 0.068359375 0.0498046875
0 0.7607421875 1.0 0.07421875 0.0478515625
0 0.4892578125 0.8984375 0.0859375 0.0693359375
