0 0.5419921875 0.4140625 0.0849609375 0.0869140625
0 0.697265625 0.51171875 0.0830078125 0.0869140625
0 0.5595703125 0.341796875 0.0927734375 0.1201171875
0 0.4423828125 0.2919921875 0.1103515625 0.1123046875
0 0.6845703125 0.869140625 0.0947265625 0.0947265625
0 0.5595703125 0.875 0.072265625 0.0751953125
0 0.619140625 0.3154296875 0.05078125 0.0732421875
0 0.4892578125 0.6748046875 0.064453125 0.048828125
0 0.109375 0.181640625 0.08984375 0.091796875
0 0.6123046875 0.8173828125 0.080078125 0.0732421875
0 0.724609375 0.046875 0.1171875 0.044921875
0 0.0400390625 0.2666015625 0.0400390625 0.0546875
0 0.4443359375 0.369140625 0.099609375 0.0966796875
0 0.474609375 0.2666015625 0.080078125 0.107421875
0 0.591796875 0.3525390625 0.0537109375 0.0751953125
