0 0.998046875 0.4658203125 0.0576171875 0.099609375
0 0.28515625 0.3232421875 0.052734375 0.103515625
0 0.099609375 0.4658203125 0.072265625 0.087890625
0 0.3818359375 0.4453125 0.0673828125 0.076171875
0 0.2578125 0.74609375 0.08203125 0.1123046875
0 0.482421875 0.1005859375 0.0712890625 0.0771484375
0 0.2353515625 0.4140625 0.0732421875 0.0830078125
0 0.94921875 0.2978515625 0.05078125 0.083984375
0 0.5224609375 0.7412109375 0.0546875 0.076171875
0 0.0419921875 0.333984375 0.0419921875 0.0810546875
0 0.2998046875 0.255859375 0.0439453125 0.087890625
0 0.9794921875 0.201171875 0.05859375 0.072265625
0 0.69140625 0.3447265625 0.0625 0.10546875
0 0.2275390625 0.2607421875 0.0576171875 0.080078125
0 0.423828125 0.1845703125 0.0615234375 0.1171875
0 0.02734375 0.0595703125 0.02734375 0.0595703125
0 0.1396484375 0.7822265625 0.0693359375 0.068359375
0 0.3154296875 0.6728515625 0.0400390625 0.072265625
0 0.845703125 0.76171875 0.0390625 0.06640625
0 0.9111328125 0.1953125 0.048828125 0.0810546875
0 0.0234375 0.603515625 0.0234375 0.0791015625
0 0.123046875 0.83984375 0.0771484375 0.0927734375
0 0.078125 0.583984375 0.0556640625 0.0654296875
0 0.923828125 0.4384765625 0.0361328125 0.08203125
0 0.3291015625 0.47265625 0.0498046875 0.0732421875
0 0.56640625 0.708984375 0.0615234375 0.11328125
0 0.1630859375 0.0751953125 0.025390625 0.0751953125
0 0.583984375 0.5087890625 0.0615234375 0.0625
0 0.1328125 0.3779296875 0.0693359375 0.0517578125
0 0.7021484375 0.40625 0.048828125 0.0771484375
0 0.0537109375 0.998046875 0.0537109375 0.0517578125
0 0.9501953125 0.34765625 0.0546875 0.0625
0 0.775390625 0.845703125 0.0615234375 0.064453125
0 0.447265625 0.8837890625 0.0615234375 0.04296875
0 0.9755859375 0.4072265625 0.0283203125 0.078125
0 0.599609375 0.8701171875 0.0458984375 0.06640625
0 0.8046875 0.3115234375 0.0361328125 0.064453125
0 0.998046875 0.7060546875 0.0224609375 0.0830078125
0 0.6337890625 0.7470703125 0.05859375 0.0478515625
0 0.7060546875 0.646484375 0.029296875 0.064453125
0 0.498046875 0.5732421875 0.0771484375 0.03125
0 0.947265625 1.0 0.033203125 0.0458984375
0 0.1298828125 0.8984375 0.1142578125 0.087890625
0 0.07421875 0.2900390625 0.0615234375 0.037109375
0 0.7529296875 0.4765625 0.0556640625 0.05859375
0 0.251953125 0.603515625 0.0546875 0.0439453125
0 0.6845703125 0.287109375 0.044921875 0.1513671875
0 0.8916015625 0.80859375 0.0537109375 0.052734375
0 0.322265625 0.9462890625 0.0263671875 0.0703125
0 0.40234375 1.0 0.0390625 0.0302734375
0 0.564453125 0.45703125 0.048828125 0.0625
0 0.98046875 0.083984375 0.052734375 0.0615234375
0 0.5625 0.873046875 0.046875 0.072265625
0 0.81640625 0.57421875 0.0693359375 0.0693359375
0 0.1220703125 1.0 0.0537109375 0.025390625
0 0.7724609375 0.205078125 0.1103515625 0.1279296875
0 0.162109375 0.6171875 0.072265625 0.0537109375
0 0.5771484375 0.1611328125 0.087890625 0.03515625
0 0.6865234375 0.486328125 0.052734375 0.0576171875
0 0.185546875 0.66796875 0.080078125 0.060546875
0 0.095703125 0.990234375 0.0498046875 0.05859375
0 0.1357421875 0.8759765625 0.0673828125 0.060546875
0 1.0 0.8583984375 0.0458984375 0.0419921875
0 0.501953125 0.9365234375 0.0576171875 0.046875
0 0.2138671875 0.96484375 0.0859375 0.025390625
0 0.2412109375 0.998046875 0.0498046875 0.044921875
0 0.984375 1.0 0.037109375 0.025390625
0 0.96484375 0.8876953125 0.046875 0.0546875
0 0.8583984375 0.8330078125 0.087890625 0.0400390625
0 0.57421875 0.9072265625 0.041015625 0.0302734375
0 0.666015625 0.787109375 0.044921875 0.044921875
0 0.6357421875 0.5458984375 0.064453125 0.041015625
0 0.3115234375 0.87109375 0.0439453125 0.0380859375
0 0.5810546875 0.6337890625 0.0546875 0.0439453125
0 0.3818359375 0.146484375 0.0625 0.04296875
0 0.2412109375 0.150390625 0.0341796875 0.0498046875
0 0.7392578125 0.556640625 0.0654296875 0.0419921875
0 0.7431640625 0.80078125 0.0478515625 0.07421875
0 0.7216796875 0.2568359375 0.0712890625 0.0556640625
0 0.271484375 0.8017578125 0.0595703125 0.0517578125
0 0.064453125 0.73828125 0.0498046875 0.04296875
0 0.3779296875 0.5478515625 0.0751953125 0.0634765625
0 0.310546875 0.501953125 0.0478515625 0.0341796875
0 0.3154296875 1.0 0.0439453125 0.041015625
0 0.3564453125 1.0 0.0546875 0.0185546875
0 0.9677734375 0.0302734375 0.0654296875 0.0302734375
0 0.392578125 0.208984375 0.033203125 0.078125
0 0.875 0.9833984375 0.03515625 0.0419921875
0 0.9140625 1.0 0.0341796875 0.0302734375
0 0.9462890625 0.2060546875 0.0458984375 0.033203125
