0 1.0 0.2607421875 0.10546875 0.12109375
0 0.4267578125 0.40234375 0.091796875 0.1201171875
0 1.0 0.4765625 0.0771484375 0.0986328125
0 0.3544921875 0.876953125 0.1123046875 0.189453125
0 1.0 0.7197265625 0.0556640625 0.205078125
0 0.40234375 0.5654296875 0.1728515625 0.1826171875
0 0.71875 0.5625 0.0712890625 0.10546875
0 0.5166015625 0.697265625 0.08984375 0.1298828125
0 0.8046875 0.7568359375 0.1630859375 0.2724609375
0 0.431640625 0.9892578125 0.080078125 0.0869140625
0 0.515625 0.24609375 0.166015625 0.0966796875
0 0.998046875 0.10546875 0.140625 0.0634765625
0 0.5595703125 0.9990234375 0.0625 0.1025390625
0 0.58984375 0.0517578125 0.09375 0.0517578125
0 0.517578125 1.0 0.078125 0.275390625
0 0.46484375 0.759765625 0.10546875 0.1728515625
0 0.2109375 0.634765625 0.208984375 0.115234375
0 0.5849609375 0.1728515625 0.189453125 0.1005859375
0 0.689453125 0.3046875 0.2001953125 0.3046875
0 0.94921875 1.0 0.0947265625 0.1005859375
0 1.0 0.185546875 0.1611328125 0.13671875
