0 0.8125 0.0771484375 0.123046875 0.0771484375
0 0.5869140625 0.3671875 0.115234375 0.123046875
0 0.7646484375 0.849609375 0.15234375 0.1279296875
0 0.6005859375 0.451171875 0.1376953125 0.0830078125
0 0.140625 0.12890625 0.125 0.1005859375
0 0.921875 0.7470703125 0.1494140625 0.1728515625
0 0.8271484375 0.4443359375 0.0751953125 0.19140625
0 0.806640625 0.671875 0.1650390625 0.1845703125
0 0.171875 0.431640625 0.169921875 0.2421875
0 0.9658203125 0.220703125 0.1650390625 0.1875
0 0.9345703125 0.0625 0.08984375 0.0625
0 0.419921875 1.0 0.2275390625 0.1630859375
0 0.587890625 0.05078125 0.0947265625 0.05078125
0 1.0 0.58984375 0.107421875 0.1455078125
0 1.0 0.484375 0.0751953125 0.0751953125
0 0.2958984375 0.732421875 0.2607421875 0.1328125
0 0.2822265625 0.6064453125 0.1181640625 0.3203125
0 0.6044921875 0.9970703125 0.1728515625 0.10546875
0 0.982421875 0.501953125 0.1806640625 0.1220703125
0 0.2421875 1.0 0.2392578125 0.271484375
0 1.0 0.1845703125 0.1005859375 0.16015625
0 0.078125 0.80078125 0.076171875 0.353515625
0 0.8720703125 0.3681640625 0.0771484375 0.130859375
