0 0.4658203125 0.388671875 0.099609375 0.0556640625
0 0.3779296875 0.271484375 0.06640625 0.0693359375
0 0.2529296875 0.2783203125 0.0498046875 0.125
0 0.5625 0.8271484375 0.0546875 0.1103515625
0 0.3193359375 0.208984375 0.0693359375 0.0771484375
0 0.673828125 0.5439453125 0.037109375 0.064453125
0 0.4033203125 0.4892578125 0.0703125 0.0927734375
0 0.37109375 0.8115234375 0.0625 0.06640625
0 0.255859375 0.5986328125 0.05859375 0.080078125
0 0.955078125 0.3994140625 0.04296875 0.0625
0 0.6279296875 0.4501953125 0.0595703125 0.0791015625
0 0.396484375 0.9580078125 0.060546875 0.0654296875
0 0.6728515625 0.1923828125 0.05078125 0.1337890625
0 0.5595703125 0.197265625 0.046875 0.0712890625
0 0.96875 0.1552734375 0.0556640625 0.076171875
0 0.9130859375 0.625 0.046875 0.0654296875
0 0.9306640625 0.0556640625 0.046875 0.041015625
0 0.3662109375 0.646484375 0.0546875 0.072265625
0 0.884765625 0.880859375 0.0703125 0.0517578125
0 0.498046875 0.1142578125 0.068359375 0.0693359375
0 0.087890625 0.9453125 0.087890625 0.076171875
0 0.806640625 0.84375 0.072265625 0.0830078125
0 0.4697265625 0.8125 0.056640625 0.0625
0 0.89453125 0.6220703125 0.046875 0.0625
0 0.2744140625 0.8505859375 0.0390625 0.05859375
0 0.095703125 0.0556640625 0.0498046875 0.0556640625
0 0.4736328125 0.1416015625 0.0478515625 0.05859375
0 0.259765625 0.443359375 0.052734375 0.0546875
0 0.78125 0.74609375 0.0458984375 0.0537109375
0 0.46484375 0.775390625 0.091796875 0.060546875
0 0.4384765625 0.060546875 0.05859375 0.056640625
0 0.2607421875 0.67578125 0.046875 0.0537109375
0 0.6689453125 0.234375 0.0712890625 0.0546875
0 1.0 0.9345703125 0.0517578125 0.0458984375
0 0.8525390625 0.8349609375 0.0517578125 0.0654296875
0 0.4609375 0.9248046875 0.0537109375 0.0458984375
0 0.4873046875 1.0 0.0693359375 0.0341796875
0 0.130859375 0.5751953125 0.06640625 0.052734375
0 0.0654296875 0.6376953125 0.052734375 0.046875
0 0.533203125 0.3984375 0.0595703125 0.07421875
0 0.87890625 0.375 0.060546875 0.0341796875
0 0.80078125 0.681640625 0.0498046875 0.0703125
0 0.8154296875 0.681640625 0.0283203125 0.041015625
0 0.1328125 0.3330078125 0.05859375 0.05078125
