0 0.3310546875 0.2880859375 0.1611328125 0.1083984375
0 0.2705078125 0.59375 0.0712890625 0.306640625
0 0.7490234375 0.505859375 0.1044921875 0.171875
0 0.69140625 0.7626953125 0.1181640625 0.08203125
0 0.576171875 0.662109375 0.208984375 0.103515625
0 0.5556640625 0.6181640625 0.146484375 0.083984375
0 0.8173828125 0.51171875 0.09765625 0.087890625
0 0.3369140625 0.7333984375 0.0849609375 0.0986328125
0 0.6298828125 0.291015625 0.15625 0.0771484375
0 0.2119140625 0.34375 0.1181640625 0.0830078125
0 0.3583984375 0.4501953125 0.283203125 0.115234375
0 1.0 0.291015625 0.115234375 0.09765625
0 0.9580078125 0.48828125 0.1630859375 0.166015625
0 0.8984375 0.228515625 0.1201171875 0.228515625
0 0.2783203125 0.1455078125 0.080078125 0.0888671875
0 0.8662109375 0.27734375 0.185546875 0.15625
0 0.310546875 0.072265625 0.068359375 0.0712890625
0 0.876953125 0.626953125 0.2060546875 0.1240234375
0 0.5654296875 0.4345703125 0.18359375 0.177734375
0 0.9794921875 0.966796875 0.1181640625 0.0986328125
0 0.6201171875 0.2119140625 0.1171875 0.1005859375
0 0.5966796875 0.0400390625 0.1064453125 0.0400390625
0 0.693359375 0.181640625 0.0859375 0.181640625
0 0.9267578125 0.1044921875 0.0654296875 0.1044921875
0 0.515625 0.55078125 0.18359375 0.16015625
0 0.607421875 0.509765625 0.1474609375 0.0751953125
0 0.181640625 0.5048828125 0.181640625 0.080078125
0 0.408203125 0.28515625 0.13671875 0.1298828125
0 0.982421875 0.5498046875 0.0927734375 0.0927734375
