0 0.0517578125 0.13671875 0.0517578125 0.1005859375
0 0.0869140625 0.171875 0.076171875 0.0478515625
0 0.1767578125 0.123046875 0.0859375 0.1220703125
0 0.3603515625 0.0908203125 0.0859375 0.08984375
0 0.369140625 0.173828125 0.0654296875 0.0634765625
0 0.2431640625 0.2265625 0.0546875 0.0498046875
0 0.1611328125 0.291015625 0.0703125 0.044921875
0 0.2548828125 0.330078125 0.08984375 0.05859375
0 0.2939453125 0.3779296875 0.0654296875 0.060546875
0 0.1240234375 0.4296875 0.072265625 0.068359375
0 0.1259765625 0.666015625 0.091796875 0.0654296875
0 0.0927734375 0.708984375 0.080078125 0.05078125
0 0.330078125 0.79296875 0.07421875 0.095703125
0 0.291015625 0.8818359375 0.107421875 0.076171875
0 0.3330078125 0.9638671875 0.07421875 0.0625
0 0.2578125 0.97265625 0.0478515625 0.048828125
0 0.1435546875 1.0 0.0625 0.0712890625
0 0.2275390625 1.0 0.0556640625 0.0546875
0 0.4150390625 1.0 0.10546875 0.0517578125
0 0.71875 1.0 0.0771484375 0.0712890625
0 0.611328125 0.9599609375 0.06640625 0.0986328125
0 0.5048828125 0.880859375 0.0478515625 0.0458984375
0 0.41796875 0.837890625 0.056640625 0.0654296875
0 0.474609375 0.8330078125 0.0556640625 0.0576171875
0 0.419921875 0.748046875 0.0517578125 0.0517578125
0 0.5849609375 0.796875 0.064453125 0.0654296875
0 0.7373046875 0.7744140625 0.0703125 0.07421875
0 0.8125 0.8671875 0.064453125 0.0673828125
0 0.91015625 0.8349609375 0.09765625 0.0576171875
0 0.9111328125 0.91015625 0.0810546875 0.0595703125
0 1.0 0.8701171875 0.078125 0.072265625
0 1.0 0.7392578125 0.0380859375 0.08984375
0 0.650390625 0.677734375 0.078125 0.0859375
0 0.802734375 0.666015625 0.05078125 0.0654296875
0 0.8798828125 0.6044921875 0.0654296875 0.08984375
0 0.7724609375 0.505859375 0.0693359375 0.076171875
0 0.5458984375 0.4580078125 0.103515625 0.068359375
0 0.4296875 0.5615234375 0.07421875 0.1337890625
0 0.7880859375 0.3984375 0.0859375 0.06640625
0 0.6474609375 0.33203125 0.1015625 0.08203125
0 0.78125 0.3056640625 0.060546875 0.0517578125
0 0.94140625 0.3369140625 0.109375 0.0693359375
0 0.7373046875 0.19921875 0.0634765625 0.06640625
0 0.9765625 0.1630859375 0.0625 0.06640625
0 0.515625 0.2734375 0.0888671875 0.041015625
0 0.546875 0.3486328125 0.068359375 0.0654296875
0 0.9931640625 0.037109375 0.095703125 0.0361328125
0 0.9208984375 0.529296875 0.0654296875 0.0615234375
0 0.98046875 0.572265625 0.09765625 0.0478515625
0 1.0 0.6376953125 0.0341796875 0.126953125
0 0.041015625 0.4033203125 0.0390625 0.0830078125
0 0.9365234375 0.6474609375 0.064453125 0.0419921875
0 0.84765625 0.740234375 0.056640625 0.0546875
0 0.5732421875 0.5986328125 0.046875 0.056640625
0 0.0400390625 0.294921875 0.0400390625 0.0654296875
0 0.1640625 0.546875 0.0419921875 0.0419921875
0 0.662109375 0.625 0.0458984375 0.05078125
0 0.04296875 0.90234375 0.04296875 0.0556640625
0 0.578125 0.6533203125 0.044921875 0.05859375
0 0.533203125 0.671875 0.0478515625 0.05078125
0 0.8662109375 0.02734375 0.0576171875 0.0263671875
0 0.060546875 0.998046875 0.048828125 0.021484375
