0 0.708984375 0.498046875 0.0537109375 0.099609375
0 0.3984375 0.53125 0.068359375 0.080078125
0 0.365234375 0.9404296875 0.0966796875 0.05859375
0 0.9716796875 0.083984375 0.0625 0.076171875
0 0.388671875 0.373046875 0.0703125 0.068359375
0 0.26171875 0.16796875 0.0751953125 0.072265625
0 0.322265625 0.115234375 0.05859375 0.0654296875
0 0.044921875 0.2197265625 0.044921875 0.0615234375
0 0.7392578125 0.05859375 0.087890625 0.052734375
0 0.869140625 0.947265625 0.0791015625 0.0546875
0 0.2822265625 0.58984375 0.1044921875 0.0712890625
0 0.052734375 0.3310546875 0.046875 0.0791015625
0 0.8515625 0.083984375 0.04296875 0.08203125
0 0.8408203125 0.998046875 0.037109375 0.0810546875
0 0.03125 0.3447265625 0.03125 0.0615234375
0 0.1689453125 0.7265625 0.068359375 0.046875
0 0.5087890625 0.70703125 0.0634765625 0.0556640625
0 0.4951171875 0.9716796875 0.06640625 0.046875
0 0.2939453125 0.53125 0.0712890625 0.048828125
0 0.3271484375 0.720703125 0.0986328125 0.0439453125
0 0.5673828125 0.203125 0.0810546875 0.080078125
0 0.4287109375 0.03125 0.0888671875 0.0302734375
0 0.220703125 0.3759765625 0.076171875 0.044921875
0 0.0595703125 0.5712890625 0.0595703125 0.048828125
0 0.8017578125 0.548828125 0.06640625 0.044921875
0 0.125 0.103515625 0.083984375 0.041015625
0 0.341796875 0.03515625 0.0595703125 0.03515625
0 0.8076171875 0.728515625 0.0615234375 0.0478515625
0 0.7744140625 0.6435546875 0.0625 0.03515625
0 0.1083984375 0.306640625 0.0966796875 0.0908203125
0 0.5703125 0.3525390625 0.06640625 0.0380859375
0 0.271484375 0.34765625 0.0439453125 0.0576171875
0 0.1396484375 0.0517578125 0.0390625 0.0517578125
0 0.41796875 0.8125 0.0693359375 0.0419921875
0 0.8251953125 0.3955078125 0.0419921875 0.0537109375
0 0.53515625 0.2412109375 0.0654296875 0.0615234375
0 0.0224609375 0.947265625 0.0224609375 0.029296875
0 0.556640625 0.6552734375 0.0654296875 0.033203125
0 0.216796875 0.2685546875 0.099609375 0.1240234375
0 0.923828125 0.6572265625 0.0498046875 0.0576171875
0 0.6083984375 0.9453125 0.064453125 0.046875
0 0.7998046875 0.6005859375 0.0478515625 0.0673828125
0 0.947265625 0.1650390625 0.0654296875 0.046875
0 0.0341796875 0.5849609375 0.0341796875 0.0478515625
0 0.4453125 0.998046875 0.0751953125 0.017578125
0 0.2763671875 0.9951171875 0.0703125 0.015625
0 0.17578125 0.0673828125 0.05859375 0.0263671875
0 0.6630859375 0.3837890625 0.0517578125 0.0419921875
0 0.2919921875 0.9638671875 0.060546875 0.0234375
0 0.80078125 0.935546875 0.0595703125 0.0478515625
0 0.5234375 0.3798828125 0.0556640625 0.02734375
0 0.9462890625 0.3759765625 0.046875 0.0234375
0 0.919921875 0.74609375 0.05078125 0.0283203125
0 0.890625 0.5498046875 0.04296875 0.05859375
0 0.70703125 0.9111328125 0.0810546875 0.033203125
0 0.4560546875 0.7421875 0.068359375 0.0361328125
0 0.943359375 0.353515625 0.068359375 0.0380859375
0 0.55859375 0.751953125 0.0498046875 0.0322265625
0 0.56640625 0.3857421875 0.04296875 0.0380859375
0 0.947265625 0.9609375 0.1005859375 0.0966796875
0 0.447265625 0.3564453125 0.0654296875 0.0263671875
0 0.4462890625 0.64453125 0.1015625 0.0673828125
0 0.7607421875 0.978515625 0.083984375 0.025390625
0 0.9697265625 0.578125 0.0546875 0.04296875
0 1.0 0.951171875 0.0380859375 0.037109375
0 0.58203125 0.97265625 0.037109375 0.044921875
0 0.2392578125 0.6845703125 0.05078125 0.0380859375
0 0.0166015625 0.763671875 0.0166015625 0.029296875
0 0.994140625 0.5703125 0.0478515625 0.0341796875
0 0.607421875 0.248046875 0.0634765625 0.0732421875
0 1.0 0.9501953125 0.107421875 0.0517578125
0 1.0 0.9951171875 0.0322265625 0.0517578125
