0 0.0654296875 0.810546875 0.0654296875 0.1064453125
0 0.1044921875 0.6220703125 0.1044921875 0.07421875
0 0.1787109375 0.5869140625 0.0927734375 0.08984375
0 0.103515625 0.484375 0.0654296875 0.0810546875
0 0.158203125 0.2529296875 0.0517578125 0.1064453125
0 0.125 0.345703125 0.0654296875 0.06640625
0 0.1591796875 0.4599609375 0.0595703125 0.08203125
0 0.2236328125 0.2978515625 0.05859375 0.0908203125
0 0.232421875 0.1259765625 0.060546875 0.0810546875
0 0.41015625 0.1171875 0.09375 0.09375
0 0.423828125 0.36328125 0.09375 0.115234375
0 0.3095703125 0.44140625 0.05859375 0.076171875
0 0.26953125 0.4951171875 0.0654296875 0.08203125
0 0.361328125 0.4931640625 0.0673828125 0.0634765625
0 0.4248046875 0.453125 0.0654296875 0.064453125
0 0.28515625 0.609375 0.0751953125 0.0966796875
0 0.416015625 0.64453125 0.0791015625 0.068359375
0 0.3544921875 0.5986328125 0.07421875 0.08203125
0 0.2109375 0.88671875 0.08203125 0.1171875
0 0.3203125 0.859375 0.072265625 0.083984375
0 0.1201171875 0.9482421875 0.06640625 0.07421875
0 0.306640625 1.0 0.119140625 0.0390625
0 0.9326171875 1.0 0.0888671875 0.056640625
0 1.0 0.947265625 0.0771484375 0.068359375
0 0.984375 0.8056640625 0.0830078125 0.091796875
0 0.8173828125 0.8408203125 0.1015625 0.13671875
0 0.72265625 0.6669921875 0.080078125 0.1015625
0 0.818359375 0.662109375 0.076171875 0.076171875
0 0.787109375 0.5576171875 0.072265625 0.080078125
0 1.0 0.6240234375 0.033203125 0.087890625
0 0.9609375 0.5400390625 0.068359375 0.0927734375
0 0.556640625 0.525390625 0.0771484375 0.11328125
0 0.5693359375 0.3984375 0.0849609375 0.0849609375
0 0.7314453125 0.515625 0.1181640625 0.150390625
0 0.685546875 0.296875 0.1025390625 0.1298828125
0 0.7705078125 0.3720703125 0.0771484375 0.0693359375
0 0.9228515625 0.3515625 0.0771484375 0.1123046875
0 0.5068359375 0.1708984375 0.0595703125 0.1357421875
0 0.6552734375 0.1123046875 0.134765625 0.0673828125
0 0.8134765625 0.1103515625 0.0927734375 0.0712890625
0 0.548828125 0.8740234375 0.099609375 0.12890625
0 0.5908203125 0.734375 0.080078125 0.0771484375
0 0.833984375 0.478515625 0.0966796875 0.0703125
0 0.28125 0.1923828125 0.06640625 0.0830078125
0 1.0 0.0712890625 0.0263671875 0.0419921875
0 0.955078125 0.0498046875 0.04296875 0.0419921875
0 0.955078125 0.1416015625 0.037109375 0.041015625
0 0.8583984375 0.419921875 0.05859375 0.07421875
0 0.8857421875 0.455078125 0.0419921875 0.041015625
0 0.60546875 0.390625 0.0546875 0.0546875
0 0.4365234375 0.408203125 0.06640625 0.0625
0 0.03125 0.1806640625 0.03125 0.044921875
0 0.6650390625 0.7685546875 0.0615234375 0.0615234375
0 0.0517578125 0.470703125 0.0361328125 0.0439453125
