0 0.455078125 0.0556640625 0.0869140625 0.0556640625
0 0.9013671875 0.447265625 0.0615234375 0.1630859375
0 0.962890625 0.447265625 0.0810546875 0.1015625
0 0.9267578125 0.5703125 0.0732421875 0.09765625
0 1.0 0.490234375 0.064453125 0.0615234375
0 0.755859375 0.4404296875 0.2431640625 0.1025390625
0 0.6416015625 0.5107421875 0.076171875 0.125
0 0.5478515625 0.443359375 0.0615234375 0.068359375
0 0.6416015625 0.34765625 0.078125 0.0693359375
0 0.5439453125 0.2685546875 0.0888671875 0.109375
0 0.71875 0.3056640625 0.0693359375 0.0556640625
0 0.80859375 0.34375 0.0654296875 0.1630859375
0 0.833984375 0.1884765625 0.115234375 0.1884765625
0 0.228515625 0.23828125 0.0751953125 0.1044921875
0 0.3857421875 0.361328125 0.095703125 0.0830078125
0 0.11328125 0.32421875 0.11328125 0.072265625
0 0.216796875 0.34765625 0.126953125 0.09375
0 0.2587890625 0.455078125 0.2001953125 0.0830078125
0 0.0556640625 0.4248046875 0.0556640625 0.103515625
0 0.30859375 0.5185546875 0.1181640625 0.0693359375
0 0.5146484375 0.5107421875 0.1513671875 0.0751953125
0 0.4169921875 0.57421875 0.1015625 0.09375
0 0.5244140625 0.6015625 0.15625 0.0771484375
0 0.578125 0.5322265625 0.0673828125 0.0830078125
0 0.625 0.6748046875 0.0849609375 0.150390625
0 0.8134765625 0.681640625 0.123046875 0.177734375
0 0.7900390625 0.830078125 0.126953125 0.1787109375
0 0.6591796875 0.8134765625 0.12109375 0.138671875
0 0.443359375 0.82421875 0.1826171875 0.0517578125
0 1.0 0.7861328125 0.0830078125 0.1025390625
0 0.943359375 0.755859375 0.068359375 0.05859375
0 1.0 0.9287109375 0.0595703125 0.0615234375
0 0.984375 1.0 0.0791015625 0.0830078125
0 0.71484375 0.9111328125 0.154296875 0.0673828125
0 0.5517578125 0.9267578125 0.130859375 0.0595703125
0 0.4189453125 0.8818359375 0.158203125 0.0556640625
0 0.185546875 1.0 0.0859375 0.0869140625
0 0.10546875 0.984375 0.10546875 0.0830078125
0 1.0 0.3701171875 0.025390625 0.0615234375
0 0.3193359375 1.0 0.0693359375 0.064453125
0 0.0751953125 0.4609375 0.0751953125 0.0615234375
0 0.0654296875 0.5390625 0.0654296875 0.0546875
0 0.58984375 1.0 0.0634765625 0.05859375
