0 0.7724609375 0.4619140625 0.123046875 0.1123046875
0 0.6015625 0.2548828125 0.1142578125 0.1474609375
0 0.32421875 0.349609375 0.099609375 0.099609375
0 0.5791015625 0.669921875 0.0966796875 0.10546875
0 0.662109375 1.0 0.1123046875 0.078125
0 1.0 0.6171875 0.1103515625 0.1298828125
0 0.27734375 0.494140625 0.0849609375 0.1123046875
0 0.9375 0.40234375 0.1083984375 0.1005859375
0 0.19921875 0.3515625 0.171875 0.099609375
0 0.9443359375 0.9169921875 0.1796875 0.115234375
0 0.412109375 0.94921875 0.10546875 0.0693359375
0 1.0 0.43359375 0.0576171875 0.0546875
0 0.822265625 0.1943359375 0.134765625 0.1796875
0 0.5625 0.71484375 0.0927734375 0.0576171875
0 0.7197265625 0.8125 0.0830078125 0.0654296875
0 0.244140625 0.7548828125 0.0703125 0.056640625
0 0.4775390625 0.5302734375 0.099609375 0.115234375
0 0.5517578125 0.9970703125 0.1220703125 0.15234375
0 0.8974609375 0.697265625 0.087890625 0.072265625
0 0.2744140625 0.8896484375 0.064453125 0.0576171875
0 0.1171875 0.9619140625 0.1005859375 0.0751953125
0 0.681640625 0.51953125 0.048828125 0.046875
0 0.875 0.466796875 0.0576171875 0.052734375
0 0.6640625 0.9169921875 0.107421875 0.0927734375
0 0.5 0.1591796875 0.05078125 0.0966796875
0 0.7392578125 0.0791015625 0.08203125 0.0771484375
0 0.3369140625 0.9921875 0.064453125 0.0751953125
0 0.83203125 0.849609375 0.0654296875 0.0625
0 0.5595703125 0.9072265625 0.08984375 0.0654296875
0 0.9375 0.3369140625 0.0556640625 0.0595703125
0 0.4267578125 0.2626953125 0.064453125 0.12109375
0 0.4775390625 0.4326171875 0.0703125 0.0576171875
0 0.19921875 0.3720703125 0.0712890625 0.056640625
0 0.650390625 0.466796875 0.05078125 0.0546875
0 0.76953125 0.2470703125 0.052734375 0.0947265625
0 0.029296875 0.8466796875 0.02734375 0.0546875
0 0.63671875 1.0 0.0703125 0.16015625
0 0.609375 0.4580078125 0.0556640625 0.09375
