0 0.0400390625 0.1220703125 0.0400390625 0.087890625
0 0.328125 0.068359375 0.078125 0.068359375
0 0.5703125 0.072265625 0.0751953125 0.072265625
0 0.1689453125 0.181640625 0.0849609375 0.095703125
0 0.7587890625 0.099609375 0.091796875 0.099609375
0 0.68359375 0.19921875 0.0546875 0.0615234375
0 0.8173828125 0.30859375 0.0654296875 0.08984375
0 0.490234375 0.30859375 0.0908203125 0.09765625
0 0.59765625 0.458984375 0.0908203125 0.1171875
0 0.736328125 0.4111328125 0.0732421875 0.0732421875
0 0.8701171875 0.4765625 0.0634765625 0.0888671875
0 0.7802734375 0.5166015625 0.0830078125 0.078125
0 0.6806640625 0.5146484375 0.0751953125 0.072265625
0 0.5703125 0.60546875 0.078125 0.0986328125
0 0.7421875 0.6220703125 0.0791015625 0.080078125
0 0.2783203125 0.447265625 0.0751953125 0.091796875
0 0.193359375 0.5146484375 0.0625 0.0859375
0 0.1533203125 0.4072265625 0.0849609375 0.0712890625
0 0.080078125 0.4423828125 0.080078125 0.0703125
0 0.0439453125 0.72265625 0.0439453125 0.0810546875
0 0.20703125 0.7822265625 0.080078125 0.0869140625
0 0.234375 0.8876953125 0.0771484375 0.095703125
0 0.056640625 0.95703125 0.056640625 0.107421875
0 0.486328125 0.828125 0.107421875 0.123046875
0 0.3974609375 0.6884765625 0.1328125 0.2119140625
0 0.833984375 0.7470703125 0.08203125 0.1220703125
0 0.9052734375 0.7568359375 0.0693359375 0.12109375
0 0.5869140625 1.0 0.037109375 0.05078125
0 0.5205078125 0.978515625 0.0595703125 0.0712890625
0 0.341796875 1.0 0.130859375 0.0986328125
0 1.0 0.5419921875 0.0732421875 0.0751953125
0 1.0 0.4384765625 0.052734375 0.0712890625
0 0.9951171875 0.3134765625 0.1142578125 0.0634765625
0 1.0 0.19921875 0.064453125 0.072265625
0 0.951171875 0.1171875 0.0654296875 0.05859375
0 1.0 0.0654296875 0.052734375 0.0615234375
0 1.0 0.9111328125 0.03515625 0.0595703125
0 1.0 0.9921875 0.044921875 0.111328125
0 1.0 0.3720703125 0.0205078125 0.07421875
0 1.0 0.28125 0.044921875 0.0576171875
