0 0.9296875 0.02734375 0.0654296875 0.02734375
0 0.83203125 0.0830078125 0.130859375 0.0791015625
0 0.5615234375 0.05078125 0.0732421875 0.05078125
0 0.41796875 0.0859375 0.08203125 0.0732421875
0 0.171875 0.1357421875 0.0673828125 0.06640625
0 0.0693359375 0.10546875 0.0693359375 0.0634765625
0 0.21875 1.0 0.0830078125 0.052734375
0 0.3193359375 0.966796875 0.072265625 0.0625
0 0.20703125 0.9375 0.072265625 0.0888671875
0 0.1796875 0.8369140625 0.1005859375 0.109375
0 0.2490234375 0.861328125 0.072265625 0.107421875
0 0.1904296875 0.6689453125 0.0849609375 0.06640625
0 0.236328125 0.748046875 0.0791015625 0.0693359375
0 0.380859375 0.7451171875 0.1005859375 0.09375
0 0.3369140625 0.8251953125 0.0712890625 0.0849609375
0 0.3896484375 0.90234375 0.080078125 0.1298828125
0 0.5380859375 0.7900390625 0.0703125 0.0673828125
0 0.603515625 0.8623046875 0.060546875 0.0732421875
0 0.6923828125 0.9228515625 0.0615234375 0.0693359375
0 0.421875 1.0 0.072265625 0.03515625
0 0.7119140625 1.0 0.0546875 0.017578125
0 0.76171875 0.962890625 0.0634765625 0.060546875
0 0.87890625 1.0 0.0654296875 0.046875
0 0.9169921875 0.9677734375 0.060546875 0.0556640625
0 0.9853515625 1.0 0.076171875 0.0400390625
0 0.9345703125 0.8974609375 0.052734375 0.048828125
0 0.892578125 0.8447265625 0.12890625 0.0625
0 0.978515625 0.86328125 0.0625 0.0634765625
0 0.9755859375 0.775390625 0.1494140625 0.064453125
0 1.0 0.7001953125 0.013671875 0.064453125
0 0.9208984375 0.69921875 0.0673828125 0.064453125
0 0.873046875 0.6513671875 0.091796875 0.109375
0 0.724609375 0.55859375 0.0771484375 0.0732421875
0 0.919921875 0.611328125 0.05078125 0.0576171875
0 0.64453125 0.654296875 0.0712890625 0.072265625
0 0.599609375 0.5888671875 0.0673828125 0.06640625
0 0.515625 0.6240234375 0.103515625 0.0751953125
0 0.1240234375 0.51953125 0.0693359375 0.0654296875
0 0.1796875 0.4921875 0.056640625 0.078125
0 0.26953125 0.5390625 0.099609375 0.0751953125
0 0.27734375 0.4248046875 0.056640625 0.080078125
0 0.173828125 0.39453125 0.1044921875 0.0947265625
0 0.3828125 0.376953125 0.083984375 0.087890625
0 0.4921875 0.4580078125 0.0693359375 0.1162109375
0 0.5693359375 0.4970703125 0.0654296875 0.08203125
0 0.14453125 0.2451171875 0.087890625 0.0771484375
0 0.3076171875 0.169921875 0.0830078125 0.0830078125
0 0.357421875 0.2333984375 0.0849609375 0.091796875
0 0.4482421875 0.30078125 0.060546875 0.0654296875
0 0.591796875 0.23828125 0.0908203125 0.06640625
0 0.6044921875 0.3115234375 0.0693359375 0.0771484375
0 0.6845703125 0.3896484375 0.0732421875 0.080078125
0 0.78515625 0.294921875 0.1064453125 0.06640625
0 0.74609375 0.44921875 0.08203125 0.0517578125
0 0.84765625 0.4443359375 0.0625 0.0537109375
0 0.9072265625 0.5185546875 0.0966796875 0.083984375
0 1.0 0.474609375 0.04296875 0.0693359375
0 0.935546875 0.123046875 0.06640625 0.060546875
0 0.8671875 0.234375 0.0712890625 0.123046875
0 0.779296875 0.1962890625 0.0732421875 0.0771484375
0 0.669921875 0.1337890625 0.0673828125 0.0625
0 0.0517578125 0.7314453125 0.048828125 0.056640625
0 0.87109375 0.3681640625 0.06640625 0.0576171875
0 0.501953125 0.27734375 0.0458984375 0.0537109375
0 0.572265625 0.18359375 0.0556640625 0.06640625
0 0.771484375 0.57421875 0.076171875 0.0576171875
0 0.9892578125 0.5859375 0.0458984375 0.052734375
0 0.98828125 0.66796875 0.056640625 0.0576171875
0 0.958984375 0.7021484375 0.03125 0.03125
