0 0.1806640625 0.20703125 0.1220703125 0.1015625
0 0.130859375 0.5517578125 0.1005859375 0.2060546875
0 0.3818359375 0.6513671875 0.1787109375 0.0859375
0 0.5263671875 0.376953125 0.13671875 0.0751953125
0 0.451171875 0.197265625 0.119140625 0.111328125
0 0.8720703125 0.21875 0.0859375 0.1005859375
0 0.84765625 0.5107421875 0.0791015625 0.123046875
0 0.93359375 0.693359375 0.1318359375 0.115234375
0 0.986328125 0.3876953125 0.0771484375 0.2021484375
0 1.0 0.4091796875 0.03125 0.1845703125
0 0.7958984375 0.734375 0.1103515625 0.0771484375
0 0.46484375 0.9130859375 0.111328125 0.0849609375
0 0.3994140625 1.0 0.0771484375 0.0712890625
0 0.2763671875 1.0 0.0634765625 0.013671875
0 0.736328125 1.0 0.0869140625 0.1123046875
0 0.9228515625 0.958984375 0.0654296875 0.0673828125
0 1.0 0.974609375 0.03125 0.1064453125
0 1.0 0.7998046875 0.025390625 0.0888671875
0 0.5185546875 0.30859375 0.126953125 0.06640625
0 0.74609375 0.048828125 0.150390625 0.048828125
0 0.0615234375 0.9482421875 0.0615234375 0.080078125
0 0.5166015625 1.0 0.09375 0.0458984375
0 0.8759765625 0.9921875 0.087890625 0.0595703125
