0 0.7021484375 0.7265625 0.1328125 0.0791015625
0 0.1845703125 0.1142578125 0.1455078125 0.080078125
0 0.859375 0.2890625 0.0751953125 0.0595703125
0 0.6875 0.5 0.0927734375 0.1025390625
0 0.921875 0.1943359375 0.080078125 0.072265625
0 0.556640625 0.857421875 0.072265625 0.0732421875
0 0.54296875 0.2646484375 0.125 0.0927734375
0 0.1494140625 0.65234375 0.1201171875 0.080078125
0 0.1220703125 0.841796875 0.115234375 0.064453125
0 0.7373046875 0.216796875 0.0732421875 0.0625
0 0.5849609375 0.1875 0.0830078125 0.0732421875
0 0.9619140625 0.58984375 0.1123046875 0.08984375
0 0.529296875 0.7548828125 0.072265625 0.0478515625
0 0.162109375 0.3466796875 0.142578125 0.091796875
0 0.8994140625 0.4345703125 0.0869140625 0.0625
0 0.0771484375 0.296875 0.0771484375 0.1201171875
0 0.3515625 0.341796875 0.0830078125 0.09375
0 0.6943359375 1.0 0.158203125 0.078125
0 0.439453125 0.6142578125 0.064453125 0.0751953125
0 0.9970703125 0.76171875 0.099609375 0.0947265625
0 0.7646484375 0.5068359375 0.060546875 0.0595703125
0 0.9375 0.4794921875 0.0830078125 0.0625
0 0.0791015625 0.697265625 0.072265625 0.0556640625
