0 0.6064453125 0.2373046875 0.1142578125 0.2373046875
0 0.6923828125 0.224609375 0.0908203125 0.162109375
0 0.8857421875 0.240234375 0.1142578125 0.146484375
0 0.02734375 0.474609375 0.02734375 0.1171875
0 0.3583984375 0.3603515625 0.095703125 0.193359375
0 0.71875 0.6103515625 0.126953125 0.09375
0 1.0 0.6962890625 0.123046875 0.1337890625
0 0.974609375 0.49609375 0.09765625 0.0751953125
0 0.4775390625 0.7685546875 0.1103515625 0.099609375
0 0.2294921875 0.052734375 0.087890625 0.052734375
0 0.4765625 0.0380859375 0.0498046875 0.0380859375
0 0.90234375 0.0703125 0.099609375 0.0703125
0 0.9951171875 0.1142578125 0.080078125 0.0654296875
0 0.99609375 0.2802734375 0.0703125 0.1083984375
0 0.8310546875 0.39453125 0.0869140625 0.08203125
0 0.734375 0.5517578125 0.080078125 0.060546875
0 0.412109375 0.658203125 0.0908203125 0.0595703125
0 0.7568359375 0.74609375 0.248046875 0.0771484375
0 0.8486328125 0.9091796875 0.056640625 0.0703125
0 1.0 0.873046875 0.0634765625 0.072265625
0 0.9599609375 0.958984375 0.068359375 0.0830078125
0 0.9375 1.0 0.060546875 0.10546875
0 0.74609375 0.8369140625 0.0947265625 0.0595703125
0 0.734375 0.953125 0.146484375 0.1220703125
0 0.7626953125 0.88671875 0.0595703125 0.0419921875
0 0.5400390625 0.908203125 0.0634765625 0.0673828125
0 0.431640625 0.9140625 0.0927734375 0.1318359375
0 0.287109375 0.8095703125 0.0849609375 0.0625
0 0.296875 0.8857421875 0.162109375 0.0888671875
0 0.404296875 0.9892578125 0.09765625 0.1435546875
0 0.306640625 0.6640625 0.0673828125 0.06640625
0 0.2060546875 0.2373046875 0.087890625 0.083984375
0 0.1298828125 0.279296875 0.0625 0.1025390625
0 0.0341796875 0.359375 0.0341796875 0.080078125
