0 0.21484375 0.15234375 0.0927734375 0.08984375
0 0.83203125 0.8798828125 0.1025390625 0.1376953125
0 0.3271484375 0.2373046875 0.0654296875 0.0927734375
0 0.943359375 0.3681640625 0.1103515625 0.1025390625
0 0.9423828125 0.5517578125 0.150390625 0.15234375
0 0.357421875 0.1494140625 0.0732421875 0.1494140625
0 0.1298828125 0.107421875 0.0703125 0.0703125
0 0.9892578125 0.416015625 0.08984375 0.0947265625
0 0.2265625 0.5224609375 0.1123046875 0.1279296875
0 0.857421875 0.5966796875 0.0732421875 0.1123046875
0 0.7724609375 0.0390625 0.068359375 0.0390625
0 0.2939453125 0.05859375 0.083984375 0.05859375
0 1.0 0.083984375 0.0361328125 0.0732421875
0 1.0 0.58203125 0.0654296875 0.125
0 0.697265625 1.0 0.0654296875 0.1240234375
0 0.1416015625 0.439453125 0.1123046875 0.169921875
0 0.912109375 0.287109375 0.0849609375 0.1328125
0 1.0 0.9619140625 0.0458984375 0.1572265625
0 0.134765625 0.9921875 0.0703125 0.140625
0 0.2548828125 0.439453125 0.087890625 0.1123046875
0 0.302734375 0.1171875 0.072265625 0.0634765625
0 0.2646484375 0.3447265625 0.0625 0.1328125
0 0.2099609375 0.9306640625 0.1025390625 0.1416015625
0 0.669921875 0.669921875 0.0751953125 0.078125
0 0.236328125 1.0 0.0830078125 0.21484375
0 0.9697265625 0.267578125 0.078125 0.099609375
0 0.95703125 0.5673828125 0.0751953125 0.16015625
0 0.0595703125 0.564453125 0.0576171875 0.21484375
0 0.0419921875 0.8515625 0.0400390625 0.162109375
0 0.125 0.8623046875 0.087890625 0.15234375
0 0.2646484375 0.966796875 0.0546875 0.162109375
0 0.3291015625 0.9619140625 0.0771484375 0.2001953125
0 0.4072265625 0.77734375 0.0576171875 0.095703125
0 0.357421875 0.9921875 0.0625 0.1328125
0 0.921875 1.0 0.107421875 0.0732421875
0 0.779296875 1.0 0.0849609375 0.0556640625
0 0.041015625 0.173828125 0.041015625 0.083984375
0 0.1962890625 0.03125 0.0771484375 0.03125
