0 0.1064453125 1.0 0.1064453125 0.080078125
0 0.1103515625 0.7001953125 0.1103515625 0.0693359375
0 0.125 0.41015625 0.0595703125 0.103515625
0 0.19140625 0.26171875 0.08203125 0.078125
0 0.232421875 0.1318359375 0.0908203125 0.0830078125
0 0.4404296875 0.29296875 0.107421875 0.0849609375
0 0.453125 0.3720703125 0.099609375 0.068359375
0 0.6142578125 0.2001953125 0.0849609375 0.1103515625
0 0.62890625 0.408203125 0.1123046875 0.0732421875
0 0.693359375 0.349609375 0.080078125 0.0712890625
0 0.318359375 0.662109375 0.068359375 0.0947265625
0 0.197265625 0.755859375 0.0791015625 0.0712890625
0 0.30859375 0.7275390625 0.068359375 0.0625
0 0.232421875 0.841796875 0.07421875 0.0986328125
0 0.4189453125 0.87890625 0.0703125 0.11328125
0 0.5283203125 0.78515625 0.0712890625 0.0546875
0 0.484375 0.8056640625 0.0810546875 0.0908203125
0 0.5888671875 0.880859375 0.0966796875 0.0654296875
0 0.6337890625 0.69140625 0.080078125 0.1025390625
0 0.7392578125 0.9033203125 0.0703125 0.068359375
0 0.611328125 1.0 0.0771484375 0.06640625
0 0.705078125 0.5390625 0.083984375 0.12109375
0 0.9462890625 0.5576171875 0.123046875 0.0791015625
0 0.9755859375 0.654296875 0.068359375 0.087890625
0 1.0 0.67578125 0.0400390625 0.0830078125
0 1.0 0.923828125 0.0693359375 0.0927734375
0 0.966796875 0.3876953125 0.0810546875 0.0751953125
0 0.8115234375 0.3447265625 0.076171875 0.068359375
0 0.982421875 0.232421875 0.091796875 0.0810546875
0 0.87109375 0.099609375 0.1279296875 0.087890625
0 0.2587890625 0.734375 0.0693359375 0.0693359375
0 0.484375 0.7158203125 0.0693359375 0.056640625
0 0.02734375 0.7626953125 0.0244140625 0.0556640625
