0 0.6318359375 0.787109375 0.08984375 0.107421875
0 1.0 0.806640625 0.0556640625 0.064453125
0 0.9375 0.634765625 0.0830078125 0.095703125
0 0.814453125 0.8515625 0.0947265625 0.126953125
0 0.681640625 0.1767578125 0.0771484375 0.072265625
0 0.7607421875 0.068359375 0.07421875 0.064453125
0 0.732421875 0.2265625 0.087890625 0.07421875
0 1.0 0.7333984375 0.0576171875 0.0859375
0 0.6748046875 0.2724609375 0.0849609375 0.0849609375
0 0.982421875 0.4091796875 0.080078125 0.080078125
0 1.0 0.294921875 0.068359375 0.068359375
0 0.9296875 0.5 0.078125 0.0703125
0 0.9716796875 0.14453125 0.078125 0.0732421875
0 0.69921875 0.439453125 0.080078125 0.0849609375
0 0.7119140625 0.7568359375 0.08203125 0.099609375
0 0.7568359375 0.5419921875 0.08203125 0.099609375
0 0.806640625 0.6318359375 0.072265625 0.080078125
0 0.9970703125 0.2216796875 0.080078125 0.072265625
0 0.5947265625 0.857421875 0.072265625 0.068359375
0 0.078125 0.048828125 0.0576171875 0.048828125
0 0.619140625 1.0 0.056640625 0.0791015625
0 1.0 0.09765625 0.0390625 0.044921875
0 0.83984375 0.625 0.0625 0.0703125
0 0.6318359375 0.939453125 0.072265625 0.0703125
0 0.9140625 1.0 0.0546875 0.0908203125
0 0.7548828125 0.2958984375 0.0771484375 0.078125
