0 0.314453125 0.6298828125 0.0849609375 0.115234375
0 0.5595703125 0.6171875 0.1728515625 0.09765625
0 0.3466796875 0.1572265625 0.1396484375 0.0654296875
0 0.0947265625 0.607421875 0.0703125 0.1025390625
0 0.8369140625 0.5693359375 0.1044921875 0.1298828125
0 0.671875 0.931640625 0.099609375 0.1220703125
0 0.2548828125 0.9091796875 0.0751953125 0.099609375
0 0.9599609375 0.9619140625 0.11328125 0.1396484375
0 0.1015625 0.14453125 0.0771484375 0.0703125
0 0.669921875 0.2744140625 0.078125 0.0927734375
0 0.419921875 0.5068359375 0.1005859375 0.08203125
0 0.5595703125 0.25 0.0849609375 0.0703125
0 0.0693359375 0.2666015625 0.0595703125 0.064453125
0 0.744140625 0.1318359375 0.0693359375 0.052734375
0 0.609375 0.1591796875 0.0771484375 0.1591796875
0 0.8671875 0.1943359375 0.080078125 0.0947265625
0 0.4248046875 0.2119140625 0.095703125 0.0595703125
0 0.185546875 0.494140625 0.08984375 0.134765625
0 0.9892578125 0.802734375 0.0986328125 0.0810546875
0 0.546875 0.904296875 0.08203125 0.134765625
0 0.9716796875 0.20703125 0.072265625 0.0693359375
0 0.8515625 0.056640625 0.07421875 0.056640625
0 0.3544921875 0.4599609375 0.09765625 0.0732421875
0 0.6318359375 0.7294921875 0.134765625 0.150390625
0 0.041015625 0.0634765625 0.041015625 0.0625
0 0.2421875 0.6123046875 0.080078125 0.1806640625
0 0.7744140625 0.822265625 0.1650390625 0.142578125
0 0.9375 0.4345703125 0.11328125 0.22265625
0 0.912109375 0.6875 0.072265625 0.1455078125
0 0.46484375 0.8447265625 0.1630859375 0.23046875
0 0.4921875 0.4345703125 0.1279296875 0.1220703125
0 0.9892578125 0.0546875 0.080078125 0.0546875
0 0.359375 0.984375 0.072265625 0.169921875
0 0.447265625 0.15234375 0.0830078125 0.1240234375
0 0.5693359375 0.3369140625 0.0869140625 0.1123046875
0 0.8271484375 0.884765625 0.0947265625 0.177734375
0 0.7333984375 1.0 0.0791015625 0.0556640625
0 0.1640625 0.306640625 0.064453125 0.0849609375
0 0.9970703125 0.5693359375 0.1103515625 0.0693359375
0 0.4091796875 0.6494140625 0.07421875 0.072265625
0 0.46484375 0.0673828125 0.0732421875 0.0625
0 0.9521484375 0.4697265625 0.0771484375 0.0830078125
0 0.349609375 0.109375 0.0771484375 0.0595703125
0 0.58984375 1.0 0.16015625 0.087890625
0 0.232421875 0.654296875 0.0703125 0.1318359375
0 0.173828125 1.0 0.078125 0.0888671875
0 1.0 0.6494140625 0.0654296875 0.072265625
0 0.1220703125 1.0 0.0771484375 0.0615234375
0 0.056640625 0.787109375 0.056640625 0.1201171875
0 0.4921875 1.0 0.1025390625 0.087890625
0 0.626953125 0.9443359375 0.0849609375 0.134765625
0 0.349609375 0.224609375 0.0576171875 0.0625
0 0.9970703125 0.412109375 0.0400390625 0.1328125
0 0.509765625 0.564453125 0.087890625 0.080078125
0 0.091796875 0.974609375 0.0732421875 0.119140625
