0 0.0751953125 0.05859375 0.0751953125 0.05859375
0 0.3173828125 0.1044921875 0.111328125 0.095703125
0 0.208984375 0.244140625 0.12109375 0.09375
0 0.369140625 0.3359375 0.1103515625 0.08984375
0 0.5732421875 0.337890625 0.09375 0.12109375
0 0.8857421875 0.3125 0.1376953125 0.099609375
0 0.9375 0.521484375 0.1357421875 0.12109375
0 0.0712890625 0.34765625 0.0712890625 0.1015625
0 0.0693359375 0.4853515625 0.0693359375 0.1162109375
0 0.2890625 0.6298828125 0.125 0.1611328125
0 0.8818359375 0.7568359375 0.115234375 0.1025390625
0 0.09765625 0.8154296875 0.09765625 0.1337890625
0 0.9443359375 0.1044921875 0.08203125 0.09765625
0 0.58984375 0.1533203125 0.08984375 0.0966796875
0 0.1318359375 0.138671875 0.0791015625 0.0771484375
0 0.150390625 0.544921875 0.0830078125 0.08984375
0 0.3525390625 0.873046875 0.1181640625 0.0732421875
0 0.154296875 1.0 0.0810546875 0.0478515625
0 0.2744140625 1.0 0.0869140625 0.048828125
0 0.189453125 0.357421875 0.0810546875 0.0703125
0 0.39453125 0.1572265625 0.11328125 0.0966796875
0 0.46484375 0.578125 0.068359375 0.0673828125
0 0.5048828125 0.7802734375 0.0634765625 0.0751953125
0 0.6044921875 0.8828125 0.0810546875 0.076171875
0 0.4765625 0.998046875 0.138671875 0.0517578125
0 0.91796875 0.9453125 0.1435546875 0.0859375
0 0.802734375 0.1357421875 0.0693359375 0.0751953125
0 1.0 0.0888671875 0.029296875 0.0703125
