0 0.3193359375 0.4443359375 0.1044921875 0.08203125
0 0.1396484375 0.1494140625 0.0849609375 0.0625
0 0.3017578125 0.20703125 0.109375 0.087890625
0 0.26953125 0.341796875 0.14453125 0.0869140625
0 0.0517578125 0.544921875 0.0517578125 0.10546875
0 0.0810546875 0.9423828125 0.080078125 0.1201171875
0 0.0771484375 0.7119140625 0.0771484375 0.0849609375
0 0.1640625 0.4423828125 0.1142578125 0.0654296875
0 0.3095703125 0.8095703125 0.1396484375 0.0673828125
0 0.2041015625 0.0732421875 0.08984375 0.064453125
0 0.2275390625 0.8876953125 0.091796875 0.072265625
0 0.0498046875 0.3349609375 0.0498046875 0.0830078125
0 0.162109375 0.591796875 0.0703125 0.08203125
0 0.14453125 0.70703125 0.087890625 0.0625
0 0.1171875 0.107421875 0.0673828125 0.060546875
0 0.1171875 0.48828125 0.0595703125 0.056640625
0 0.0966796875 0.607421875 0.0673828125 0.1025390625
0 0.0546875 0.986328125 0.0546875 0.1181640625
0 0.18359375 0.9580078125 0.08203125 0.1064453125
0 0.19921875 1.0 0.0849609375 0.0478515625
