0 0.1396484375 0.1005859375 0.099609375 0.1005859375
0 0.3037109375 0.078125 0.0556640625 0.0693359375
0 0.3310546875 0.1484375 0.060546875 0.0791015625
0 0.0146484375 0.3505859375 0.0146484375 0.08203125
0 0.1953125 0.2548828125 0.0869140625 0.076171875
0 0.2021484375 0.345703125 0.0634765625 0.072265625
0 0.3271484375 0.4189453125 0.0810546875 0.0732421875
0 0.359375 0.8955078125 0.1181640625 0.09765625
0 0.236328125 1.0 0.07421875 0.0546875
0 0.4580078125 0.791015625 0.0908203125 0.087890625
0 0.3955078125 0.6162109375 0.08203125 0.1318359375
0 0.5830078125 0.623046875 0.095703125 0.087890625
0 0.552734375 0.7646484375 0.060546875 0.0849609375
0 0.6796875 0.78125 0.0712890625 0.11328125
0 0.8330078125 0.8173828125 0.07421875 0.0693359375
0 0.869140625 0.595703125 0.0869140625 0.09765625
0 1.0 0.72265625 0.1044921875 0.107421875
0 0.6591796875 0.5234375 0.0751953125 0.0810546875
0 0.7421875 0.4326171875 0.0634765625 0.07421875
0 0.6396484375 0.3671875 0.0556640625 0.06640625
0 0.494140625 0.43359375 0.095703125 0.080078125
0 0.3984375 0.435546875 0.064453125 0.0537109375
0 0.43359375 0.369140625 0.0810546875 0.0888671875
0 0.5244140625 0.32421875 0.0732421875 0.07421875
0 0.6259765625 0.1953125 0.0791015625 0.109375
0 0.7578125 0.1484375 0.05859375 0.0517578125
0 0.7607421875 0.2255859375 0.064453125 0.08203125
0 0.875 0.4287109375 0.0771484375 0.0849609375
0 0.849609375 0.46875 0.083984375 0.0849609375
0 0.8955078125 0.9130859375 0.1025390625 0.0791015625
0 0.8466796875 0.9921875 0.0966796875 0.0732421875
0 0.4775390625 1.0 0.0830078125 0.0986328125
0 0.931640625 0.162109375 0.0947265625 0.1318359375
0 1.0 0.21484375 0.0244140625 0.0654296875
0 1.0 0.0830078125 0.0751953125 0.0830078125
0 0.755859375 0.068359375 0.087890625 0.068359375
0 0.6318359375 0.2900390625 0.0712890625 0.072265625
0 0.4931640625 0.0419921875 0.078125 0.0419921875
0 0.796875 0.884765625 0.068359375 0.0634765625
0 0.1591796875 0.80859375 0.0927734375 0.0615234375
