0 0.0263671875 0.31640625 0.0263671875 0.076171875
0 0.2890625 0.072265625 0.044921875 0.048828125
0 0.4375 0.0830078125 0.052734375 0.0830078125
0 0.421875 0.146484375 0.119140625 0.078125
0 0.3720703125 0.2392578125 0.0625 0.064453125
0 0.41796875 0.25 0.0595703125 0.0537109375
0 0.474609375 0.2080078125 0.048828125 0.0654296875
0 0.1572265625 0.185546875 0.0859375 0.07421875
0 0.21875 0.2890625 0.080078125 0.0732421875
0 0.232421875 0.392578125 0.08984375 0.11328125
0 0.294921875 0.3427734375 0.0791015625 0.087890625
0 0.298828125 0.25390625 0.07421875 0.060546875
0 0.2734375 0.4189453125 0.0576171875 0.0576171875
0 0.345703125 0.5068359375 0.10546875 0.0849609375
0 0.560546875 0.39453125 0.11328125 0.0732421875
0 0.611328125 0.341796875 0.1142578125 0.0791015625
0 0.6884765625 0.408203125 0.0751953125 0.0869140625
0 0.6650390625 0.21484375 0.0595703125 0.0634765625
0 0.6953125 0.1533203125 0.07421875 0.0673828125
0 0.9228515625 0.2080078125 0.0625 0.05859375
0 1.0 0.2685546875 0.0625 0.080078125
0 1.0 0.4169921875 0.05078125 0.060546875
0 0.6005859375 0.6015625 0.0654296875 0.09765625
0 0.7783203125 0.591796875 0.0888671875 0.1103515625
0 0.9775390625 0.8017578125 0.0712890625 0.072265625
0 0.8828125 0.83984375 0.0625 0.0546875
0 0.810546875 0.8232421875 0.0654296875 0.0546875
0 0.7724609375 0.8720703125 0.0654296875 0.0625
0 1.0 0.955078125 0.1220703125 0.087890625
0 0.875 0.9404296875 0.126953125 0.080078125
0 0.7509765625 0.9326171875 0.083984375 0.0546875
0 0.5986328125 0.8681640625 0.099609375 0.1025390625
0 0.5439453125 0.7109375 0.091796875 0.0732421875
0 0.509765625 1.0 0.087890625 0.083984375
0 0.16015625 0.9033203125 0.0703125 0.0751953125
0 0.083984375 0.8984375 0.052734375 0.0712890625
0 0.26171875 1.0 0.076171875 0.0869140625
0 0.3681640625 0.9951171875 0.080078125 0.091796875
0 0.05859375 0.9033203125 0.05859375 0.060546875
0 0.623046875 0.9306640625 0.06640625 0.0517578125
0 0.603515625 0.41015625 0.04296875 0.0341796875
0 0.1005859375 0.4013671875 0.02734375 0.037109375
0 0.0556640625 0.080078125 0.03125 0.04296875
0 0.796875 0.9677734375 0.04296875 0.0625
