0 0.873046875 0.814453125 0.0908203125 0.103515625
0 0.5166015625 0.6220703125 0.072265625 0.09765625
0 0.5595703125 0.8056640625 0.076171875 0.05859375
0 0.984375 0.1904296875 0.1064453125 0.1240234375
0 0.80859375 1.0 0.1015625 0.03125
0 0.7470703125 0.875 0.080078125 0.0849609375
0 0.6748046875 0.154296875 0.072265625 0.0947265625
0 0.6474609375 0.53515625 0.0771484375 0.11328125
0 0.869140625 0.470703125 0.076171875 0.0673828125
0 0.783203125 0.771484375 0.076171875 0.0693359375
0 0.8212890625 0.14453125 0.0712890625 0.0673828125
0 0.7978515625 0.396484375 0.078125 0.0732421875
0 0.6142578125 0.642578125 0.0712890625 0.076171875
0 0.84765625 0.267578125 0.0888671875 0.0654296875
0 0.806640625 0.6142578125 0.1044921875 0.08984375
0 0.5712890625 0.9375 0.0712890625 0.064453125
0 0.759765625 0.654296875 0.1025390625 0.0849609375
0 0.7578125 0.123046875 0.064453125 0.0576171875
0 0.6845703125 0.2197265625 0.0673828125 0.0498046875
0 0.669921875 0.466796875 0.0849609375 0.0947265625
0 0.5966796875 0.509765625 0.0556640625 0.1083984375
0 0.6025390625 0.572265625 0.068359375 0.0693359375
0 0.52734375 0.7431640625 0.0595703125 0.04296875
0 0.7890625 0.71484375 0.0791015625 0.0654296875
0 0.87109375 0.64453125 0.064453125 0.0400390625
0 0.787109375 0.64453125 0.0576171875 0.0703125
0 0.826171875 0.32421875 0.08203125 0.048828125
0 0.7080078125 0.9208984375 0.0693359375 0.064453125
