0 0.361328125 0.2529296875 0.0888671875 0.1103515625
0 0.9208984375 0.1259765625 0.068359375 0.0849609375
0 0.759765625 0.46875 0.044921875 0.107421875
0 0.609375 0.630859375 0.0947265625 0.1083984375
0 0.0810546875 0.615234375 0.0810546875 0.0859375
0 0.958984375 0.7470703125 0.0791015625 0.1298828125
0 0.28515625 0.7314453125 0.13671875 0.0625
0 0.673828125 0.306640625 0.029296875 0.0888671875
0 0.1259765625 0.3486328125 0.103515625 0.0947265625
0 0.384765625 0.07421875 0.080078125 0.07421875
0 1.0 0.478515625 0.03515625 0.0673828125
0 0.1318359375 0.697265625 0.0712890625 0.0869140625
0 0.1005859375 0.7216796875 0.1005859375 0.0712890625
0 0.81640625 0.77734375 0.095703125 0.1474609375
0 0.5576171875 0.392578125 0.1162109375 0.10546875
0 0.6630859375 0.779296875 0.083984375 0.0380859375
0 0.5849609375 0.337890625 0.076171875 0.142578125
0 0.7412109375 0.1650390625 0.025390625 0.083984375
0 0.4345703125 0.837890625 0.0439453125 0.076171875
0 0.2109375 0.5927734375 0.1259765625 0.0830078125
0 0.62890625 0.3251953125 0.091796875 0.13671875
0 0.1728515625 0.1376953125 0.12890625 0.107421875
0 0.3955078125 0.8359375 0.087890625 0.0537109375
0 0.6181640625 0.8232421875 0.0908203125 0.0537109375
0 0.1953125 0.78125 0.1396484375 0.0546875
0 0.7998046875 0.05859375 0.0712890625 0.0537109375
0 0.6162109375 0.5703125 0.119140625 0.08984375
0 0.4287109375 0.646484375 0.1318359375 0.1376953125
0 0.5732421875 1.0 0.271484375 0.0771484375
0 0.5654296875 0.7001953125 0.1181640625 0.0712890625
0 0.705078125 0.05859375 0.0615234375 0.0576171875
0 0.068359375 0.9970703125 0.068359375 0.0703125
0 0.6396484375 0.103515625 0.119140625 0.1015625
0 0.7607421875 1.0 0.0302734375 0.0419921875
0 0.279296875 0.30078125 0.0615234375 0.06640625
0 0.7314453125 0.537109375 0.087890625 0.03125
0 0.9697265625 0.0419921875 0.0458984375 0.041015625
0 0.310546875 0.111328125 0.1044921875 0.095703125
0 0.087890625 0.5419921875 0.0732421875 0.0556640625
0 0.2373046875 1.0 0.19921875 0.1484375
0 0.0732421875 0.3662109375 0.0732421875 0.1201171875
0 0.494140625 0.376953125 0.0595703125 0.0400390625
0 0.5546875 0.7744140625 0.0908203125 0.048828125
0 0.15234375 0.8203125 0.068359375 0.0390625
0 0.6328125 0.3701171875 0.083984375 0.0908203125
0 0.46484375 0.40625 0.2236328125 0.095703125
0 0.2646484375 0.3447265625 0.06640625 0.08203125
0 0.0380859375 0.353515625 0.0380859375 0.056640625
0 0.58203125 0.3857421875 0.1044921875 0.064453125
0 0.5966796875 0.1083984375 0.1708984375 0.1083984375
