0 0.2490234375 0.8330078125 0.1083984375 0.083984375
0 0.2314453125 0.9208984375 0.072265625 0.06640625
0 0.8525390625 0.2119140625 0.0859375 0.04296875
0 0.595703125 0.603515625 0.0947265625 0.154296875
0 0.1552734375 0.271484375 0.056640625 0.0849609375
0 0.716796875 0.8798828125 0.099609375 0.0576171875
0 0.2861328125 0.310546875 0.1201171875 0.046875
0 0.2060546875 0.16796875 0.1025390625 0.0458984375
0 0.30078125 0.251953125 0.126953125 0.046875
0 0.888671875 0.544921875 0.103515625 0.04296875
0 0.9619140625 0.5634765625 0.08203125 0.0556640625
0 0.61328125 0.5185546875 0.078125 0.1728515625
0 0.9677734375 0.728515625 0.1025390625 0.056640625
0 0.52734375 0.537109375 0.0947265625 0.046875
0 0.091796875 0.509765625 0.0751953125 0.0498046875
0 0.51171875 0.3212890625 0.1708984375 0.04296875
0 0.8525390625 0.4794921875 0.0556640625 0.0517578125
0 0.224609375 0.5791015625 0.07421875 0.0419921875
0 0.7197265625 0.9404296875 0.0908203125 0.0439453125
0 0.400390625 0.5703125 0.1103515625 0.033203125
0 0.4423828125 0.8076171875 0.068359375 0.1171875
0 0.91796875 0.3154296875 0.0595703125 0.0361328125
0 0.7646484375 0.599609375 0.1240234375 0.0478515625
0 0.810546875 0.642578125 0.10546875 0.021484375
0 0.3994140625 0.90625 0.1015625 0.03515625
0 0.8046875 0.5126953125 0.134765625 0.033203125
0 0.1005859375 0.4580078125 0.1005859375 0.037109375
0 0.763671875 0.5458984375 0.0810546875 0.01953125
0 0.5625 0.0380859375 0.078125 0.025390625
0 0.490234375 0.0732421875 0.1083984375 0.0419921875
0 0.3046875 0.533203125 0.154296875 0.09375
0 0.201171875 0.62890625 0.0400390625 0.0693359375
0 0.41796875 0.69140625 0.0595703125 0.0302734375
0 0.345703125 0.70703125 0.0517578125 0.0302734375
0 0.2646484375 0.9638671875 0.0986328125 0.0234375
0 0.978515625 0.0234375 0.0537109375 0.0234375
0 0.23828125 0.0302734375 0.0947265625 0.0302734375
0 0.9970703125 0.359375 0.060546875 0.0322265625
0 0.6328125 0.697265625 0.126953125 0.0927734375
0 1.0 0.2890625 0.052734375 0.04296875
0 0.787109375 0.9462890625 0.0849609375 0.03515625
0 0.28125 0.7119140625 0.1484375 0.0390625
0 1.0 0.615234375 0.1259765625 0.033203125
0 0.8388671875 0.984375 0.1845703125 0.044921875
0 0.55859375 0.603515625 0.1494140625 0.041015625
0 0.599609375 0.18359375 0.1044921875 0.04296875
0 0.06640625 0.998046875 0.064453125 0.0185546875
0 0.6474609375 0.8349609375 0.0390625 0.0771484375
0 0.34375 0.6171875 0.060546875 0.017578125
0 0.0986328125 0.9541015625 0.09765625 0.0361328125
0 0.978515625 0.5849609375 0.0966796875 0.021484375
0 0.11328125 0.998046875 0.068359375 0.029296875
0 0.5517578125 0.9326171875 0.0859375 0.0498046875
0 0.46875 0.1884765625 0.0380859375 0.0751953125
0 0.4541015625 0.537109375 0.0556640625 0.0166015625
0 0.0810546875 0.611328125 0.0791015625 0.02734375
0 0.6611328125 0.0556640625 0.1123046875 0.041015625
0 0.228515625 0.7197265625 0.150390625 0.1220703125
0 0.1953125 0.0556640625 0.1953125 0.041015625
0 0.744140625 0.9169921875 0.2197265625 0.0732421875
0 0.0791015625 0.3740234375 0.0791015625 0.060546875
0 0.056640625 0.9287109375 0.056640625 0.0361328125
0 0.1357421875 0.59375 0.0771484375 0.025390625
0 0.3740234375 0.3154296875 0.080078125 0.037109375
0 0.748046875 0.626953125 0.087890625 0.05859375
0 0.2080078125 0.953125 0.1025390625 0.0361328125
0 0.45703125 1.0 0.22265625 0.0546875
0 0.806640625 0.0361328125 0.2021484375 0.0361328125
0 0.2548828125 0.701171875 0.103515625 0.08203125
