0 0.4306640625 0.701171875 0.0966796875 0.0576171875
0 0.64453125 0.318359375 0.0986328125 0.076171875
0 0.9580078125 0.5048828125 0.0888671875 0.0703125
0 0.68359375 0.47265625 0.0703125 0.078125
0 0.515625 0.9873046875 0.05859375 0.0771484375
0 0.4833984375 0.3125 0.0986328125 0.0634765625
0 0.83984375 0.1884765625 0.0546875 0.07421875
0 0.9453125 0.7568359375 0.1044921875 0.0498046875
0 0.1328125 0.1572265625 0.0693359375 0.046875
0 0.939453125 0.1806640625 0.1025390625 0.12109375
0 0.1484375 0.7060546875 0.1078125 0.07451171874999996
0 0.2958984375 0.0791015625 0.0908203125 0.0419921875
0 0.771484375 0.94921875 0.080078125 0.04296875
0 0.2744140625 0.9716796875 0.1171875 0.04296875
0 0.12890625 0.0751953125 0.12109375 0.0634765625
0 0.4716796875 0.0986328125 0.1005859375 0.046875
0 0.62890625 0.119140625 0.130859375 0.05078125
0 0.384765625 0.216796875 0.09765625 0.068359375
0 0.8916015625 0.06640625 0.123046875 0.0625
0 0.5595703125 0.1884765625 0.0595703125 0.0673828125
0 0.3232421875 0.7314453125 0.1044921875 0.041015625
0 0.3408203125 0.3583984375 0.0791015625 0.0517578125
0 0.169921875 0.0458984375 0.0849609375 0.044921875
0 0.548828125 0.4755859375 0.068359375 0.076171875
0 0.2705078125 0.1572265625 0.0673828125 0.0341796875
0 0.7822265625 0.0703125 0.103515625 0.05859375
0 0.4697265625 0.4501953125 0.1005859375 0.0439453125
0 1.0 0.154296875 0.0458984375 0.0458984375
0 0.90625 0.978515625 0.0576171875 0.095703125
0 0.0693359375 0.7451171875 0.04296875 0.0732421875
0 0.58203125 0.818359375 0.095703125 0.05859375
0 0.474609375 0.369140625 0.138671875 0.0625
0 0.9189453125 0.7841796875 0.107421875 0.0537109375
0 0.658203125 0.6455078125 0.1064453125 0.0439453125
0 0.3857421875 0.31640625 0.1513671875 0.0419921875
0 0.70703125 0.8154296875 0.125 0.0390625
0 0.8466796875 0.9951171875 0.0751953125 0.0322265625
0 0.4697265625 0.8369140625 0.08984375 0.0400390625
0 0.818359375 0.7265625 0.087890625 0.0595703125
0 0.060546875 0.5556640625 0.060546875 0.0390625
0 1.0 0.0419921875 0.017578125 0.0419921875
0 0.35546875 0.5439453125 0.068359375 0.0400390625
0 0.0517578125 0.7490234375 0.0517578125 0.0517578125
0 0.5537109375 0.880859375 0.1171875 0.0439453125
0 0.580078125 0.146484375 0.0908203125 0.0498046875
0 0.3203125 0.861328125 0.08984375 0.033203125
0 1.0 0.107421875 0.01953125 0.025390625
0 0.498046875 0.427734375 0.0888671875 0.0625
0 0.4072265625 0.796875 0.0654296875 0.0537109375
0 0.6728515625 0.84765625 0.068359375 0.029296875
0 0.111328125 0.775390625 0.1064453125 0.033203125
0 0.107421875 0.8818359375 0.0908203125 0.029296875
0 0.3037109375 0.03125 0.1318359375 0.0302734375
0 0.771484375 0.8857421875 0.0693359375 0.0400390625
0 0.7822265625 0.8154296875 0.1103515625 0.0849609375
0 0.6787109375 0.0634765625 0.0986328125 0.03515625
0 0.7998046875 0.8447265625 0.064453125 0.0234375
0 0.4248046875 0.41015625 0.0595703125 0.0283203125
0 0.9755859375 0.8798828125 0.044921875 0.0458984375
0 0.7998046875 0.7822265625 0.0537109375 0.0322265625
0 0.3369140625 0.9912109375 0.046875 0.041015625
0 0.2490234375 0.7392578125 0.07421875 0.0302734375
0 0.6396484375 0.02734375 0.0947265625 0.02734375
0 0.533203125 0.7646484375 0.05859375 0.05078125
0 0.4638671875 0.765625 0.212890625 0.044921875
0 0.3662109375 0.4267578125 0.08984375 0.0498046875
0 0.3955078125 0.486328125 0.1875 0.06640625
0 0.2666015625 0.482421875 0.080078125 0.037109375
0 1.0 0.228515625 0.1142578125 0.0478515625
0 0.359375 0.0546875 0.1181640625 0.0546875
0 0.4267578125 0.1611328125 0.078125 0.05078125
0 0.7216796875 0.0283203125 0.0791015625 0.0283203125
0 0.95703125 0.9677734375 0.046875 0.0537109375
0 0.412109375 0.4541015625 0.1142578125 0.0361328125
0 0.833984375 0.765625 0.068359375 0.0439453125
