0 0.5986328125 0.1875 0.0791015625 0.0625
0 0.3486328125 0.2783203125 0.146484375 0.0732421875
0 0.23828125 0.427734375 0.0732421875 0.1181640625
0 0.576171875 0.37109375 0.12109375 0.0673828125
0 0.396484375 0.55078125 0.1123046875 0.0869140625
0 0.677734375 0.52734375 0.076171875 0.0458984375
0 0.80078125 0.4228515625 0.09375 0.0712890625
0 0.94140625 0.380859375 0.103515625 0.0634765625
0 0.884765625 0.2431640625 0.0625 0.064453125
0 1.0 0.2216796875 0.041015625 0.0439453125
0 1.0 0.3916015625 0.029296875 0.041015625
0 0.912109375 0.455078125 0.0830078125 0.0546875
0 0.9326171875 0.552734375 0.0595703125 0.0546875
0 0.9755859375 0.732421875 0.068359375 0.0595703125
0 0.810546875 0.7021484375 0.10546875 0.068359375
0 0.736328125 0.6513671875 0.0625 0.048828125
0 0.595703125 0.701171875 0.0908203125 0.115234375
0 0.3046875 0.7236328125 0.126953125 0.087890625
0 0.2578125 0.5595703125 0.0986328125 0.05859375
0 0.12109375 0.580078125 0.1181640625 0.0654296875
0 0.1279296875 0.4453125 0.1279296875 0.0576171875
0 0.1376953125 0.2880859375 0.091796875 0.0556640625
0 0.14453125 0.7890625 0.0576171875 0.0546875
0 0.84375 0.943359375 0.060546875 0.0888671875
0 0.78125 0.8681640625 0.103515625 0.064453125
0 0.6962890625 0.9833984375 0.0751953125 0.0634765625
0 0.5712890625 0.9267578125 0.0458984375 0.0927734375
0 0.5283203125 0.99609375 0.06640625 0.1298828125
0 0.396484375 0.9580078125 0.1123046875 0.1220703125
0 0.5908203125 0.9970703125 0.05859375 0.0439453125
0 0.2607421875 0.998046875 0.091796875 0.0673828125
0 0.146484375 0.9423828125 0.076171875 0.1005859375
0 0.08984375 0.9931640625 0.08984375 0.0556640625
0 0.0810546875 0.9345703125 0.0810546875 0.0712890625
0 0.8955078125 1.0 0.068359375 0.056640625
0 0.78125 0.923828125 0.05078125 0.0390625
