0 0.1328125 0.982421875 0.0654296875 0.0556640625
0 0.044921875 0.900390625 0.044921875 0.0888671875
0 0.06640625 0.810546875 0.06640625 0.0859375
0 0.021484375 0.45703125 0.021484375 0.1298828125
0 0.150390625 0.484375 0.0673828125 0.0751953125
0 0.0615234375 0.3271484375 0.0615234375 0.0625
0 0.11328125 0.287109375 0.07421875 0.0712890625
0 0.134765625 0.2314453125 0.0478515625 0.056640625
0 0.9716796875 0.107421875 0.1083984375 0.07421875
0 0.8857421875 0.09765625 0.083984375 0.0771484375
0 0.8837890625 0.2001953125 0.0849609375 0.0693359375
0 0.7373046875 0.19921875 0.072265625 0.07421875
0 1.0 0.2451171875 0.0439453125 0.0703125
0 1.0 0.3779296875 0.044921875 0.0654296875
0 1.0 0.4736328125 0.0576171875 0.0791015625
0 1.0 0.9423828125 0.0673828125 0.0927734375
0 0.8994140625 0.96875 0.0810546875 0.05859375
0 0.9638671875 0.9521484375 0.0771484375 0.0830078125
0 0.9033203125 0.9140625 0.0986328125 0.0634765625
0 0.9208984375 0.853515625 0.080078125 0.0751953125
0 0.48828125 0.1005859375 0.162109375 0.1005859375
0 0.7705078125 0.9375 0.0673828125 0.068359375
0 0.8134765625 1.0 0.0947265625 0.052734375
0 0.7568359375 0.853515625 0.1083984375 0.1015625
0 0.67578125 0.8134765625 0.080078125 0.0810546875
0 0.615234375 0.7177734375 0.07421875 0.1005859375
0 0.83203125 0.6376953125 0.068359375 0.064453125
0 0.900390625 0.65234375 0.06640625 0.0771484375
0 0.8115234375 0.572265625 0.09765625 0.056640625
0 0.875 0.5224609375 0.0703125 0.091796875
0 0.8662109375 0.4619140625 0.123046875 0.087890625
0 0.8330078125 0.384765625 0.060546875 0.05859375
0 0.787109375 0.322265625 0.0830078125 0.068359375
0 0.7001953125 0.3095703125 0.0966796875 0.0673828125
0 0.677734375 0.3779296875 0.05859375 0.0771484375
0 0.654296875 0.4521484375 0.1298828125 0.1240234375
0 0.5205078125 0.3291015625 0.064453125 0.0771484375
0 0.564453125 0.3505859375 0.076171875 0.0546875
0 0.4990234375 0.4169921875 0.123046875 0.12109375
0 0.408203125 0.4755859375 0.0537109375 0.068359375
0 0.4921875 0.529296875 0.0908203125 0.07421875
0 0.5634765625 0.533203125 0.083984375 0.0625
0 0.6416015625 0.611328125 0.138671875 0.078125
0 0.4658203125 0.6279296875 0.091796875 0.0771484375
0 0.490234375 0.9755859375 0.1357421875 0.1123046875
0 0.716796875 0.8017578125 0.0498046875 0.0595703125
0 0.5439453125 0.96484375 0.080078125 0.0810546875
0 0.650390625 0.9404296875 0.072265625 0.0810546875
0 0.525390625 0.904296875 0.1103515625 0.0693359375
0 0.482421875 0.9560546875 0.0771484375 0.08203125
0 0.373046875 0.873046875 0.1005859375 0.1044921875
0 0.4716796875 1.0 0.1396484375 0.0439453125
0 0.3134765625 1.0 0.115234375 0.0712890625
0 0.78125 0.0322265625 0.1279296875 0.0322265625
0 0.5478515625 0.1015625 0.0830078125 0.0830078125
0 0.359375 0.037109375 0.099609375 0.037109375
0 0.646484375 0.251953125 0.0693359375 0.099609375
0 0.884765625 0.146484375 0.1123046875 0.06640625
0 0.072265625 1.0 0.0380859375 0.0234375
0 0.0556640625 1.0 0.0556640625 0.037109375
0 0.6181640625 1.0 0.095703125 0.1083984375
0 0.611328125 0.9365234375 0.1064453125 0.146484375
0 0.7763671875 0.83203125 0.0576171875 0.0732421875
0 0.826171875 0.845703125 0.060546875 0.0751953125
0 0.6748046875 0.9541015625 0.0546875 0.048828125
0 0.6728515625 0.03125 0.048828125 0.03125
