0 0.4296875 0.0654296875 0.1064453125 0.0654296875
0 0.3203125 0.0888671875 0.1142578125 0.0849609375
0 0.26171875 0.2509765625 0.0673828125 0.0849609375
0 0.5498046875 0.0732421875 0.0810546875 0.052734375
0 0.5234375 0.17578125 0.08984375 0.1279296875
0 0.3466796875 0.4228515625 0.05078125 0.0576171875
0 0.326171875 0.5234375 0.0810546875 0.0791015625
0 0.3779296875 0.5546875 0.0732421875 0.0771484375
0 0.43359375 0.5146484375 0.0751953125 0.0625
0 0.50390625 0.43359375 0.087890625 0.0634765625
0 0.58984375 0.5380859375 0.0888671875 0.0703125
0 0.4375 0.65234375 0.072265625 0.109375
0 0.3564453125 0.6201171875 0.158203125 0.0966796875
0 0.2685546875 0.6435546875 0.0810546875 0.056640625
0 0.287109375 0.7119140625 0.0537109375 0.0537109375
0 0.1904296875 0.681640625 0.060546875 0.0537109375
0 0.2138671875 0.7802734375 0.064453125 0.08203125
0 0.1904296875 0.9052734375 0.0751953125 0.1630859375
0 0.142578125 0.958984375 0.091796875 0.0966796875
0 0.052734375 0.9052734375 0.052734375 0.1025390625
0 0.3134765625 0.84765625 0.0498046875 0.1064453125
0 0.359375 0.8193359375 0.0517578125 0.068359375
0 0.3427734375 0.7333984375 0.0400390625 0.0556640625
0 0.3984375 0.7314453125 0.0712890625 0.08203125
0 0.3583984375 0.6708984375 0.0517578125 0.060546875
0 0.49609375 0.7783203125 0.0625 0.0927734375
0 0.55078125 0.7900390625 0.0751953125 0.1142578125
0 0.5029296875 0.8857421875 0.142578125 0.154296875
0 0.498046875 0.9033203125 0.1552734375 0.0673828125
0 0.3076171875 0.994140625 0.072265625 0.0810546875
0 0.50390625 1.0 0.076171875 0.0810546875
0 0.6494140625 0.9580078125 0.1015625 0.068359375
0 0.578125 0.9951171875 0.0576171875 0.0458984375
0 0.78515625 0.974609375 0.0703125 0.068359375
0 0.7783203125 1.0 0.0693359375 0.0439453125
0 0.9482421875 0.974609375 0.1025390625 0.0810546875
0 0.8271484375 0.83203125 0.087890625 0.0625
0 0.7783203125 0.6923828125 0.1005859375 0.0693359375
0 0.849609375 0.6748046875 0.0654296875 0.109375
0 0.75390625 0.5732421875 0.0791015625 0.1044921875
0 0.90234375 0.5712890625 0.1240234375 0.0673828125
0 0.765625 0.44140625 0.0732421875 0.0791015625
0 0.99609375 0.4638671875 0.0751953125 0.0751953125
0 0.90234375 0.2802734375 0.076171875 0.2138671875
0 0.8232421875 0.330078125 0.0751953125 0.146484375
0 0.8466796875 0.263671875 0.06640625 0.095703125
0 0.708984375 0.2568359375 0.0576171875 0.1201171875
0 0.681640625 0.3134765625 0.0556640625 0.080078125
0 0.73828125 0.1591796875 0.0625 0.1279296875
0 0.7841796875 0.146484375 0.0654296875 0.09375
0 0.8203125 0.095703125 0.0517578125 0.0654296875
0 0.6162109375 0.0888671875 0.0732421875 0.0888671875
0 0.796875 0.02734375 0.0791015625 0.02734375
0 0.1435546875 1.0 0.07421875 0.0673828125
