0 0.841796875 0.5244140625 0.09765625 0.162109375
0 0.857421875 0.693359375 0.1123046875 0.1162109375
0 0.841796875 0.1640625 0.115234375 0.0849609375
0 0.904296875 0.751953125 0.080078125 0.08984375
0 0.681640625 0.2548828125 0.07421875 0.0751953125
0 0.83984375 0.33203125 0.095703125 0.1201171875
0 0.9599609375 0.1142578125 0.087890625 0.0693359375
0 0.7568359375 0.76171875 0.0693359375 0.1572265625
0 0.744140625 0.88671875 0.080078125 0.099609375
0 0.8671875 0.001953125 0.078125 0.001953125
0 0.96484375 0.2421875 0.0927734375 0.09765625
0 0.982421875 0.3310546875 0.1005859375 0.0703125
0 0.9091796875 0.5224609375 0.1025390625 0.10546875
0 0.779296875 0.642578125 0.0556640625 0.1357421875
