0 0.06640625 0.23046875 0.06640625 0.0693359375
0 0.0986328125 0.1611328125 0.072265625 0.0810546875
0 0.5205078125 0.1376953125 0.0751953125 0.0908203125
0 0.6630859375 0.095703125 0.0791015625 0.0693359375
0 0.560546875 0.25 0.111328125 0.064453125
0 0.3837890625 0.3642578125 0.0771484375 0.0615234375
0 0.2890625 0.310546875 0.0771484375 0.0703125
0 0.3857421875 0.2880859375 0.0693359375 0.0556640625
0 0.228515625 0.19921875 0.0478515625 0.052734375
0 0.5185546875 0.5107421875 0.0859375 0.0849609375
0 0.6650390625 0.583984375 0.056640625 0.0634765625
0 0.7646484375 0.5947265625 0.0673828125 0.0556640625
0 0.7734375 0.484375 0.0546875 0.060546875
0 0.7138671875 0.3818359375 0.0712890625 0.0712890625
0 0.9072265625 0.3603515625 0.076171875 0.076171875
0 0.953125 0.4560546875 0.087890625 0.078125
0 0.9013671875 0.630859375 0.083984375 0.05859375
0 0.955078125 0.7578125 0.0751953125 0.0732421875
0 0.927734375 0.80859375 0.056640625 0.056640625
0 0.865234375 1.0 0.095703125 0.0400390625
0 0.98828125 0.84375 0.0439453125 0.0556640625
0 0.6787109375 0.921875 0.0625 0.0966796875
0 0.611328125 0.7099609375 0.072265625 0.04296875
0 0.4951171875 0.693359375 0.0537109375 0.052734375
0 0.4677734375 0.8056640625 0.0888671875 0.0859375
0 0.373046875 0.697265625 0.0625 0.0625
0 0.2724609375 0.6083984375 0.1025390625 0.068359375
0 0.1845703125 0.5322265625 0.076171875 0.087890625
0 0.5029296875 0.9853515625 0.0703125 0.072265625
0 0.1279296875 1.0 0.0927734375 0.052734375
0 0.1669921875 0.810546875 0.09375 0.0966796875
0 0.291015625 0.806640625 0.0732421875 0.091796875
0 0.32421875 0.908203125 0.083984375 0.087890625
0 0.1123046875 0.71875 0.0986328125 0.1025390625
0 0.5654296875 0.291015625 0.0771484375 0.0478515625
0 0.6572265625 0.255859375 0.0439453125 0.056640625
0 0.89453125 0.2724609375 0.080078125 0.0537109375
0 1.0 0.2978515625 0.0576171875 0.052734375
0 1.0 0.15625 0.0849609375 0.060546875
0 0.8095703125 0.73046875 0.0595703125 0.0703125
0 0.8251953125 0.533203125 0.0595703125 0.05859375
0 0.70703125 0.455078125 0.0615234375 0.0615234375
