0 0.8271484375 0.849609375 0.1005859375 0.0927734375
0 0.2685546875 0.673828125 0.10546875 0.0673828125
0 0.7646484375 0.0947265625 0.1376953125 0.0576171875
0 0.4853515625 0.50390625 0.1201171875 0.080078125
0 0.306640625 0.884765625 0.08984375 0.123046875
0 0.361328125 0.1337890625 0.0849609375 0.0771484375
0 0.4716796875 0.0927734375 0.1201171875 0.0673828125
0 0.5546875 0.4423828125 0.1201171875 0.087890625
0 0.71484375 0.6171875 0.1923828125 0.0703125
0 0.392578125 0.0341796875 0.0830078125 0.0341796875
0 0.7099609375 0.4619140625 0.1455078125 0.08203125
0 0.0625 0.154296875 0.0625 0.072265625
0 0.4130859375 0.7099609375 0.0654296875 0.0849609375
0 0.330078125 0.1962890625 0.1201171875 0.0625
0 0.6318359375 0.39453125 0.080078125 0.0546875
0 0.7216796875 0.3994140625 0.0673828125 0.16015625
0 0.943359375 0.2041015625 0.0751953125 0.2041015625
0 0.046875 0.65234375 0.046875 0.1201171875
0 0.556640625 0.8447265625 0.2099609375 0.0703125
0 0.134765625 0.5869140625 0.060546875 0.115234375
0 0.2099609375 0.7666015625 0.0556640625 0.109375
0 0.591796875 0.7822265625 0.1171875 0.0751953125
0 0.177734375 0.34375 0.0703125 0.0751953125
0 0.181640625 0.6044921875 0.08203125 0.0576171875
0 0.7216796875 0.169921875 0.0546875 0.0703125
0 0.1279296875 0.271484375 0.09765625 0.056640625
0 0.072265625 0.24609375 0.072265625 0.0625
0 0.064453125 0.3671875 0.064453125 0.0703125
0 0.4521484375 0.2470703125 0.08984375 0.0625
0 0.6474609375 0.82421875 0.0830078125 0.064453125
0 0.9169921875 0.7119140625 0.0703125 0.072265625
0 0.2998046875 0.27734375 0.0576171875 0.05078125
0 0.9873046875 0.5693359375 0.1953125 0.16015625
0 0.7646484375 0.732421875 0.0546875 0.0556640625
0 0.2197265625 0.1474609375 0.0673828125 0.068359375
0 0.279296875 0.4697265625 0.080078125 0.0830078125
0 0.6796875 0.7119140625 0.0751953125 0.0595703125
0 1.0 0.80859375 0.1357421875 0.08984375
0 0.7841796875 0.546875 0.064453125 0.09765625
0 0.447265625 0.38671875 0.1005859375 0.08203125
0 0.0732421875 0.8408203125 0.0732421875 0.091796875
0 0.662109375 0.3271484375 0.052734375 0.0654296875
0 0.9091796875 0.349609375 0.1650390625 0.060546875
0 0.1044921875 0.9443359375 0.0673828125 0.1044921875
0 0.2216796875 0.939453125 0.080078125 0.09765625
0 0.5048828125 0.9521484375 0.1328125 0.0673828125
0 0.8671875 0.7265625 0.1279296875 0.08203125
0 0.8994140625 0.2646484375 0.08203125 0.0830078125
0 0.3642578125 0.556640625 0.080078125 0.27734375
0 0.1875 0.8173828125 0.078125 0.115234375
0 0.732421875 0.001953125 0.080078125 0.001953125
0 0.732421875 0.9443359375 0.2900390625 0.0751953125
0 0.1572265625 1.0 0.0625 0.17578125
0 0.7041015625 0.5625 0.1396484375 0.0703125
0 0.96484375 0.322265625 0.0849609375 0.1181640625
0 0.9619140625 0.439453125 0.1552734375 0.125
0 0.1220703125 0.1298828125 0.0576171875 0.0380859375
0 0.9296875 0.8447265625 0.072265625 0.0703125
0 0.9970703125 0.619140625 0.0849609375 0.0517578125
0 0.5849609375 0.5693359375 0.1279296875 0.0546875
0 0.3271484375 0.26953125 0.0380859375 0.1025390625
0 0.8720703125 0.5625 0.09765625 0.05078125
0 0.95703125 0.4345703125 0.0849609375 0.04296875
0 1.0 0.49609375 0.1220703125 0.0654296875
0 0.3515625 1.0 0.0693359375 0.0703125
0 0.0888671875 0.935546875 0.0888671875 0.0595703125
0 0.9892578125 0.2470703125 0.0751953125 0.0673828125
0 0.484375 0.5849609375 0.0771484375 0.060546875
0 0.9970703125 0.189453125 0.125 0.0625
0 0.39453125 0.2197265625 0.0576171875 0.0654296875
0 0.681640625 0.9443359375 0.0498046875 0.1396484375
0 0.5693359375 0.294921875 0.0546875 0.0478515625
0 0.8125 0.908203125 0.0478515625 0.0478515625
0 0.26953125 0.447265625 0.099609375 0.0654296875
0 0.13671875 0.6767578125 0.13671875 0.0693359375
0 0.119140625 0.5048828125 0.064453125 0.0556640625
0 0.734375 0.8095703125 0.0498046875 0.0576171875
0 0.6474609375 0.7392578125 0.0830078125 0.08203125
0 0.5673828125 0.8974609375 0.1552734375 0.123046875
0 0.306640625 1.0 0.046875 0.0576171875
0 1.0 0.9150390625 0.02734375 0.07421875
0 1.0 0.859375 0.04296875 0.099609375
0 0.9443359375 0.64453125 0.0751953125 0.03515625
0 0.357421875 0.4794921875 0.0751953125 0.0625
0 0.5947265625 0.5068359375 0.0380859375 0.0673828125
0 0.9765625 0.4091796875 0.0498046875 0.0546875
0 0.849609375 0.7841796875 0.0673828125 0.08203125
0 1.0 0.21484375 0.1728515625 0.0654296875
0 1.0 0.1396484375 0.05078125 0.060546875
