0 0.08984375 0.990234375 0.0634765625 0.0703125
0 0.2119140625 0.970703125 0.0654296875 0.060546875
0 0.2958984375 0.9873046875 0.076171875 0.0927734375
0 0.361328125 0.8984375 0.0625 0.064453125
0 0.3837890625 0.947265625 0.0595703125 0.0546875
0 0.4755859375 0.8623046875 0.080078125 0.0693359375
0 0.5712890625 0.9638671875 0.0830078125 0.07421875
0 0.6748046875 0.8896484375 0.0625 0.060546875
0 0.7470703125 0.9189453125 0.0751953125 0.0732421875
0 0.7333984375 0.9443359375 0.03125 0.033203125
0 0.9375 0.9873046875 0.0439453125 0.068359375
0 0.9296875 0.9267578125 0.080078125 0.0947265625
0 0.91015625 0.8408203125 0.09375 0.052734375
0 0.8994140625 0.8818359375 0.0791015625 0.064453125
0 0.72265625 0.79296875 0.0546875 0.0654296875
0 0.8056640625 0.7294921875 0.064453125 0.087890625
0 0.904296875 0.7099609375 0.0517578125 0.0537109375
0 0.822265625 0.6328125 0.0751953125 0.0615234375
0 0.8544921875 0.6572265625 0.044921875 0.0830078125
0 0.939453125 0.6279296875 0.048828125 0.0947265625
0 1.0 0.58203125 0.0615234375 0.0654296875
0 0.462890625 0.642578125 0.0625 0.0673828125
0 0.3232421875 0.6611328125 0.07421875 0.1259765625
0 0.1708984375 0.826171875 0.0869140625 0.052734375
0 0.203125 0.8662109375 0.060546875 0.06640625
0 0.0927734375 0.8525390625 0.0810546875 0.0791015625
0 0.1240234375 0.482421875 0.0517578125 0.0625
0 0.17578125 0.3759765625 0.0732421875 0.0791015625
0 0.23046875 0.3701171875 0.1123046875 0.1015625
0 0.3193359375 0.298828125 0.0830078125 0.1044921875
0 0.193359375 0.1904296875 0.0576171875 0.1328125
0 0.162109375 0.0927734375 0.08984375 0.0732421875
0 0.3466796875 0.0712890625 0.0625 0.0654296875
0 0.4130859375 0.06640625 0.0595703125 0.0654296875
0 0.59375 0.091796875 0.0693359375 0.05859375
0 0.6044921875 0.2177734375 0.0732421875 0.0859375
0 0.564453125 0.3720703125 0.091796875 0.1103515625
0 0.451171875 0.3486328125 0.068359375 0.072265625
0 0.4208984375 0.375 0.0859375 0.05859375
0 0.412109375 0.4326171875 0.0791015625 0.0537109375
0 0.2861328125 0.4609375 0.0576171875 0.0478515625
0 0.6904296875 0.5283203125 0.099609375 0.0693359375
0 0.65234375 0.4296875 0.06640625 0.0732421875
0 0.701171875 0.4189453125 0.052734375 0.0986328125
0 0.67578125 0.3974609375 0.0751953125 0.1015625
0 0.654296875 0.3212890625 0.044921875 0.0576171875
0 0.9013671875 0.4384765625 0.0703125 0.0693359375
0 0.833984375 0.451171875 0.05859375 0.0634765625
0 0.875 0.4658203125 0.048828125 0.060546875
0 0.9267578125 0.28125 0.0537109375 0.060546875
0 0.876953125 0.2607421875 0.060546875 0.0712890625
0 0.79296875 0.1103515625 0.0615234375 0.083984375
0 0.8544921875 0.1201171875 0.0576171875 0.0478515625
0 0.7802734375 0.1552734375 0.099609375 0.0859375
0 0.6064453125 0.0517578125 0.0654296875 0.0302734375
0 0.5498046875 0.060546875 0.0498046875 0.060546875
0 0.4755859375 0.0400390625 0.0654296875 0.0400390625
0 0.04296875 0.07421875 0.04296875 0.064453125
0 0.060546875 0.3232421875 0.046875 0.0498046875
0 0.666015625 0.4677734375 0.068359375 0.048828125
0 0.04296875 0.994140625 0.0419921875 0.048828125
0 0.7119140625 0.9599609375 0.048828125 0.0478515625
0 0.822265625 1.0 0.0478515625 0.0146484375
0 0.9736328125 0.9990234375 0.0439453125 0.01953125
0 0.75 0.7958984375 0.0400390625 0.0458984375
0 0.8857421875 0.0234375 0.064453125 0.0234375
