0 0.1123046875 0.10546875 0.07421875 0.10546875
0 0.130859375 0.765625 0.0771484375 0.1279296875
0 0.2744140625 0.7255859375 0.1181640625 0.087890625
0 0.392578125 0.7431640625 0.060546875 0.0576171875
0 0.5107421875 0.626953125 0.0625 0.080078125
0 0.671875 0.58984375 0.0859375 0.08984375
0 0.6240234375 0.6748046875 0.1103515625 0.0810546875
0 0.6455078125 0.84375 0.06640625 0.1064453125
0 0.583984375 0.7509765625 0.0517578125 0.072265625
0 0.76953125 0.564453125 0.076171875 0.072265625
0 0.857421875 0.54296875 0.080078125 0.080078125
0 0.75 0.3671875 0.08203125 0.1298828125
0 0.724609375 0.8525390625 0.080078125 0.08984375
0 0.7890625 0.8310546875 0.0595703125 0.0732421875
0 0.849609375 0.78125 0.072265625 0.076171875
0 0.900390625 0.7802734375 0.05859375 0.0849609375
0 0.8583984375 0.7001953125 0.0732421875 0.0625
0 0.962890625 0.7158203125 0.068359375 0.1064453125
0 1.0 0.8642578125 0.099609375 0.068359375
0 0.908203125 0.9912109375 0.064453125 0.076171875
0 0.8271484375 0.8935546875 0.107421875 0.0732421875
0 0.623046875 0.9423828125 0.0712890625 0.0498046875
0 0.169921875 0.2705078125 0.060546875 0.0693359375
0 0.236328125 0.201171875 0.0458984375 0.0751953125
0 0.2578125 0.2802734375 0.072265625 0.08984375
0 0.3173828125 0.21875 0.052734375 0.1240234375
0 0.3583984375 0.2578125 0.05859375 0.087890625
0 0.4267578125 0.3203125 0.076171875 0.09765625
0 0.462890625 0.2373046875 0.072265625 0.1455078125
0 0.537109375 0.31640625 0.0712890625 0.126953125
0 0.6162109375 0.3896484375 0.0576171875 0.1357421875
0 0.859375 0.3681640625 0.0791015625 0.1279296875
0 0.8681640625 0.2802734375 0.1279296875 0.06640625
0 0.875 0.1787109375 0.0771484375 0.150390625
0 0.7080078125 0.1552734375 0.0732421875 0.0859375
0 0.701171875 0.234375 0.080078125 0.0966796875
0 0.7734375 0.2265625 0.0830078125 0.0966796875
0 0.2734375 0.12109375 0.0703125 0.12109375
0 0.3017578125 0.822265625 0.06640625 0.083984375
0 0.353515625 0.890625 0.0791015625 0.052734375
0 0.3759765625 0.9365234375 0.0302734375 0.0380859375
0 0.4638671875 0.896484375 0.068359375 0.0771484375
0 0.4921875 0.8076171875 0.0341796875 0.0322265625
0 0.173828125 0.4677734375 0.0986328125 0.1005859375
0 0.9990234375 0.6689453125 0.1025390625 0.26171875
0 1.0 0.734375 0.1220703125 0.1962890625
