0 0.7314453125 0.1298828125 0.078125 0.107421875
0 0.56640625 0.111328125 0.091796875 0.087890625
0 0.5009765625 0.8095703125 0.1005859375 0.0849609375
0 0.1318359375 0.8154296875 0.068359375 0.0986328125
0 0.541015625 0.1982421875 0.0791015625 0.0654296875
0 0.2236328125 0.779296875 0.1015625 0.0625
0 0.12763671875 0.5181640625 0.12373046874999999 0.06796875000000002
0 0.2177734375 0.3125 0.1142578125 0.0712890625
0 0.70703125 0.615234375 0.072265625 0.0712890625
0 0.5986328125 0.439453125 0.119140625 0.1416015625
0 0.1494140625 0.1484375 0.0966796875 0.1044921875
0 1.0 0.431640625 0.046875 0.041015625
0 0.4130859375 0.53515625 0.2138671875 0.115234375
0 0.884765625 0.4912109375 0.1865234375 0.06640625
0 0.7138671875 0.384765625 0.076171875 0.1640625
0 0.189453125 0.2255859375 0.1123046875 0.044921875
0 1.0 0.5732421875 0.068359375 0.0576171875
0 0.421875 0.9580078125 0.0546875 0.1220703125
0 0.9931640625 0.8134765625 0.0791015625 0.064453125
0 0.0732421875 0.79296875 0.0732421875 0.0625
0 1.0 0.158203125 0.0654296875 0.1376953125
0 0.5185546875 0.529296875 0.107421875 0.0859375
0 0.625 0.3369140625 0.056640625 0.08984375
0 1.0 0.5771484375 0.0205078125 0.05078125
0 0.9462890625 0.9443359375 0.0849609375 0.0498046875
0 0.3759765625 0.8916015625 0.12890625 0.0634765625
0 1.0 0.4677734375 0.068359375 0.03515625
0 0.76171875 0.205078125 0.1337890625 0.123046875
0 1.0 0.5205078125 0.0546875 0.0595703125
0 0.5390625 0.9970703125 0.111328125 0.0390625
0 0.0791015625 0.9140625 0.0751953125 0.0439453125
0 0.091796875 0.4765625 0.091796875 0.0966796875
0 0.92578125 0.58984375 0.1064453125 0.046875
0 0.6611328125 0.220703125 0.072265625 0.05078125
0 0.3759765625 0.97265625 0.1953125 0.087890625
0 0.4072265625 0.8291015625 0.1044921875 0.091796875
0 0.404296875 0.6552734375 0.1123046875 0.04296875
0 0.2158203125 0.5927734375 0.0693359375 0.0478515625
0 0.498046875 0.5693359375 0.1181640625 0.072265625
0 0.40234375 0.435546875 0.1083984375 0.046875
0 0.5849609375 0.8681640625 0.0869140625 0.0380859375
0 0.3232421875 0.0302734375 0.1181640625 0.0244140625
0 0.966796875 0.2265625 0.09375 0.056640625
0 0.8857421875 0.802734375 0.16015625 0.0517578125
0 0.3056640625 0.603515625 0.0908203125 0.064453125
0 0.3251953125 0.2197265625 0.107421875 0.1376953125
0 0.1171875 0.8779296875 0.0986328125 0.02734375
0 0.6806640625 0.96484375 0.146484375 0.0673828125
0 0.087890625 0.95703125 0.0869140625 0.029296875
0 0.314453125 0.7353515625 0.166015625 0.0576171875
0 0.4482421875 0.1982421875 0.1748046875 0.109375
0 0.9140625 0.7646484375 0.0595703125 0.1103515625
0 0.8271484375 0.9326171875 0.109375 0.0400390625
0 0.5517578125 0.50390625 0.1455078125 0.091796875
0 0.4609375 0.1572265625 0.068359375 0.0380859375
0 0.83984375 0.818359375 0.10546875 0.0712890625
0 0.5244140625 0.92578125 0.1103515625 0.0419921875
0 0.0341796875 1.0 0.033203125 0.015625
0 0.1767578125 1.0 0.05078125 0.044921875
0 0.35546875 0.1875 0.068359375 0.0322265625
0 0.302734375 0.4912109375 0.052734375 0.05078125
0 0.1328125 0.8466796875 0.0888671875 0.017578125
0 0.3779296875 0.8994140625 0.0771484375 0.056640625
0 0.37890625 0.2568359375 0.078125 0.0576171875
0 0.8388671875 0.322265625 0.064453125 0.0712890625
0 0.7958984375 0.3134765625 0.1259765625 0.0693359375
0 0.9580078125 0.9794921875 0.0869140625 0.0419921875
0 0.87109375 0.6591796875 0.0859375 0.0537109375
0 1.0 0.6318359375 0.0986328125 0.0625
