0 1.0 0.390625 0.080078125 0.0869140625
0 0.708984375 0.5185546875 0.0791015625 0.115234375
0 0.427734375 0.125 0.0732421875 0.11328125
0 0.6845703125 0.0859375 0.056640625 0.0859375
0 0.611328125 0.19140625 0.0947265625 0.083984375
0 0.68359375 0.1865234375 0.0732421875 0.0908203125
0 0.3125 0.0927734375 0.0693359375 0.0732421875
0 0.9091796875 0.73046875 0.107421875 0.0498046875
0 0.2705078125 0.19921875 0.078125 0.06640625
0 0.9140625 0.150390625 0.080078125 0.134765625
0 0.201171875 0.1796875 0.08984375 0.1044921875
0 1.0 0.541015625 0.072265625 0.0693359375
0 0.37109375 0.890625 0.099609375 0.076171875
0 0.4306640625 0.97265625 0.0888671875 0.0556640625
0 0.146484375 0.7197265625 0.09765625 0.0537109375
0 0.1357421875 0.2236328125 0.0859375 0.119140625
0 0.68359375 0.2412109375 0.0625 0.10546875
0 0.107421875 0.775390625 0.107421875 0.0830078125
0 0.787109375 0.85546875 0.0478515625 0.076171875
0 0.86328125 0.8994140625 0.1328125 0.0654296875
0 0.6357421875 0.650390625 0.1123046875 0.1279296875
0 0.5078125 0.6259765625 0.1376953125 0.0595703125
0 0.4873046875 0.654296875 0.109375 0.05859375
0 0.8662109375 0.6123046875 0.123046875 0.05078125
0 0.146484375 0.2470703125 0.078125 0.0556640625
0 1.0 0.931640625 0.0751953125 0.0361328125
0 0.8037109375 0.5732421875 0.0517578125 0.072265625
0 0.521484375 0.490234375 0.1025390625 0.0947265625
0 0.4658203125 0.482421875 0.08203125 0.0771484375
0 0.8662109375 0.2421875 0.0556640625 0.130859375
0 0.64453125 0.51953125 0.1005859375 0.0498046875
0 0.4697265625 0.5849609375 0.1142578125 0.08984375
0 0.4111328125 0.755859375 0.087890625 0.08203125
0 0.0966796875 0.9208984375 0.0966796875 0.0615234375
0 0.87109375 0.6064453125 0.0556640625 0.0712890625
0 0.2021484375 0.2041015625 0.1025390625 0.0712890625
0 0.6689453125 0.9619140625 0.083984375 0.046875
0 0.40234375 0.5078125 0.1005859375 0.08203125
0 0.396484375 0.6923828125 0.056640625 0.0498046875
0 0.1943359375 0.6591796875 0.1162109375 0.0634765625
0 0.197265625 0.6103515625 0.11328125 0.0546875
0 0.5810546875 0.2822265625 0.0498046875 0.0498046875
0 0.9140625 0.990234375 0.0810546875 0.04296875
0 0.2099609375 0.998046875 0.0595703125 0.0595703125
0 0.0537109375 0.69921875 0.0537109375 0.048828125
0 0.986328125 0.5615234375 0.068359375 0.0537109375
0 0.1064453125 0.6103515625 0.072265625 0.0615234375
0 1.0 0.921875 0.0322265625 0.060546875
0 0.421875 0.47265625 0.1298828125 0.0703125
0 0.2041015625 0.650390625 0.091796875 0.0576171875
0 0.5791015625 0.96875 0.048828125 0.0302734375
0 0.095703125 0.9072265625 0.080078125 0.041015625
0 0.20703125 0.220703125 0.056640625 0.025390625
0 0.5205078125 0.455078125 0.12109375 0.0849609375
0 0.44921875 0.5830078125 0.1337890625 0.072265625
0 0.37890625 0.7744140625 0.08203125 0.109375
0 0.369140625 0.994140625 0.048828125 0.02734375
0 0.6650390625 0.9775390625 0.072265625 0.037109375
