0 0.056640625 0.1591796875 0.056640625 0.072265625
0 0.63671875 0.171875 0.1572265625 0.0849609375
0 0.0546875 0.5166015625 0.0546875 0.091796875
0 0.501953125 0.1025390625 0.119140625 0.0927734375
0 0.376953125 0.6669921875 0.1845703125 0.1123046875
0 0.724609375 0.681640625 0.0830078125 0.0869140625
0 0.94921875 0.994140625 0.1943359375 0.091796875
0 0.259765625 0.1572265625 0.08984375 0.0927734375
0 0.119140625 0.7919921875 0.0673828125 0.0751953125
0 0.599609375 0.5849609375 0.125 0.115234375
0 0.2099609375 0.96484375 0.1279296875 0.107421875
0 0.76953125 0.5068359375 0.1552734375 0.0947265625
0 0.841796875 0.1142578125 0.1025390625 0.0673828125
0 0.9248046875 0.4697265625 0.087890625 0.1025390625
0 0.734375 0.0791015625 0.1123046875 0.0791015625
0 0.2119140625 0.1923828125 0.09765625 0.0751953125
0 0.9970703125 0.904296875 0.0576171875 0.0673828125
0 1.0 0.5859375 0.0830078125 0.08203125
0 0.314453125 0.6943359375 0.1572265625 0.0673828125
0 1.0 0.8447265625 0.0556640625 0.1181640625
