0 0.1845703125 0.4404296875 0.0859375 0.1142578125
0 0.91015625 0.494140625 0.0439453125 0.1572265625
0 0.3876953125 0.7861328125 0.06640625 0.076171875
0 0.0927734375 0.2705078125 0.0927734375 0.0478515625
0 0.5263671875 0.85546875 0.0986328125 0.076171875
0 0.8154296875 0.42578125 0.0732421875 0.080078125
0 0.078125 0.4140625 0.078125 0.0546875
0 0.31640625 0.1064453125 0.1328125 0.05078125
0 0.533203125 0.4638671875 0.056640625 0.0927734375
0 0.29296875 0.486328125 0.10546875 0.037109375
0 0.578125 0.595703125 0.05859375 0.0498046875
0 0.20703125 0.1044921875 0.11328125 0.087890625
0 0.3798828125 0.48046875 0.0732421875 0.0517578125
0 0.3994140625 0.5458984375 0.10546875 0.041015625
0 0.2724609375 0.283203125 0.0771484375 0.044921875
0 0.3779296875 0.841796875 0.0703125 0.0498046875
0 0.9072265625 0.3154296875 0.07421875 0.046875
0 0.1982421875 0.5390625 0.091796875 0.0498046875
0 0.7666015625 0.1484375 0.08203125 0.0400390625
0 0.3779296875 0.90234375 0.1142578125 0.0546875
0 0.19140625 0.9033203125 0.0888671875 0.033203125
0 0.1279296875 0.62109375 0.1005859375 0.0419921875
0 0.2607421875 0.158203125 0.0693359375 0.0439453125
0 0.107421875 0.515625 0.1015625 0.04296875
0 0.7275390625 0.5126953125 0.0498046875 0.046875
0 0.78125 0.599609375 0.0615234375 0.0537109375
0 0.44921875 0.3603515625 0.099609375 0.080078125
0 0.048828125 0.37109375 0.048828125 0.0341796875
0 0.9453125 0.4248046875 0.068359375 0.068359375
0 0.0869140625 0.6884765625 0.0859375 0.0380859375
0 0.0166015625 0.5126953125 0.0166015625 0.0380859375
0 0.8046875 0.48046875 0.046875 0.0498046875
0 0.9482421875 0.962890625 0.0703125 0.0400390625
0 0.75390625 0.861328125 0.0888671875 0.03515625
0 0.0458984375 0.197265625 0.0458984375 0.1337890625
0 0.4248046875 0.29296875 0.0556640625 0.0458984375
0 0.216796875 0.8212890625 0.0654296875 0.0341796875
0 0.51953125 0.7822265625 0.05078125 0.0283203125
0 0.9287109375 0.8486328125 0.0615234375 0.033203125
0 0.7158203125 0.2431640625 0.0537109375 0.02734375
0 0.583984375 0.7568359375 0.046875 0.025390625
0 0.8095703125 0.27734375 0.072265625 0.0400390625
0 0.2431640625 0.6064453125 0.1044921875 0.033203125
0 0.5732421875 0.8837890625 0.08984375 0.0302734375
0 0.3173828125 0.623046875 0.0849609375 0.0302734375
0 0.0478515625 0.83984375 0.0478515625 0.037109375
0 0.7314453125 0.3544921875 0.0478515625 0.03515625
0 0.1279296875 0.0771484375 0.0576171875 0.0419921875
0 0.6689453125 0.2763671875 0.072265625 0.0439453125
0 0.1904296875 0.0400390625 0.0947265625 0.0400390625
0 0.1845703125 0.51171875 0.07421875 0.037109375
0 0.2353515625 0.7236328125 0.087890625 0.037109375
0 0.12890625 0.837890625 0.0439453125 0.0419921875
0 0.99609375 0.2490234375 0.0732421875 0.0791015625
0 0.5751953125 0.953125 0.091796875 0.0341796875
0 0.7587890625 0.1796875 0.0693359375 0.0517578125
0 0.8193359375 0.3759765625 0.0322265625 0.08203125
0 0.0927734375 0.9072265625 0.083984375 0.04296875
0 0.283203125 0.2412109375 0.0908203125 0.033203125
0 0.501953125 0.279296875 0.109375 0.0439453125
0 0.267578125 0.2158203125 0.080078125 0.0244140625
0 0.064453125 0.619140625 0.064453125 0.0224609375
0 0.6435546875 0.8447265625 0.09375 0.0498046875
0 0.626953125 1.0 0.0673828125 0.033203125
0 0.728515625 0.8994140625 0.0810546875 0.0419921875
0 0.7412109375 1.0 0.0390625 0.0166015625
0 0.42578125 1.0 0.033203125 0.0283203125
0 0.181640625 0.26171875 0.0595703125 0.0458984375
0 0.365234375 0.29296875 0.0458984375 0.0732421875
0 1.0 0.5361328125 0.021484375 0.0634765625
0 1.0 0.583984375 0.0224609375 0.0439453125
0 1.0 0.9169921875 0.02734375 0.0625
0 0.1376953125 0.9599609375 0.1376953125 0.029296875
0 0.412109375 0.0224609375 0.044921875 0.0224609375
