0 1.0 0.7412109375 0.01953125 0.095703125
0 0.7373046875 0.8642578125 0.06640625 0.0546875
0 0.7919921875 0.9365234375 0.0771484375 0.087890625
0 0.9091796875 0.7939453125 0.0458984375 0.0888671875
0 0.8798828125 0.8388671875 0.052734375 0.07421875
0 0.955078125 0.904296875 0.0654296875 0.146484375
0 0.7919921875 0.73046875 0.0595703125 0.109375
0 0.7509765625 0.69921875 0.0625 0.13671875
0 0.7763671875 0.5908203125 0.0576171875 0.0869140625
0 0.7177734375 0.3828125 0.1171875 0.0625
0 0.7470703125 0.28515625 0.0546875 0.052734375
0 0.5869140625 0.6298828125 0.0625 0.1328125
0 0.6533203125 0.755859375 0.076171875 0.1025390625
0 0.546875 0.966796875 0.0830078125 0.18359375
0 0.6025390625 1.0 0.0703125 0.0703125
0 0.224609375 0.9677734375 0.1240234375 0.0986328125
0 0.244140625 0.8037109375 0.1201171875 0.1044921875
0 0.287109375 0.810546875 0.068359375 0.083984375
0 0.4189453125 0.7431640625 0.0693359375 0.134765625
0 0.4296875 0.6015625 0.0478515625 0.0908203125
0 0.466796875 0.626953125 0.0517578125 0.1025390625
0 0.1865234375 0.529296875 0.0634765625 0.1640625
0 0.1376953125 0.6787109375 0.083984375 0.0888671875
0 0.0869140625 0.7373046875 0.0869140625 0.0732421875
0 0.09375 0.8125 0.064453125 0.0615234375
0 0.2158203125 0.138671875 0.080078125 0.0478515625
0 0.1201171875 0.1845703125 0.0576171875 0.068359375
0 0.05859375 0.1025390625 0.05859375 0.1025390625
0 0.697265625 0.0400390625 0.0888671875 0.0400390625
0 0.556640625 0.0419921875 0.109375 0.0419921875
0 0.6181640625 0.08984375 0.13671875 0.0810546875
0 0.6640625 0.123046875 0.076171875 0.0732421875
0 0.8671875 0.060546875 0.08984375 0.0537109375
0 0.9765625 0.1416015625 0.1044921875 0.091796875
0 0.984375 0.060546875 0.0791015625 0.060546875
0 0.7626953125 0.8134765625 0.06640625 0.083984375
0 0.8564453125 0.12890625 0.056640625 0.0908203125
