0 0.8427734375 0.580078125 0.0634765625 0.1044921875
0 0.1591796875 0.064453125 0.1005859375 0.064453125
0 0.5341796875 0.6865234375 0.0947265625 0.1025390625
0 0.4462890625 0.71484375 0.0791015625 0.0634765625
0 0.4482421875 0.4521484375 0.08984375 0.0634765625
0 0.5703125 0.728515625 0.0908203125 0.0810546875
0 0.9091796875 0.6826171875 0.09765625 0.064453125
0 0.54296875 0.3642578125 0.0654296875 0.1103515625
0 0.36328125 0.3701171875 0.1005859375 0.087890625
0 0.890625 1.0 0.138671875 0.056640625
0 0.48828125 0.322265625 0.107421875 0.087890625
0 0.96484375 0.9716796875 0.1328125 0.0849609375
0 0.740234375 0.5703125 0.17578125 0.080078125
0 1.0 0.3291015625 0.123046875 0.173828125
0 0.6591796875 0.751953125 0.083984375 0.087890625
0 0.142578125 0.2568359375 0.080078125 0.10546875
0 0.462890625 0.3984375 0.078125 0.07421875
0 0.689453125 0.2939453125 0.064453125 0.1142578125
0 0.4287109375 0.73046875 0.1142578125 0.0625
0 0.1162109375 0.57421875 0.1162109375 0.1005859375
0 0.2578125 0.533203125 0.1240234375 0.0595703125
0 0.3876953125 0.779296875 0.158203125 0.0791015625
0 0.625 0.8447265625 0.21875 0.09375
0 0.5322265625 0.90234375 0.0859375 0.107421875
0 0.4833984375 0.8603515625 0.0712890625 0.1044921875
0 0.9755859375 0.708984375 0.0810546875 0.0302734375
0 0.9541015625 0.7421875 0.11328125 0.052734375
0 0.9375 1.0 0.1044921875 0.03125
0 0.609375 0.498046875 0.0703125 0.064453125
0 0.63671875 0.31640625 0.0517578125 0.12890625
0 0.6083984375 0.2998046875 0.162109375 0.265625
0 1.0 0.52734375 0.044921875 0.078125
0 0.41796875 0.1259765625 0.0751953125 0.0712890625
