0 0.4873046875 0.65234375 0.1181640625 0.0830078125
0 0.4716796875 0.109375 0.1943359375 0.0849609375
0 0.6767578125 0.259765625 0.08203125 0.134765625
0 0.482421875 0.572265625 0.123046875 0.1376953125
0 0.57421875 0.287109375 0.1396484375 0.080078125
0 0.4248046875 0.4248046875 0.1123046875 0.078125
0 0.2548828125 0.9541015625 0.1474609375 0.125
0 0.2841796875 0.494140625 0.1494140625 0.08203125
0 0.931640625 0.6015625 0.1123046875 0.056640625
0 0.572265625 0.7421875 0.0849609375 0.0673828125
0 0.875 0.4248046875 0.0654296875 0.09765625
0 0.119140625 0.4892578125 0.119140625 0.125
0 0.5966796875 0.8544921875 0.2392578125 0.087890625
0 0.9091796875 0.8017578125 0.126953125 0.0869140625
0 0.8017578125 0.849609375 0.1025390625 0.1748046875
0 0.76953125 0.857421875 0.0771484375 0.0625
0 0.703125 1.0 0.16796875 0.1435546875
0 1.0 0.189453125 0.193359375 0.0625
0 0.5185546875 1.0 0.1376953125 0.1181640625
0 0.9892578125 0.162109375 0.1142578125 0.072265625
0 1.0 0.5146484375 0.2080078125 0.0830078125
0 0.77734375 0.5966796875 0.0576171875 0.0693359375
0 0.9794921875 0.3046875 0.1328125 0.060546875
0 0.2548828125 0.63671875 0.123046875 0.142578125
0 1.0 0.7197265625 0.22265625 0.09765625
0 0.9873046875 0.8837890625 0.21875 0.07421875
0 1.0 0.8544921875 0.1025390625 0.0947265625
0 0.0498046875 1.0 0.0498046875 0.087890625
0 0.8994140625 0.994140625 0.0673828125 0.0693359375
0 0.8095703125 0.64453125 0.0830078125 0.0400390625
0 1.0 0.9072265625 0.11328125 0.0498046875
0 0.8466796875 1.0 0.08984375 0.0458984375
0 1.0 0.4423828125 0.0830078125 0.078125
0 0.994140625 0.3369140625 0.126953125 0.08203125
0 1.0 0.2548828125 0.0732421875 0.0625
0 1.0 0.3369140625 0.1201171875 0.064453125
0 0.1396484375 1.0 0.1279296875 0.033203125
0 0.8818359375 0.412109375 0.0673828125 0.037109375
0 0.95703125 0.744140625 0.1298828125 0.044921875
0 0.921875 0.71484375 0.197265625 0.0732421875
0 0.5771484375 1.0 0.052734375 0.087890625
