0 0.0341796875 0.4189453125 0.0341796875 0.103515625
0 0.1103515625 0.291015625 0.099609375 0.0859375
0 0.474609375 0.125 0.0908203125 0.0751953125
0 0.390625 0.181640625 0.0634765625 0.060546875
0 0.705078125 0.171875 0.06640625 0.0625
0 0.767578125 0.1728515625 0.056640625 0.0595703125
0 0.8154296875 0.1162109375 0.150390625 0.11328125
0 0.609375 0.30859375 0.130859375 0.0634765625
0 0.2998046875 0.34375 0.068359375 0.0654296875
0 0.5 0.478515625 0.0712890625 0.1181640625
0 0.33984375 0.5205078125 0.056640625 0.0712890625
0 0.6923828125 0.4033203125 0.1181640625 0.0595703125
0 0.826171875 0.4912109375 0.1083984375 0.0556640625
0 0.7216796875 0.6513671875 0.0751953125 0.1142578125
0 0.5732421875 0.7509765625 0.0771484375 0.119140625
0 0.392578125 0.7548828125 0.0732421875 0.0986328125
0 0.5810546875 0.9208984375 0.1083984375 0.123046875
0 0.65234375 0.8818359375 0.08984375 0.1162109375
0 0.849609375 0.8828125 0.068359375 0.1279296875
0 0.9619140625 0.6435546875 0.1064453125 0.0849609375
0 0.99609375 0.431640625 0.0751953125 0.0986328125
0 0.8857421875 0.2509765625 0.0771484375 0.0419921875
0 0.9951171875 0.96484375 0.07421875 0.06640625
0 0.970703125 0.2021484375 0.0478515625 0.0869140625
0 0.8310546875 0.7294921875 0.166015625 0.123046875
0 0.90625 0.3369140625 0.13671875 0.0625
0 0.7685546875 0.2587890625 0.138671875 0.068359375
