0 0.431640625 0.224609375 0.0947265625 0.12109375
0 0.3505859375 0.236328125 0.064453125 0.0732421875
0 0.4228515625 0.28515625 0.109375 0.0625
0 0.240234375 0.1181640625 0.08984375 0.068359375
0 0.1591796875 0.2958984375 0.078125 0.091796875
0 0.271484375 0.345703125 0.0947265625 0.0849609375
0 0.2060546875 0.40625 0.0849609375 0.076171875
0 0.6220703125 0.2177734375 0.0732421875 0.078125
0 0.826171875 0.1376953125 0.1982421875 0.1044921875
0 0.8671875 0.2021484375 0.0986328125 0.0615234375
0 0.923828125 0.2392578125 0.095703125 0.0439453125
0 0.8291015625 0.486328125 0.08984375 0.0693359375
0 0.6640625 0.26953125 0.0537109375 0.0576171875
0 0.0595703125 0.1025390625 0.0595703125 0.0849609375
0 0.072265625 0.20703125 0.072265625 0.083984375
0 0.21484375 0.0615234375 0.072265625 0.060546875
0 0.4951171875 0.3837890625 0.1103515625 0.0615234375
0 0.4443359375 0.3388671875 0.060546875 0.0625
0 0.5400390625 0.478515625 0.095703125 0.0830078125
0 0.4208984375 0.572265625 0.0791015625 0.1220703125
0 0.482421875 0.59765625 0.07421875 0.134765625
0 0.115234375 0.5390625 0.0615234375 0.08984375
0 0.0576171875 0.51953125 0.056640625 0.083984375
0 0.1103515625 0.6650390625 0.099609375 0.0869140625
0 0.1044921875 0.5947265625 0.091796875 0.0830078125
0 0.27734375 0.7978515625 0.1240234375 0.1357421875
0 0.2412109375 0.87109375 0.072265625 0.06640625
0 0.1630859375 0.8330078125 0.0732421875 0.078125
0 0.4814453125 0.7607421875 0.064453125 0.0654296875
0 0.4775390625 0.6572265625 0.111328125 0.072265625
0 0.5791015625 0.779296875 0.12109375 0.0888671875
0 0.7607421875 0.734375 0.09765625 0.1005859375
0 0.7197265625 0.798828125 0.06640625 0.07421875
0 0.6328125 0.7470703125 0.060546875 0.1064453125
0 0.6650390625 0.6533203125 0.0673828125 0.0703125
0 0.9892578125 0.11328125 0.0810546875 0.0908203125
0 0.9189453125 0.3212890625 0.0869140625 0.078125
0 0.943359375 0.697265625 0.0654296875 0.0625
0 0.8662109375 0.703125 0.068359375 0.060546875
0 0.9228515625 0.78515625 0.0712890625 0.07421875
0 0.9970703125 0.8212890625 0.0791015625 0.07421875
0 0.9228515625 0.869140625 0.0625 0.0732421875
0 0.8388671875 0.841796875 0.0830078125 0.06640625
0 0.8447265625 0.93359375 0.0869140625 0.0888671875
0 0.73046875 0.35546875 0.052734375 0.0498046875
0 0.109375 0.80859375 0.07421875 0.0654296875
0 0.60546875 0.6865234375 0.07421875 0.0791015625
0 0.1904296875 0.244140625 0.0576171875 0.0517578125
0 0.638671875 0.0458984375 0.0517578125 0.0458984375
0 0.4072265625 0.0380859375 0.0400390625 0.0380859375
0 0.6884765625 0.720703125 0.0595703125 0.060546875
0 0.1591796875 0.6337890625 0.048828125 0.0537109375
0 0.1748046875 0.7119140625 0.0517578125 0.0498046875
0 0.845703125 0.4375 0.076171875 0.064453125
0 0.748046875 0.4423828125 0.0556640625 0.052734375
0 0.662109375 0.751953125 0.0419921875 0.0498046875
0 0.3271484375 0.263671875 0.0810546875 0.0703125
