0 0.2724609375 0.7060546875 0.1455078125 0.0625
0 0.80078125 0.8212890625 0.0771484375 0.0751953125
0 1.0 0.158203125 0.0595703125 0.125
0 0.69921875 0.494140625 0.0927734375 0.07421875
0 0.2890625 0.1611328125 0.091796875 0.072265625
0 0.7744140625 0.689453125 0.08984375 0.08984375
0 0.23046875 0.37109375 0.08203125 0.072265625
0 0.158203125 0.447265625 0.1005859375 0.111328125
0 0.6474609375 0.94921875 0.1025390625 0.0927734375
0 0.2041015625 0.1640625 0.08984375 0.0869140625
0 0.857421875 0.322265625 0.0830078125 0.072265625
0 0.7646484375 0.3642578125 0.080078125 0.0693359375
0 0.9853515625 0.1298828125 0.0947265625 0.1298828125
