0 0.5703125 0.4150390625 0.0791015625 0.0966796875
0 0.716796875 0.111328125 0.076171875 0.0673828125
0 0.5546875 0.53515625 0.1220703125 0.0947265625
0 0.6201171875 0.1982421875 0.134765625 0.0751953125
0 0.2265625 0.216796875 0.0712890625 0.0986328125
0 0.9462890625 0.1337890625 0.0693359375 0.05859375
0 0.6396484375 1.0 0.09765625 0.046875
0 0.130859375 0.1337890625 0.1064453125 0.0732421875
0 0.23193359375 0.427734375 0.10888671875 0.0458984375
0 0.1552734375 0.5830078125 0.138671875 0.0810546875
0 0.33984375 0.8076171875 0.1015625 0.046875
0 0.5791015625 0.9677734375 0.0625 0.087890625
0 0.435546875 0.8125 0.0810546875 0.0400390625
0 0.16015625 0.32421875 0.0908203125 0.0419921875
0 0.109375 0.873046875 0.0634765625 0.0458984375
0 0.330078125 0.171875 0.123046875 0.0634765625
0 0.6953125 0.6318359375 0.0859375 0.0517578125
0 0.7333984375 0.53125 0.078125 0.076171875
0 0.2080078125 0.33203125 0.0888671875 0.064453125
0 0.939453125 0.625 0.046875 0.029296875
0 0.0419921875 0.8193359375 0.0419921875 0.052734375
0 0.9873046875 0.212890625 0.0771484375 0.0625
0 0.732421875 0.6181640625 0.0615234375 0.04296875
0 0.271484375 0.9013671875 0.0966796875 0.048828125
0 0.615234375 0.279296875 0.046875 0.0322265625
0 0.732421875 0.177734375 0.08203125 0.0634765625
0 0.5224609375 0.63671875 0.072265625 0.0361328125
0 0.974609375 0.267578125 0.0546875 0.064453125
0 0.685546875 0.5908203125 0.1064453125 0.048828125
0 0.142578125 0.5400390625 0.1064453125 0.0576171875
0 0.41796875 0.1181640625 0.1220703125 0.083984375
0 0.25 0.2666015625 0.041015625 0.068359375
0 0.9599609375 0.8505859375 0.0615234375 0.03125
0 0.3125 0.484375 0.1748046875 0.0537109375
0 0.0390625 0.4384765625 0.0390625 0.04296875
0 0.3447265625 0.1552734375 0.1083984375 0.0908203125
0 0.421875 0.3330078125 0.083984375 0.05078125
0 0.673828125 0.837890625 0.0703125 0.0537109375
0 0.4091796875 0.501953125 0.0673828125 0.044921875
0 1.0 0.1279296875 0.0234375 0.046875
0 0.234375 0.2705078125 0.0419921875 0.0673828125
0 0.2548828125 0.529296875 0.0712890625 0.0498046875
0 0.173828125 0.212890625 0.0654296875 0.0517578125
0 0.87890625 0.162109375 0.0869140625 0.0458984375
0 0.056640625 0.78515625 0.0546875 0.0283203125
0 0.359375 0.904296875 0.078125 0.0390625
0 0.154296875 0.50390625 0.0947265625 0.0546875
0 0.98046875 0.5380859375 0.0546875 0.033203125
0 0.755859375 0.3115234375 0.0859375 0.052734375
0 0.2451171875 0.939453125 0.0751953125 0.0419921875
0 0.322265625 0.62109375 0.041015625 0.0537109375
0 0.8291015625 0.7998046875 0.0537109375 0.0361328125
0 0.3193359375 0.087890625 0.0703125 0.0869140625
0 0.70703125 0.5458984375 0.08203125 0.041015625
0 0.2958984375 0.83203125 0.0869140625 0.0302734375
0 0.599609375 0.9091796875 0.1201171875 0.06640625
0 0.1240234375 0.728515625 0.060546875 0.0810546875
0 0.9677734375 0.890625 0.15234375 0.0576171875
0 0.8291015625 0.8046875 0.0537109375 0.0234375
0 0.837890625 0.9169921875 0.0888671875 0.0458984375
0 0.55078125 0.46875 0.109375 0.037109375
0 0.4814453125 0.9091796875 0.1240234375 0.06640625
0 0.3779296875 0.880859375 0.080078125 0.0419921875
