0 0.7685546875 0.3271484375 0.04296875 0.0615234375
0 0.9375 0.7490234375 0.0703125 0.09375
0 0.41796875 0.6591796875 0.0556640625 0.109375
0 0.8720703125 0.5908203125 0.0419921875 0.08203125
0 0.2578125 0.8515625 0.09375 0.0419921875
0 0.3662109375 0.6064453125 0.046875 0.1201171875
0 0.1611328125 0.212890625 0.0478515625 0.0849609375
0 0.7958984375 0.064453125 0.02734375 0.060546875
0 0.82421875 0.5390625 0.0400390625 0.0693359375
0 0.02734375 0.42578125 0.0263671875 0.052734375
0 0.521484375 0.275390625 0.064453125 0.064453125
0 0.375 0.4189453125 0.0478515625 0.0751953125
0 0.1142578125 0.7783203125 0.05078125 0.0556640625
0 0.9521484375 0.3818359375 0.0966796875 0.041015625
0 0.1201171875 0.6279296875 0.076171875 0.0810546875
0 0.7412109375 0.5068359375 0.0537109375 0.0625
0 0.666015625 0.73046875 0.0458984375 0.0615234375
0 0.2724609375 0.314453125 0.0498046875 0.078125
0 0.6533203125 0.1181640625 0.052734375 0.0537109375
0 0.5087890625 0.8095703125 0.056640625 0.052734375
0 0.0234375 0.052734375 0.0234375 0.0439453125
0 0.8564453125 0.037109375 0.029296875 0.037109375
0 0.1728515625 0.1171875 0.0546875 0.0693359375
0 0.369140625 0.8447265625 0.0654296875 0.0537109375
0 0.3564453125 0.5400390625 0.060546875 0.06640625
0 0.787109375 0.125 0.0458984375 0.0537109375
0 0.95703125 0.23046875 0.0615234375 0.0810546875
0 0.904296875 0.5400390625 0.03515625 0.0595703125
0 0.9052734375 0.66796875 0.048828125 0.0595703125
0 0.041015625 0.634765625 0.041015625 0.0546875
0 0.5771484375 0.6767578125 0.0361328125 0.0791015625
0 0.0693359375 0.85546875 0.0478515625 0.060546875
0 0.7666015625 0.8095703125 0.0537109375 0.0498046875
0 0.599609375 0.5703125 0.04296875 0.052734375
0 0.197265625 0.775390625 0.0458984375 0.0654296875
0 0.1689453125 0.587890625 0.0400390625 0.05859375
0 0.1943359375 0.6484375 0.0625 0.046875
0 0.60546875 0.45703125 0.0830078125 0.064453125
0 0.2080078125 0.0498046875 0.0458984375 0.0498046875
0 0.1220703125 0.8271484375 0.0927734375 0.0322265625
0 0.0986328125 0.5810546875 0.078125 0.0703125
0 0.0458984375 0.560546875 0.03125 0.09375
0 0.0458984375 0.6962890625 0.0419921875 0.0712890625
0 0.5146484375 0.3583984375 0.078125 0.0869140625
0 0.2392578125 0.736328125 0.072265625 0.04296875
0 0.494140625 0.6064453125 0.0439453125 0.0498046875
0 0.7138671875 0.5341796875 0.0302734375 0.0546875
0 0.90234375 0.4111328125 0.0556640625 0.0478515625
0 0.4677734375 0.94140625 0.0537109375 0.0576171875
0 0.7841796875 0.455078125 0.0380859375 0.0673828125
0 0.90234375 0.8330078125 0.0419921875 0.05859375
0 0.2587890625 0.5927734375 0.048828125 0.0625
0 0.25 0.5615234375 0.0810546875 0.0537109375
0 0.984375 0.7607421875 0.044921875 0.0576171875
0 0.123046875 0.89453125 0.046875 0.052734375
0 0.0986328125 0.1337890625 0.0439453125 0.0712890625
0 0.255859375 0.0185546875 0.0517578125 0.0185546875
0 0.8232421875 0.2333984375 0.0537109375 0.0556640625
0 0.8857421875 0.1640625 0.064453125 0.0908203125
0 0.6123046875 0.4814453125 0.05859375 0.052734375
0 0.3916015625 0.9013671875 0.06640625 0.0732421875
0 0.544921875 0.9853515625 0.0693359375 0.05859375
0 0.4951171875 1.0 0.0791015625 0.044921875
0 0.1484375 0.9736328125 0.078125 0.0556640625
0 0.02734375 1.0 0.02734375 0.03515625
0 0.78125 0.9345703125 0.0869140625 0.0712890625
0 0.8515625 1.0 0.0625 0.0546875
0 0.919921875 0.9384765625 0.044921875 0.087890625
