0 0.515625 0.1943359375 0.1552734375 0.1943359375
0 0.310546875 0.59765625 0.087890625 0.1875
0 1.0 0.1767578125 0.0224609375 0.13671875
0 1.0 0.8125 0.2001953125 0.15625
0 0.2685546875 0.84375 0.1220703125 0.130859375
0 0.6728515625 0.8544921875 0.1640625 0.2080078125
0 0.8212890625 0.2978515625 0.0986328125 0.083984375
0 0.947265625 0.4130859375 0.0810546875 0.1279296875
0 1.0 0.34765625 0.01953125 0.1064453125
0 0.8916015625 0.2626953125 0.0478515625 0.0751953125
0 0.2294921875 0.0478515625 0.08984375 0.0478515625
0 0.0654296875 0.0146484375 0.064453125 0.0146484375
0 0.2138671875 0.25390625 0.0947265625 0.0654296875
0 0.232421875 0.1826171875 0.0712890625 0.0615234375
0 0.0849609375 0.3115234375 0.0693359375 0.0869140625
0 0.1591796875 0.435546875 0.056640625 0.1416015625
0 0.349609375 0.4560546875 0.04296875 0.0966796875
0 0.185546875 0.7646484375 0.115234375 0.0625
0 0.4521484375 0.787109375 0.0947265625 0.099609375
0 0.380859375 0.9033203125 0.080078125 0.1083984375
0 0.4365234375 0.9921875 0.05859375 0.1162109375
0 0.5107421875 0.953125 0.0634765625 0.0703125
0 0.6865234375 0.9697265625 0.0537109375 0.107421875
0 0.2529296875 0.99609375 0.087890625 0.0400390625
0 0.1953125 0.9365234375 0.1064453125 0.046875
0 0.2080078125 0.9765625 0.0595703125 0.0732421875
0 0.6435546875 0.109375 0.0732421875 0.0556640625
0 0.712890625 0.1943359375 0.068359375 0.0712890625
0 0.705078125 0.1396484375 0.068359375 0.0546875
0 0.91796875 0.8896484375 0.0751953125 0.12109375
0 0.87109375 1.0 0.0830078125 0.0625
0 1.0 1.0 0.0693359375 0.1396484375
0 0.1357421875 0.9912109375 0.080078125 0.0634765625
0 0.0546875 0.1943359375 0.0546875 0.05859375
