0 0.9951171875 0.482421875 0.1259765625 0.14453125
0 0.8759765625 0.4150390625 0.0693359375 0.0986328125
0 0.908203125 0.6240234375 0.10546875 0.1015625
0 0.78125 0.7138671875 0.0908203125 0.0732421875
0 1.0 0.75390625 0.0625 0.0673828125
0 0.849609375 0.8876953125 0.1025390625 0.0625
0 0.9130859375 0.873046875 0.0927734375 0.0546875
0 0.65625 0.734375 0.0947265625 0.064453125
0 0.4306640625 0.947265625 0.0986328125 0.1494140625
0 0.291015625 0.8984375 0.0830078125 0.1357421875
0 0.2099609375 0.865234375 0.0693359375 0.109375
0 0.1025390625 0.83203125 0.0859375 0.0908203125
0 0.072265625 0.9306640625 0.064453125 0.12109375
0 0.185546875 1.0 0.083984375 0.0517578125
0 0.2587890625 1.0 0.0576171875 0.0478515625
0 0.34375 1.0 0.0888671875 0.052734375
0 0.6904296875 0.93359375 0.0673828125 0.05078125
0 0.923828125 0.9892578125 0.08984375 0.095703125
0 0.287109375 0.0654296875 0.138671875 0.0654296875
0 0.6865234375 0.0419921875 0.0966796875 0.0400390625
0 0.6572265625 0.2216796875 0.12890625 0.0869140625
0 0.6591796875 0.353515625 0.064453125 0.0625
0 0.791015625 0.361328125 0.12109375 0.0693359375
0 0.546875 0.517578125 0.0908203125 0.095703125
0 0.45703125 0.615234375 0.0810546875 0.072265625
0 0.3857421875 0.572265625 0.0771484375 0.0830078125
0 0.583984375 0.58984375 0.05078125 0.123046875
0 0.2333984375 0.5029296875 0.103515625 0.0751953125
0 0.2177734375 0.357421875 0.0771484375 0.0927734375
0 0.08984375 0.30859375 0.08984375 0.115234375
0 0.5283203125 0.173828125 0.142578125 0.0693359375
0 0.4853515625 0.2841796875 0.076171875 0.072265625
0 0.451171875 0.353515625 0.0751953125 0.0771484375
0 0.5283203125 0.412109375 0.0654296875 0.072265625
0 0.7333984375 0.298828125 0.078125 0.0556640625
0 0.904296875 0.2880859375 0.0751953125 0.072265625
0 0.978515625 0.248046875 0.099609375 0.080078125
0 0.8603515625 0.189453125 0.0791015625 0.0615234375
0 0.0654296875 0.4228515625 0.0654296875 0.0673828125
0 0.5986328125 0.328125 0.05859375 0.078125
0 0.423828125 0.8232421875 0.048828125 0.0673828125
0 0.4189453125 0.203125 0.0732421875 0.068359375
