0 0.06640625 0.4365234375 0.06640625 0.0791015625
0 0.0537109375 0.37109375 0.0537109375 0.09765625
0 0.1591796875 0.31640625 0.130859375 0.119140625
0 0.3427734375 0.3935546875 0.099609375 0.138671875
0 0.28515625 0.2509765625 0.111328125 0.0771484375
0 0.1484375 0.126953125 0.087890625 0.0986328125
0 0.21875 0.181640625 0.0986328125 0.087890625
0 0.3544921875 0.0869140625 0.083984375 0.060546875
0 0.1416015625 0.986328125 0.060546875 0.0673828125
0 0.203125 0.9365234375 0.0478515625 0.060546875
0 0.3544921875 0.984375 0.083984375 0.0537109375
0 0.1865234375 1.0 0.0625 0.0458984375
0 0.7265625 0.828125 0.078125 0.0947265625
0 0.6201171875 0.82421875 0.06640625 0.0869140625
0 0.5322265625 0.75390625 0.06640625 0.107421875
0 0.484375 0.8359375 0.0546875 0.1435546875
0 0.6455078125 0.7255859375 0.095703125 0.068359375
0 0.978515625 0.8564453125 0.080078125 0.1123046875
0 0.8056640625 0.62109375 0.0859375 0.0751953125
0 0.7119140625 0.650390625 0.07421875 0.0439453125
0 0.8720703125 0.7197265625 0.091796875 0.0498046875
0 0.8935546875 0.6650390625 0.0849609375 0.0439453125
0 1.0 0.5986328125 0.0556640625 0.056640625
0 1.0 0.521484375 0.076171875 0.0556640625
0 0.9970703125 0.42578125 0.0693359375 0.0751953125
0 0.927734375 0.3759765625 0.1005859375 0.07421875
0 0.7509765625 0.5029296875 0.0615234375 0.09765625
0 0.59765625 0.5654296875 0.076171875 0.05859375
0 0.6044921875 0.615234375 0.09765625 0.064453125
0 0.70703125 0.6455078125 0.1083984375 0.0654296875
0 0.416015625 0.5830078125 0.0595703125 0.0791015625
0 0.3251953125 0.5244140625 0.080078125 0.05078125
0 0.333984375 0.4619140625 0.0830078125 0.048828125
0 0.474609375 0.5185546875 0.0703125 0.0703125
0 0.5068359375 0.4560546875 0.0703125 0.0634765625
0 0.66796875 0.484375 0.1611328125 0.0615234375
0 0.6572265625 0.5390625 0.05859375 0.0576171875
0 0.56640625 0.361328125 0.0693359375 0.0576171875
0 0.4619140625 0.3251953125 0.072265625 0.0966796875
0 0.4765625 0.3642578125 0.0400390625 0.046875
0 0.37890625 0.2373046875 0.041015625 0.052734375
0 0.5029296875 0.173828125 0.080078125 0.0498046875
0 0.5576171875 0.2724609375 0.0771484375 0.0986328125
0 0.615234375 0.28515625 0.0537109375 0.078125
0 0.7294921875 0.259765625 0.1064453125 0.056640625
0 0.8134765625 0.36328125 0.0849609375 0.158203125
0 0.94921875 0.26171875 0.1103515625 0.0537109375
0 0.8974609375 0.2138671875 0.0537109375 0.064453125
0 0.673828125 0.056640625 0.1484375 0.056640625
0 0.716796875 0.0908203125 0.0947265625 0.0888671875
0 0.783203125 0.1337890625 0.076171875 0.0712890625
0 0.705078125 0.201171875 0.07421875 0.0693359375
0 0.619140625 0.1162109375 0.0927734375 0.06640625
0 0.6298828125 0.1669921875 0.111328125 0.0546875
0 0.0341796875 0.0810546875 0.0341796875 0.0673828125
0 0.4638671875 0.0419921875 0.052734375 0.0419921875
0 0.115234375 0.580078125 0.052734375 0.076171875
0 0.15625 0.546875 0.060546875 0.0546875
0 0.17578125 0.5908203125 0.0625 0.0546875
