0 1.0 0.8896484375 0.0615234375 0.076171875
0 0.607421875 0.3720703125 0.0703125 0.08984375
0 0.83984375 0.8798828125 0.0927734375 0.1005859375
0 0.9091796875 0.9921875 0.11328125 0.0556640625
0 0.7041015625 0.837890625 0.076171875 0.076171875
0 0.625 0.669921875 0.0556640625 0.0576171875
0 0.7119140625 0.623046875 0.060546875 0.0986328125
0 0.6455078125 0.5009765625 0.0771484375 0.0751953125
0 0.740234375 0.5166015625 0.0751953125 0.06640625
0 0.904296875 0.5947265625 0.044921875 0.1298828125
0 0.89453125 0.7294921875 0.0751953125 0.052734375
0 0.9423828125 0.734375 0.052734375 0.052734375
