0 0.2275390625 0.064453125 0.0732421875 0.064453125
0 0.2802734375 0.0478515625 0.078125 0.0478515625
0 0.490234375 0.1162109375 0.064453125 0.11328125
0 1.0 0.1279296875 0.0224609375 0.1025390625
0 0.982421875 0.23046875 0.0517578125 0.037109375
0 0.6611328125 0.28515625 0.0927734375 0.1875
0 0.607421875 0.2900390625 0.0576171875 0.046875
0 0.7197265625 0.322265625 0.064453125 0.1171875
0 0.74609375 0.3662109375 0.083984375 0.080078125
0 0.625 0.365234375 0.0712890625 0.0654296875
0 0.7421875 0.5 0.0751953125 0.1015625
0 0.7802734375 0.4609375 0.07421875 0.0859375
0 0.904296875 0.537109375 0.1083984375 0.072265625
0 0.9521484375 0.4619140625 0.0869140625 0.0751953125
0 0.9365234375 0.5068359375 0.0546875 0.06640625
0 1.0 0.5654296875 0.05078125 0.1396484375
0 0.6083984375 0.484375 0.0791015625 0.1162109375
0 0.5888671875 0.5263671875 0.076171875 0.056640625
0 0.6044921875 0.5927734375 0.0966796875 0.123046875
0 0.748046875 0.611328125 0.0615234375 0.0869140625
0 0.78515625 0.7587890625 0.0810546875 0.140625
0 0.9404296875 0.697265625 0.078125 0.0859375
0 0.279296875 0.2841796875 0.0966796875 0.0791015625
0 0.263671875 0.3466796875 0.076171875 0.068359375
0 0.0322265625 0.5185546875 0.0322265625 0.0869140625
0 0.423828125 1.0 0.1142578125 0.0400390625
0 0.5009765625 1.0 0.048828125 0.0341796875
0 0.7763671875 0.6669921875 0.0810546875 0.1416015625
0 0.619140625 0.6142578125 0.078125 0.0908203125
