0 0.244140625 0.947265625 0.072265625 0.0654296875
0 0.1533203125 0.9033203125 0.09375 0.0712890625
0 0.1884765625 0.7177734375 0.1630859375 0.083984375
0 0.037109375 0.546875 0.037109375 0.1103515625
0 0.0859375 0.623046875 0.064453125 0.0888671875
0 0.3310546875 0.662109375 0.1240234375 0.15625
0 0.048828125 0.20703125 0.048828125 0.1494140625
0 0.296875 0.33203125 0.078125 0.0732421875
0 0.4794921875 0.3291015625 0.0888671875 0.083984375
0 0.5361328125 0.2353515625 0.064453125 0.0859375
0 0.6640625 0.2744140625 0.080078125 0.087890625
0 0.7822265625 0.3212890625 0.10546875 0.0947265625
0 0.892578125 0.2900390625 0.0703125 0.0576171875
0 0.861328125 0.119140625 0.06640625 0.0947265625
0 0.658203125 0.5166015625 0.0859375 0.099609375
0 0.6005859375 0.6123046875 0.07421875 0.1220703125
0 0.72265625 0.59765625 0.126953125 0.0986328125
0 0.8271484375 0.51953125 0.10546875 0.1171875
0 0.8759765625 0.4736328125 0.068359375 0.080078125
0 0.931640625 0.365234375 0.0986328125 0.080078125
0 1.0 0.2119140625 0.04296875 0.0576171875
0 0.9990234375 0.078125 0.0537109375 0.0654296875
0 0.5478515625 0.9912109375 0.1201171875 0.0673828125
0 0.5751953125 0.9453125 0.0859375 0.0791015625
0 0.4599609375 0.923828125 0.0546875 0.0556640625
0 0.75390625 0.91015625 0.0859375 0.0771484375
0 0.9052734375 0.9306640625 0.107421875 0.1083984375
0 0.5810546875 0.7861328125 0.080078125 0.0830078125
0 0.8388671875 0.673828125 0.125 0.1279296875
0 0.9111328125 0.734375 0.0693359375 0.0615234375
0 0.990234375 0.9267578125 0.1083984375 0.0751953125
0 0.9609375 0.3271484375 0.060546875 0.048828125
0 0.76953125 0.7236328125 0.08984375 0.1123046875
0 0.9619140625 0.0517578125 0.048828125 0.0517578125
0 0.9775390625 0.2978515625 0.0556640625 0.05859375
0 0.9814453125 0.251953125 0.0390625 0.0361328125
0 0.9990234375 0.2412109375 0.0322265625 0.037109375
0 0.298828125 0.02734375 0.0927734375 0.02734375
0 0.04296875 0.7431640625 0.04296875 0.0595703125
0 0.625 1.0 0.0703125 0.0283203125
0 0.0498046875 0.5693359375 0.0498046875 0.07421875
0 0.013671875 0.8671875 0.013671875 0.041015625
0 0.2314453125 1.0 0.1201171875 0.0908203125
