0 0.0712890625 0.140625 0.0712890625 0.0615234375
0 0.1484375 0.4228515625 0.056640625 0.03515625
0 0.09765625 0.3212890625 0.0517578125 0.052734375
0 0.169921875 0.3173828125 0.056640625 0.087890625
0 0.408203125 0.3427734375 0.1201171875 0.09765625
0 0.4013671875 0.3935546875 0.0927734375 0.0517578125
0 0.458984375 0.3544921875 0.06640625 0.0419921875
0 0.546875 0.357421875 0.0849609375 0.1025390625
0 0.701171875 0.3037109375 0.1240234375 0.0634765625
0 0.6337890625 0.37109375 0.1162109375 0.0576171875
0 0.3134765625 0.126953125 0.0830078125 0.0537109375
0 0.22265625 0.1298828125 0.0625 0.11328125
0 0.1669921875 0.08984375 0.072265625 0.08984375
0 0.890625 0.095703125 0.0791015625 0.0576171875
0 0.7470703125 0.232421875 0.09765625 0.08203125
0 1.0 0.2138671875 0.0869140625 0.0732421875
0 0.9052734375 0.400390625 0.10546875 0.0576171875
0 0.8583984375 0.4892578125 0.095703125 0.046875
0 0.7216796875 0.4765625 0.126953125 0.056640625
0 0.6923828125 0.41796875 0.1015625 0.0546875
0 0.611328125 0.546875 0.126953125 0.0869140625
0 0.5361328125 0.54296875 0.0908203125 0.1015625
0 0.6533203125 0.697265625 0.0849609375 0.107421875
0 0.9091796875 0.5712890625 0.1357421875 0.0615234375
0 1.0 0.5517578125 0.06640625 0.0595703125
0 1.0 0.3369140625 0.0556640625 0.0869140625
0 0.783203125 0.7724609375 0.1298828125 0.052734375
0 0.77734375 0.8037109375 0.0966796875 0.0478515625
0 1.0 0.865234375 0.0517578125 0.05078125
0 0.9306640625 0.8779296875 0.07421875 0.109375
0 0.8388671875 0.8779296875 0.16015625 0.0498046875
0 0.7470703125 0.9365234375 0.111328125 0.0634765625
0 0.8095703125 0.9482421875 0.0625 0.0498046875
0 0.9814453125 0.9560546875 0.150390625 0.0634765625
0 0.5859375 0.8564453125 0.166015625 0.080078125
0 0.595703125 0.9453125 0.099609375 0.06640625
0 0.44921875 0.927734375 0.07421875 0.0498046875
0 0.462890625 1.0 0.1044921875 0.0771484375
0 0.203125 1.0 0.0615234375 0.044921875
0 0.259765625 0.958984375 0.0810546875 0.06640625
0 0.31640625 0.8642578125 0.0751953125 0.0556640625
0 0.4150390625 0.7958984375 0.046875 0.06640625
0 0.140625 0.740234375 0.09375 0.0791015625
0 0.0712890625 0.78515625 0.0712890625 0.0595703125
0 0.060546875 0.8271484375 0.060546875 0.048828125
0 0.1298828125 0.962890625 0.0791015625 0.0771484375
0 0.17578125 0.1552734375 0.0478515625 0.052734375
0 0.10546875 0.3779296875 0.0576171875 0.056640625
0 0.732421875 0.3759765625 0.072265625 0.048828125
0 0.64453125 0.8818359375 0.0419921875 0.046875
0 0.513671875 0.900390625 0.0517578125 0.0498046875
0 0.802734375 0.0849609375 0.064453125 0.0498046875
0 0.9677734375 0.4521484375 0.201171875 0.05859375
0 0.87109375 0.056640625 0.0791015625 0.0439453125
