0 0.4970703125 0.314453125 0.0654296875 0.09765625
0 0.4951171875 0.208984375 0.0693359375 0.0771484375
0 1.0 0.8544921875 0.03515625 0.09765625
0 0.8115234375 0.560546875 0.0576171875 0.0859375
0 0.5673828125 0.16796875 0.1015625 0.1669921875
0 0.337890625 0.69921875 0.0849609375 0.125
0 0.9580078125 0.5849609375 0.0849609375 0.06640625
0 0.7236328125 0.22265625 0.126953125 0.1162109375
0 0.7890625 0.46484375 0.1337890625 0.0869140625
0 0.435546875 0.603515625 0.1455078125 0.068359375
0 1.0 0.7646484375 0.1708984375 0.080078125
0 0.5595703125 0.30078125 0.068359375 0.0546875
0 0.4453125 0.3515625 0.0712890625 0.064453125
0 0.1396484375 0.4501953125 0.087890625 0.0966796875
0 0.2607421875 0.15234375 0.15234375 0.099609375
0 0.400390625 0.9248046875 0.1455078125 0.0498046875
0 0.703125 0.4541015625 0.0703125 0.05859375
0 0.55859375 0.47265625 0.0947265625 0.0732421875
0 1.0 0.5146484375 0.03125 0.044921875
0 0.1201171875 0.0771484375 0.1201171875 0.0771484375
0 0.912109375 0.8662109375 0.109375 0.0712890625
0 0.8125 0.2060546875 0.0693359375 0.171875
0 0.8583984375 0.80078125 0.138671875 0.09375
0 0.98046875 0.439453125 0.091796875 0.10546875
0 1.0 0.8701171875 0.142578125 0.0537109375
0 0.35546875 0.4248046875 0.07421875 0.083984375
0 0.42578125 0.6455078125 0.119140625 0.0517578125
0 0.3525390625 0.380859375 0.1572265625 0.0556640625
0 0.2861328125 0.794921875 0.0966796875 0.0908203125
0 0.1630859375 0.880859375 0.078125 0.1318359375
0 0.4912109375 0.91015625 0.11328125 0.03515625
0 0.2548828125 0.65234375 0.208984375 0.0751953125
0 0.115234375 0.7666015625 0.115234375 0.16015625
0 0.1708984375 0.91015625 0.1455078125 0.154296875
