0 0.2255859375 0.6494140625 0.087890625 0.0771484375
0 0.2734375 0.4140625 0.171875 0.0791015625
0 0.427734375 0.4169921875 0.146484375 0.0849609375
0 0.474609375 0.5146484375 0.1669921875 0.08984375
0 0.529296875 0.6201171875 0.1318359375 0.0751953125
0 0.115234375 0.0595703125 0.048828125 0.0595703125
0 0.1875 0.1962890625 0.1171875 0.1767578125
0 0.2890625 0.1845703125 0.078125 0.166015625
0 0.2939453125 0.0849609375 0.0537109375 0.0771484375
0 0.3828125 0.150390625 0.0810546875 0.123046875
0 0.57421875 0.099609375 0.126953125 0.091796875
0 0.724609375 0.1591796875 0.0703125 0.0625
0 0.5712890625 0.3544921875 0.0537109375 0.1015625
0 0.072265625 0.9873046875 0.072265625 0.0751953125
0 0.142578125 0.9619140625 0.0654296875 0.1298828125
0 0.087890625 0.75 0.0478515625 0.0595703125
0 0.2177734375 1.0 0.0732421875 0.0732421875
0 0.3935546875 1.0 0.0869140625 0.103515625
0 0.4951171875 0.919921875 0.076171875 0.08984375
0 0.6435546875 0.9482421875 0.076171875 0.0478515625
0 0.619140625 1.0 0.138671875 0.0849609375
0 0.4814453125 0.806640625 0.125 0.099609375
0 0.6611328125 0.6318359375 0.0625 0.1435546875
0 0.7373046875 0.60546875 0.0693359375 0.1962890625
0 0.8291015625 0.5126953125 0.1103515625 0.185546875
0 0.8828125 0.3662109375 0.068359375 0.0732421875
0 0.8583984375 0.265625 0.056640625 0.048828125
0 0.875 0.2119140625 0.0615234375 0.0546875
0 1.0 0.4287109375 0.041015625 0.078125
0 0.9462890625 0.5087890625 0.080078125 0.099609375
0 0.7998046875 0.1044921875 0.076171875 0.0498046875
0 0.7294921875 0.0595703125 0.0751953125 0.0595703125
0 0.810546875 0.6904296875 0.064453125 0.1474609375
0 0.9033203125 0.634765625 0.060546875 0.0595703125
0 1.0 0.74609375 0.0830078125 0.0693359375
0 1.0 0.8544921875 0.1123046875 0.125
0 0.9150390625 0.9111328125 0.083984375 0.1044921875
0 0.8876953125 0.79296875 0.0859375 0.13671875
0 0.8154296875 0.8203125 0.0546875 0.08984375
