0 0.0244140625 0.7412109375 0.0244140625 0.0966796875
0 0.1943359375 0.556640625 0.0546875 0.1181640625
0 0.9716796875 0.1396484375 0.0693359375 0.068359375
0 0.990234375 0.34765625 0.056640625 0.0888671875
0 0.9462890625 0.3310546875 0.0771484375 0.095703125
0 0.7470703125 0.150390625 0.1025390625 0.0537109375
0 0.8662109375 0.0966796875 0.0830078125 0.0517578125
0 0.5048828125 0.634765625 0.10546875 0.044921875
0 0.443359375 0.177734375 0.0869140625 0.041015625
0 0.107421875 0.6806640625 0.0927734375 0.0810546875
0 0.9970703125 0.6904296875 0.02734375 0.083984375
0 0.62109375 0.287109375 0.1025390625 0.0400390625
0 0.318359375 0.8525390625 0.0693359375 0.0888671875
0 0.712890625 0.361328125 0.16015625 0.0546875
0 0.509765625 0.7998046875 0.087890625 0.056640625
0 0.6943359375 0.7314453125 0.09765625 0.0439453125
0 0.2919921875 0.5205078125 0.09375 0.03125
0 0.509765625 0.384765625 0.0849609375 0.048828125
0 0.4765625 0.4072265625 0.0673828125 0.05078125
0 0.7197265625 0.2265625 0.033203125 0.08203125
0 0.1875 0.724609375 0.04296875 0.080078125
0 0.1259765625 0.1796875 0.0986328125 0.0419921875
0 0.7666015625 0.296875 0.02734375 0.1484375
0 0.48828125 0.0966796875 0.083984375 0.0458984375
0 0.955078125 0.69921875 0.0244140625 0.0673828125
0 0.1474609375 0.40234375 0.09375 0.0546875
0 0.919921875 0.5205078125 0.13671875 0.048828125
0 0.7861328125 0.4716796875 0.0615234375 0.037109375
0 0.90625 0.75 0.076171875 0.04296875
0 0.1171875 0.833984375 0.1171875 0.052734375
0 0.6767578125 0.0634765625 0.04296875 0.0634765625
0 0.1826171875 0.171875 0.0712890625 0.0615234375
0 0.5859375 0.107421875 0.0673828125 0.0263671875
0 0.7353515625 0.87109375 0.0625 0.0732421875
0 0.6630859375 0.9052734375 0.08203125 0.0693359375
0 0.7666015625 0.9287109375 0.0546875 0.0283203125
0 0.8037109375 0.876953125 0.0732421875 0.029296875
0 0.291015625 0.1416015625 0.0927734375 0.0634765625
0 0.3125 0.775390625 0.1015625 0.0517578125
0 0.205078125 0.048828125 0.0673828125 0.044921875
0 0.662109375 0.18359375 0.0693359375 0.0458984375
0 0.3408203125 1.0 0.044921875 0.01953125
0 0.1884765625 0.900390625 0.078125 0.0185546875
0 0.162109375 0.7900390625 0.15234375 0.041015625
0 0.505859375 0.619140625 0.064453125 0.04296875
0 0.74609375 0.7958984375 0.05859375 0.0546875
0 0.2353515625 0.662109375 0.0478515625 0.0576171875
0 0.296875 0.55859375 0.06640625 0.04296875
0 0.998046875 0.052734375 0.0361328125 0.052734375
0 0.4775390625 0.8505859375 0.068359375 0.029296875
0 0.6884765625 0.9970703125 0.1044921875 0.0244140625
0 0.3046875 0.1767578125 0.0732421875 0.01953125
0 0.125 0.15234375 0.125 0.0732421875
0 0.5185546875 0.7373046875 0.0947265625 0.0205078125
0 0.8759765625 0.388671875 0.0595703125 0.0458984375
0 0.9111328125 0.8916015625 0.041015625 0.0546875
0 0.0595703125 0.0166015625 0.04296875 0.0166015625
0 0.998046875 0.876953125 0.0361328125 0.0361328125
0 0.2607421875 0.029296875 0.0693359375 0.02734375
0 0.666015625 0.078125 0.046875 0.0361328125
0 0.953125 0.4521484375 0.0927734375 0.046875
0 0.85546875 0.787109375 0.0556640625 0.0537109375
0 0.6474609375 0.7861328125 0.06640625 0.0439453125
0 0.7880859375 0.8466796875 0.0498046875 0.013671875
0 1.0 0.228515625 0.0244140625 0.0517578125
0 1.0 0.271484375 0.048828125 0.04296875
0 0.1083984375 0.11328125 0.0830078125 0.0498046875
0 0.2958984375 0.1416015625 0.103515625 0.0244140625
0 1.0 0.4619140625 0.07421875 0.064453125
0 0.94921875 0.4140625 0.08203125 0.0791015625
0 0.671875 0.9541015625 0.10546875 0.0556640625
0 0.7265625 0.9677734375 0.05859375 0.0654296875
0 0.4921875 0.59375 0.095703125 0.060546875
0 0.9150390625 1.0 0.0654296875 0.0166015625
0 0.80078125 1.0 0.064453125 0.0244140625
