0 0.5595703125 0.9951171875 0.076171875 0.08203125
0 0.5478515625 0.1103515625 0.080078125 0.072265625
0 0.1904296875 0.35546875 0.09375 0.048828125
0 0.80859375 0.0888671875 0.07421875 0.0693359375
0 0.0244140625 0.3779296875 0.0244140625 0.05078125
0 0.64453125 0.671875 0.1201171875 0.0869140625
0 0.3115234375 0.1025390625 0.0908203125 0.05078125
0 0.0888671875 0.90625 0.0888671875 0.0537109375
0 0.369140625 0.052734375 0.0830078125 0.0517578125
0 0.8525390625 0.646484375 0.103515625 0.0439453125
0 0.91796875 0.0634765625 0.0810546875 0.05078125
0 0.720703125 0.455078125 0.083984375 0.0458984375
0 0.537109375 0.263671875 0.1015625 0.046875
0 0.9951171875 0.578125 0.0673828125 0.05078125
0 0.8916015625 0.455078125 0.0654296875 0.0498046875
0 0.419921875 0.6064453125 0.0966796875 0.0458984375
0 0.3701171875 0.4404296875 0.091796875 0.0380859375
0 0.33984375 0.2919921875 0.0966796875 0.0498046875
0 0.447265625 0.205078125 0.1064453125 0.0498046875
0 0.9892578125 0.0517578125 0.076171875 0.046875
0 0.9140625 0.3359375 0.07421875 0.0458984375
0 0.7958984375 0.2919921875 0.0693359375 0.056640625
0 0.69921875 0.6279296875 0.087890625 0.0400390625
0 0.1875 0.7978515625 0.1171875 0.0361328125
0 0.087890625 0.7373046875 0.068359375 0.0712890625
0 0.68359375 0.20703125 0.0791015625 0.044921875
0 0.2099609375 0.998046875 0.091796875 0.0322265625
0 0.8505859375 0.931640625 0.0986328125 0.037109375
0 0.34375 0.7529296875 0.1201171875 0.037109375
0 0.2958984375 0.609375 0.166015625 0.0712890625
0 0.81640625 0.365234375 0.060546875 0.0537109375
0 0.205078125 0.751953125 0.1064453125 0.0322265625
0 0.451171875 0.3955078125 0.1103515625 0.0625
0 0.0634765625 0.2822265625 0.0634765625 0.037109375
0 0.984375 0.6005859375 0.0517578125 0.0419921875
0 0.24609375 0.9609375 0.06640625 0.0361328125
0 0.623046875 0.96875 0.078125 0.041015625
0 0.154296875 0.58984375 0.10546875 0.03125
0 0.4052734375 0.283203125 0.1044921875 0.0380859375
0 0.6044921875 0.3291015625 0.0712890625 0.033203125
0 0.111328125 0.0234375 0.048828125 0.0234375
0 0.6435546875 0.40625 0.0615234375 0.0478515625
0 0.3720703125 0.845703125 0.16015625 0.05078125
0 0.4404296875 0.0263671875 0.05859375 0.0263671875
0 0.9140625 0.283203125 0.0732421875 0.0302734375
0 0.23828125 0.67578125 0.0830078125 0.0419921875
0 0.4404296875 0.451171875 0.0751953125 0.037109375
0 0.09375 0.751953125 0.07421875 0.0361328125
0 0.74716796875 0.5212890625 0.07041015625000002 0.05087890624999997
0 0.724609375 0.341796875 0.0712890625 0.03125
0 1.0 0.271484375 0.048828125 0.029296875
0 0.1279296875 0.994140625 0.0869140625 0.0263671875
0 0.2197265625 0.1259765625 0.0439453125 0.02734375
0 0.62890625 0.0224609375 0.0478515625 0.0224609375
0 0.9638671875 0.9951171875 0.060546875 0.0205078125
0 0.8818359375 0.955078125 0.056640625 0.029296875
0 0.63671875 0.220703125 0.0986328125 0.080078125
0 0.931640625 0.5185546875 0.0458984375 0.0380859375
0 0.7470703125 0.9248046875 0.0625 0.0244140625
0 0.6728515625 0.94921875 0.0771484375 0.0283203125
0 0.73828125 0.0419921875 0.060546875 0.0400390625
0 0.544921875 0.58984375 0.09765625 0.0400390625
0 0.7275390625 0.751953125 0.0771484375 0.029296875
0 0.357421875 0.7138671875 0.154296875 0.0458984375
0 0.982421875 0.30859375 0.05078125 0.025390625
0 0.052734375 0.974609375 0.052734375 0.0341796875
0 0.7197265625 0.724609375 0.060546875 0.0400390625
0 0.0927734375 0.8525390625 0.0810546875 0.025390625
0 0.890625 0.7412109375 0.0654296875 0.0146484375
0 0.98046875 0.7392578125 0.048828125 0.0234375
0 0.3076171875 0.3330078125 0.0771484375 0.03125
0 0.5146484375 0.5537109375 0.0986328125 0.041015625
0 0.4033203125 0.7548828125 0.0771484375 0.0400390625
0 0.9716796875 0.1396484375 0.0712890625 0.0166015625
0 1.0 0.015625 0.0576171875 0.015625
0 0.1845703125 0.669921875 0.091796875 0.044921875
0 0.5390625 0.7919921875 0.1015625 0.033203125
0 0.3515625 0.173828125 0.0869140625 0.01953125
0 0.7900390625 0.7255859375 0.0810546875 0.0302734375
0 0.3017578125 0.837890625 0.125 0.03515625
0 0.791015625 0.0224609375 0.0693359375 0.0224609375
