0 0.2197265625 0.2685546875 0.0673828125 0.1083984375
0 0.087890625 0.20703125 0.0673828125 0.0498046875
0 0.1044921875 0.1640625 0.0947265625 0.0654296875
0 0.060546875 0.068359375 0.05859375 0.068359375
0 0.1279296875 0.0693359375 0.06640625 0.0693359375
0 0.390625 0.048828125 0.0771484375 0.048828125
0 0.26171875 0.146484375 0.05078125 0.056640625
0 0.4365234375 0.142578125 0.0615234375 0.0517578125
0 0.5166015625 0.142578125 0.0751953125 0.06640625
0 0.4091796875 0.2265625 0.044921875 0.048828125
0 0.337890625 0.234375 0.0634765625 0.0537109375
0 0.318359375 0.2626953125 0.064453125 0.0517578125
0 0.337890625 0.3125 0.05859375 0.04296875
0 0.28515625 0.294921875 0.0634765625 0.05078125
0 0.2744140625 0.3486328125 0.0478515625 0.0419921875
0 0.3349609375 0.3681640625 0.0439453125 0.0576171875
0 0.140625 0.4384765625 0.05078125 0.0634765625
0 0.09375 0.4765625 0.060546875 0.078125
0 0.19921875 0.484375 0.0654296875 0.068359375
0 0.0498046875 0.5244140625 0.0498046875 0.0546875
0 0.11328125 0.5771484375 0.076171875 0.0859375
0 0.4033203125 0.53125 0.0498046875 0.056640625
0 0.408203125 0.4697265625 0.0517578125 0.0576171875
0 0.4814453125 0.4892578125 0.0615234375 0.0693359375
0 0.3935546875 0.6171875 0.0703125 0.0693359375
0 0.466796875 0.6025390625 0.0615234375 0.0439453125
0 0.193359375 0.65625 0.0517578125 0.05078125
0 0.1416015625 0.6552734375 0.072265625 0.048828125
0 0.2138671875 0.5439453125 0.0615234375 0.0517578125
0 0.0537109375 0.638671875 0.0537109375 0.052734375
0 0.076171875 0.7509765625 0.0615234375 0.0791015625
0 0.3486328125 0.7138671875 0.0751953125 0.0498046875
0 0.58984375 0.6845703125 0.0712890625 0.0888671875
0 0.626953125 0.4970703125 0.0498046875 0.064453125
0 0.560546875 0.392578125 0.076171875 0.0498046875
0 0.6552734375 0.408203125 0.078125 0.0537109375
0 0.5322265625 0.794921875 0.05078125 0.080078125
0 0.5859375 0.853515625 0.080078125 0.0908203125
0 0.361328125 0.8203125 0.0576171875 0.0615234375
0 0.3037109375 0.8056640625 0.056640625 0.0615234375
0 0.2958984375 0.890625 0.0556640625 0.0888671875
0 0.1416015625 1.0 0.0869140625 0.095703125
0 0.33203125 0.9951171875 0.0634765625 0.1015625
0 0.265625 0.97265625 0.0439453125 0.0595703125
0 0.455078125 0.9423828125 0.0654296875 0.052734375
0 0.4306640625 1.0 0.05859375 0.0576171875
0 0.5390625 0.947265625 0.0732421875 0.134765625
0 0.6298828125 1.0 0.09375 0.05078125
0 0.6845703125 1.0 0.0576171875 0.044921875
0 0.7626953125 1.0 0.0654296875 0.0556640625
0 0.76953125 0.9072265625 0.068359375 0.068359375
0 0.7001953125 0.83984375 0.0791015625 0.0546875
0 0.8173828125 0.8173828125 0.087890625 0.0908203125
0 0.0390625 0.9921875 0.0390625 0.06640625
0 0.697265625 0.4892578125 0.0546875 0.0439453125
0 0.7333984375 0.5537109375 0.0576171875 0.05859375
0 0.8203125 0.5810546875 0.06640625 0.060546875
0 0.8212890625 0.517578125 0.05859375 0.05859375
0 0.7138671875 0.685546875 0.0615234375 0.0556640625
0 0.6748046875 0.71875 0.048828125 0.05078125
0 0.8125 0.6884765625 0.0673828125 0.0400390625
0 0.8671875 0.69921875 0.0537109375 0.046875
0 0.8818359375 0.634765625 0.0546875 0.080078125
0 0.921875 0.6455078125 0.0537109375 0.044921875
0 0.9599609375 0.6591796875 0.05078125 0.0634765625
0 1.0 0.583984375 0.052734375 0.0615234375
0 1.0 0.4736328125 0.0478515625 0.0537109375
0 0.9375 0.4560546875 0.0390625 0.05078125
0 0.8828125 0.45703125 0.07421875 0.0390625
0 0.89453125 0.4296875 0.0712890625 0.0498046875
0 0.78515625 0.32421875 0.0634765625 0.05859375
0 0.9970703125 0.95703125 0.07421875 0.056640625
0 0.912109375 0.9658203125 0.0693359375 0.060546875
0 0.97265625 0.81640625 0.052734375 0.05078125
0 1.0 0.849609375 0.0439453125 0.064453125
0 0.9892578125 0.33203125 0.0615234375 0.044921875
0 0.912109375 0.201171875 0.05859375 0.095703125
0 0.7802734375 0.197265625 0.064453125 0.0654296875
0 0.810546875 0.1845703125 0.048828125 0.05078125
0 0.8486328125 0.1123046875 0.04296875 0.0478515625
0 0.8037109375 0.0771484375 0.08203125 0.0673828125
0 0.642578125 0.0810546875 0.056640625 0.0498046875
0 0.6845703125 0.068359375 0.0498046875 0.0439453125
0 0.6826171875 0.189453125 0.10546875 0.1318359375
0 0.7138671875 0.1484375 0.0654296875 0.060546875
0 1.0 0.134765625 0.0693359375 0.0546875
0 0.9365234375 0.111328125 0.0869140625 0.068359375
0 1.0 0.1806640625 0.033203125 0.0458984375
0 0.9267578125 0.9033203125 0.044921875 0.052734375
0 0.98828125 0.896484375 0.060546875 0.052734375
0 0.9326171875 0.375 0.0537109375 0.046875
0 0.45703125 0.2373046875 0.037109375 0.0478515625
0 0.4990234375 0.2216796875 0.0498046875 0.046875
0 0.646484375 0.5419921875 0.0517578125 0.05078125
0 0.34765625 0.759765625 0.0478515625 0.0361328125
