0 0.314453125 0.228515625 0.107421875 0.0947265625
0 0.4658203125 0.068359375 0.0830078125 0.0634765625
0 0.5859375 0.107421875 0.146484375 0.072265625
0 0.3583984375 0.32421875 0.07421875 0.0654296875
0 0.3818359375 0.28515625 0.060546875 0.0615234375
0 0.26171875 0.3017578125 0.05859375 0.0654296875
0 0.3193359375 0.3955078125 0.0869140625 0.0693359375
0 0.7958984375 0.30859375 0.0859375 0.0869140625
0 0.8671875 0.27734375 0.078125 0.10546875
0 0.6767578125 0.3466796875 0.068359375 0.0712890625
0 0.9296875 0.0625 0.0751953125 0.0615234375
0 0.8681640625 0.0810546875 0.0673828125 0.0654296875
0 0.4208984375 0.6826171875 0.1025390625 0.095703125
0 0.609375 0.6455078125 0.1044921875 0.072265625
0 0.2451171875 0.80078125 0.0751953125 0.1181640625
0 0.4794921875 0.7236328125 0.0810546875 0.072265625
0 0.6064453125 0.7314453125 0.0732421875 0.0927734375
0 0.857421875 0.638671875 0.0771484375 0.0712890625
0 1.0 0.4013671875 0.052734375 0.0810546875
0 0.9716796875 0.7646484375 0.0791015625 0.0927734375
0 0.6025390625 0.865234375 0.0556640625 0.0693359375
0 0.490234375 0.9169921875 0.1025390625 0.083984375
0 0.36328125 0.916015625 0.064453125 0.0693359375
0 0.298828125 0.822265625 0.064453125 0.0947265625
0 0.76953125 0.9765625 0.1142578125 0.06640625
0 0.8515625 0.9755859375 0.0751953125 0.06640625
0 0.8740234375 0.8974609375 0.0625 0.0771484375
0 0.9443359375 0.9111328125 0.0732421875 0.068359375
0 0.0517578125 0.2744140625 0.0517578125 0.0888671875
0 0.53515625 0.419921875 0.091796875 0.0859375
0 0.703125 0.2939453125 0.08984375 0.0703125
0 0.0322265625 0.3291015625 0.03125 0.0498046875
0 0.23046875 0.3310546875 0.0712890625 0.0615234375
0 0.4248046875 0.3095703125 0.0498046875 0.052734375
0 0.80078125 0.3837890625 0.03515625 0.0390625
0 0.408203125 0.7568359375 0.0458984375 0.0390625
0 0.2724609375 0.8447265625 0.0869140625 0.0498046875
0 0.669921875 0.47265625 0.0390625 0.04296875
0 0.6806640625 0.83203125 0.0400390625 0.0380859375
0 1.0 0.818359375 0.029296875 0.0439453125
0 0.99609375 0.9453125 0.0439453125 0.046875
0 0.99609375 0.9951171875 0.0478515625 0.0458984375
