0 0.2861328125 0.9775390625 0.0908203125 0.0908203125
0 0.5234375 0.224609375 0.0458984375 0.08203125
0 0.4384765625 0.0986328125 0.0712890625 0.080078125
0 0.626953125 0.5087890625 0.0361328125 0.0546875
0 0.201171875 0.41015625 0.07421875 0.0830078125
0 0.4521484375 0.8671875 0.06640625 0.0615234375
0 0.525390625 0.4609375 0.0673828125 0.076171875
0 1.0 0.08984375 0.04296875 0.052734375
0 0.8583984375 0.25 0.0576171875 0.068359375
0 0.408203125 0.251953125 0.1513671875 0.0830078125
0 0.7109375 0.3974609375 0.05859375 0.0693359375
0 0.6865234375 0.4716796875 0.060546875 0.0673828125
0 0.2421875 0.0556640625 0.080078125 0.0546875
0 0.1513671875 0.9208984375 0.1005859375 0.0478515625
0 0.1220703125 0.7197265625 0.1025390625 0.06640625
0 0.2099609375 0.8232421875 0.169921875 0.0673828125
0 0.607421875 0.1318359375 0.0712890625 0.0546875
0 0.958984375 1.0 0.08203125 0.05078125
0 0.4033203125 0.73046875 0.0732421875 0.064453125
0 0.5810546875 1.0 0.0615234375 0.0439453125
0 0.341796875 0.107421875 0.1142578125 0.1064453125
0 0.7099609375 0.8916015625 0.06640625 0.05859375
0 0.7724609375 0.220703125 0.1318359375 0.0654296875
0 0.37109375 0.5703125 0.0849609375 0.05078125
0 0.9912109375 0.2197265625 0.05859375 0.0546875
0 1.0 0.2177734375 0.0126953125 0.044921875
0 0.1630859375 0.220703125 0.06640625 0.0537109375
0 0.119140625 0.55859375 0.0556640625 0.056640625
0 1.0 0.4404296875 0.0224609375 0.076171875
0 0.9130859375 0.8115234375 0.064453125 0.060546875
0 0.861328125 0.46484375 0.1591796875 0.0458984375
0 0.3427734375 0.4619140625 0.07421875 0.0478515625
0 0.3076171875 0.6376953125 0.0908203125 0.0419921875
0 0.984375 0.271484375 0.0556640625 0.048828125
0 0.08203125 0.4775390625 0.08203125 0.0439453125
0 0.037109375 0.3896484375 0.037109375 0.0771484375
0 0.337890625 0.734375 0.0654296875 0.041015625
0 0.9609375 0.48828125 0.0478515625 0.0751953125
0 0.4765625 0.44921875 0.056640625 0.0615234375
0 0.3525390625 0.923828125 0.0810546875 0.0576171875
0 0.6240234375 0.2314453125 0.0654296875 0.0556640625
0 0.41015625 0.1318359375 0.064453125 0.0439453125
0 0.3701171875 0.802734375 0.0634765625 0.0400390625
0 0.2216796875 0.8544921875 0.0595703125 0.041015625
0 0.234375 0.45703125 0.07421875 0.03515625
0 0.439453125 0.1640625 0.07421875 0.03125
0 0.341796875 0.3095703125 0.072265625 0.04296875
0 0.9970703125 0.6025390625 0.076171875 0.0400390625
0 0.8603515625 0.7958984375 0.0732421875 0.04296875
0 0.625 0.853515625 0.0439453125 0.04296875
0 0.294921875 0.8486328125 0.056640625 0.0341796875
0 0.0771484375 0.80859375 0.0771484375 0.0458984375
0 0.462890625 0.54296875 0.048828125 0.0361328125
0 0.5693359375 0.4951171875 0.03515625 0.046875
0 1.0 0.9677734375 0.029296875 0.044921875
0 0.2705078125 0.53515625 0.0712890625 0.041015625
0 0.7197265625 0.7939453125 0.0712890625 0.041015625
0 0.7763671875 0.513671875 0.0498046875 0.060546875
0 0.6162109375 0.5419921875 0.0478515625 0.1044921875
0 0.90625 0.517578125 0.078125 0.044921875
0 0.546875 0.6015625 0.052734375 0.037109375
0 0.5830078125 0.529296875 0.0439453125 0.046875
0 0.41015625 0.5205078125 0.0615234375 0.03515625
0 0.5107421875 0.5673828125 0.0546875 0.0380859375
0 0.0703125 0.591796875 0.0546875 0.0615234375
0 0.8125 0.939453125 0.0498046875 0.044921875
0 0.2822265625 0.9111328125 0.060546875 0.041015625
0 0.19921875 0.4853515625 0.08203125 0.046875
0 0.330078125 0.533203125 0.05859375 0.04296875
0 0.5849609375 0.18359375 0.056640625 0.0283203125
0 0.8203125 0.9677734375 0.123046875 0.0400390625
0 0.90625 0.8525390625 0.0537109375 0.0517578125
0 0.8740234375 0.8564453125 0.0654296875 0.0556640625
0 1.0 0.1357421875 0.060546875 0.04296875
0 0.3642578125 0.5830078125 0.0419921875 0.021484375
