0 0.0380859375 0.255859375 0.0380859375 0.130859375
0 0.09375 0.078125 0.0869140625 0.078125
0 0.326171875 0.091796875 0.1337890625 0.0771484375
0 0.2470703125 0.205078125 0.1513671875 0.09765625
0 0.443359375 0.1611328125 0.1435546875 0.0673828125
0 0.6396484375 0.1376953125 0.091796875 0.099609375
0 0.6220703125 0.2421875 0.083984375 0.0810546875
0 0.5107421875 0.322265625 0.0751953125 0.08984375
0 0.6318359375 0.328125 0.103515625 0.0634765625
0 0.3818359375 0.4765625 0.1826171875 0.109375
0 0.0634765625 0.5087890625 0.0634765625 0.1552734375
0 0.1015625 0.6806640625 0.1015625 0.1103515625
0 0.05859375 0.859375 0.05859375 0.0634765625
0 0.21875 1.0 0.0869140625 0.0908203125
0 0.4228515625 1.0 0.2001953125 0.0869140625
0 0.4423828125 0.8271484375 0.1953125 0.10546875
0 0.7900390625 0.7431640625 0.1845703125 0.099609375
0 0.7216796875 0.6494140625 0.103515625 0.123046875
0 0.6376953125 0.556640625 0.0654296875 0.091796875
0 0.796875 0.4189453125 0.1318359375 0.162109375
0 0.8798828125 0.5771484375 0.1337890625 0.1826171875
0 0.7236328125 1.0 0.140625 0.044921875
0 1.0 0.9189453125 0.2099609375 0.138671875
0 0.8916015625 0.806640625 0.0830078125 0.087890625
0 0.701171875 0.830078125 0.09765625 0.0869140625
0 0.97265625 0.6787109375 0.0810546875 0.0830078125
0 1.0 0.4609375 0.140625 0.115234375
0 1.0 0.2783203125 0.0390625 0.0732421875
0 0.8974609375 0.259765625 0.0986328125 0.1337890625
0 0.75 0.20703125 0.0546875 0.076171875
0 0.978515625 0.0654296875 0.0869140625 0.0654296875
0 0.810546875 0.07421875 0.1328125 0.07421875
0 0.505859375 0.62890625 0.0908203125 0.181640625
0 1.0 0.15625 0.1220703125 0.13671875
0 0.1982421875 0.1826171875 0.1142578125 0.171875
