0 0.2685546875 0.380859375 0.0556640625 0.0791015625
0 0.0810546875 0.640625 0.0810546875 0.06640625
0 0.0625 0.14453125 0.0625 0.0546875
0 0.4033203125 0.7607421875 0.109375 0.0478515625
0 0.994140625 0.4248046875 0.037109375 0.0810546875
0 0.4404296875 0.97265625 0.0859375 0.072265625
0 0.169921875 0.173828125 0.1064453125 0.0927734375
0 0.984375 0.7685546875 0.0556640625 0.109375
0 0.2724609375 0.7783203125 0.1240234375 0.0595703125
0 0.1220703125 0.6103515625 0.099609375 0.06640625
0 0.197265625 0.0703125 0.080078125 0.0615234375
0 0.0556640625 0.771484375 0.0556640625 0.0341796875
0 0.75 0.9296875 0.083984375 0.0859375
0 0.4765625 0.7158203125 0.0966796875 0.0693359375
0 0.8955078125 0.41796875 0.0576171875 0.1708984375
0 0.921875 0.4716796875 0.0546875 0.0576171875
0 0.4580078125 0.3212890625 0.048828125 0.0859375
0 0.861328125 0.7998046875 0.0615234375 0.05859375
0 0.6884765625 0.51953125 0.07421875 0.0263671875
0 0.2412109375 0.1865234375 0.0546875 0.0498046875
0 0.3779296875 0.505859375 0.0771484375 0.0556640625
0 0.400390625 0.640625 0.0400390625 0.09765625
0 0.8837890625 0.994140625 0.0791015625 0.044921875
0 0.2890625 0.73046875 0.068359375 0.0732421875
0 0.162109375 0.6904296875 0.1328125 0.029296875
0 0.58984375 0.9970703125 0.0673828125 0.0419921875
0 0.07421875 0.306640625 0.07421875 0.0458984375
0 0.044921875 0.07421875 0.044921875 0.0517578125
0 0.8955078125 0.8076171875 0.0390625 0.0751953125
0 0.1826171875 0.4677734375 0.1337890625 0.0908203125
0 0.80859375 0.84765625 0.076171875 0.0546875
0 0.529296875 0.443359375 0.056640625 0.048828125
0 0.060546875 0.8212890625 0.060546875 0.0576171875
0 0.3740234375 0.533203125 0.07421875 0.0390625
0 0.083984375 0.474609375 0.083984375 0.0380859375
0 0.4453125 0.625 0.173828125 0.0517578125
0 0.4541015625 0.443359375 0.076171875 0.05078125
0 0.03125 0.3994140625 0.03125 0.033203125
0 0.328125 0.1005859375 0.0732421875 0.048828125
0 0.4765625 0.48046875 0.0693359375 0.0458984375
0 0.470703125 0.359375 0.1357421875 0.0556640625
0 0.6923828125 0.619140625 0.0869140625 0.06640625
0 0.12109375 0.9365234375 0.12109375 0.02734375
0 0.9619140625 0.6005859375 0.052734375 0.0732421875
0 0.78125 0.1806640625 0.0380859375 0.05859375
0 0.359375 0.259765625 0.0849609375 0.0361328125
0 0.25 0.919921875 0.0634765625 0.060546875
0 0.55859375 0.8330078125 0.0498046875 0.0576171875
0 0.814453125 0.61328125 0.08203125 0.03515625
0 0.599609375 0.7802734375 0.080078125 0.03125
0 0.07421875 0.03125 0.068359375 0.0302734375
0 0.2666015625 0.998046875 0.04296875 0.0380859375
0 0.783203125 0.3798828125 0.041015625 0.115234375
0 0.5458984375 0.900390625 0.1611328125 0.0546875
0 0.1435546875 0.58203125 0.046875 0.021484375
0 0.5751953125 0.58203125 0.041015625 0.0673828125
0 0.4599609375 0.107421875 0.0703125 0.033203125
0 0.4609375 0.998046875 0.0908203125 0.0322265625
0 0.396484375 0.1943359375 0.06640625 0.0458984375
0 0.30859375 0.8779296875 0.0712890625 0.0400390625
0 0.2978515625 0.462890625 0.111328125 0.0546875
0 0.9716796875 0.0205078125 0.0439453125 0.01953125
0 0.88642578125 0.61044921875 0.09775390625000002 0.055371093750000044
0 0.1025390625 0.8671875 0.0732421875 0.033203125
0 1.0 0.8525390625 0.0302734375 0.048828125
0 0.4345703125 0.8798828125 0.1220703125 0.0703125
0 0.380859375 1.0 0.107421875 0.0673828125
0 0.744140625 0.8525390625 0.0693359375 0.0390625
0 0.5322265625 0.6796875 0.0849609375 0.037109375
0 0.1083984375 1.0 0.1083984375 0.037109375
0 0.9462890625 0.08203125 0.0712890625 0.046875
0 1.0 0.3154296875 0.0439453125 0.07421875
