0 0.029296875 0.2724609375 0.029296875 0.083984375
0 0.068359375 0.34375 0.068359375 0.07421875
0 0.2451171875 0.458984375 0.087890625 0.095703125
0 0.2099609375 0.32421875 0.0595703125 0.0615234375
0 0.1650390625 0.2158203125 0.0556640625 0.05859375
0 0.1357421875 0.1416015625 0.0625 0.068359375
0 0.25 0.1484375 0.0654296875 0.0693359375
0 0.3779296875 0.2119140625 0.072265625 0.076171875
0 0.3798828125 0.33203125 0.083984375 0.0703125
0 0.6376953125 0.40625 0.1123046875 0.08203125
0 0.265625 0.693359375 0.080078125 0.091796875
0 0.138671875 0.787109375 0.0810546875 0.1083984375
0 0.19140625 0.80078125 0.0625 0.0693359375
0 0.2958984375 0.755859375 0.0966796875 0.0654296875
0 0.4990234375 0.9697265625 0.1484375 0.1044921875
0 0.6123046875 1.0 0.0810546875 0.087890625
0 0.6376953125 0.873046875 0.09375 0.083984375
0 0.484375 0.7958984375 0.0546875 0.0849609375
0 0.5712890625 0.7685546875 0.0654296875 0.0869140625
0 0.427734375 0.673828125 0.0810546875 0.1123046875
0 0.6015625 0.5712890625 0.0947265625 0.0634765625
0 0.5830078125 0.6337890625 0.0830078125 0.0615234375
0 0.833984375 0.783203125 0.0869140625 0.0732421875
0 0.751953125 0.7119140625 0.0654296875 0.0693359375
0 0.9599609375 0.685546875 0.0595703125 0.048828125
0 0.984375 0.8212890625 0.08984375 0.0546875
0 0.9169921875 1.0 0.080078125 0.037109375
0 0.7451171875 0.3427734375 0.0966796875 0.099609375
0 0.8349609375 0.3837890625 0.060546875 0.0654296875
0 0.89453125 0.3349609375 0.0732421875 0.0830078125
0 0.9912109375 0.3544921875 0.1015625 0.060546875
0 0.7939453125 0.19921875 0.0859375 0.083984375
0 0.8798828125 0.212890625 0.08203125 0.0791015625
0 0.6123046875 0.123046875 0.0771484375 0.0732421875
0 0.5068359375 0.19921875 0.0732421875 0.05859375
0 0.5361328125 0.0390625 0.0888671875 0.0390625
0 0.7109375 0.5517578125 0.0654296875 0.0712890625
0 0.9541015625 0.982421875 0.0625 0.0595703125
0 0.662109375 0.2373046875 0.052734375 0.0478515625
0 0.65625 0.087890625 0.0703125 0.048828125
0 0.212890625 0.390625 0.046875 0.052734375
0 0.4111328125 0.6748046875 0.0654296875 0.0439453125
0 0.4130859375 0.47265625 0.025390625 0.03515625
