0 0.3447265625 0.458984375 0.1396484375 0.107421875
0 0.9951171875 0.123046875 0.0908203125 0.107421875
0 0.376953125 0.6923828125 0.107421875 0.0908203125
0 0.767578125 0.978515625 0.1298828125 0.1103515625
0 0.734375 0.2900390625 0.18359375 0.1455078125
0 0.69921875 0.958984375 0.271484375 0.091796875
0 0.9443359375 0.4482421875 0.1572265625 0.0634765625
0 0.5927734375 0.7451171875 0.1103515625 0.1865234375
0 0.08984375 0.3486328125 0.0888671875 0.0966796875
0 0.88671875 0.0576171875 0.1533203125 0.0576171875
0 0.5595703125 1.0 0.15625 0.0517578125
0 0.13671875 0.9619140625 0.087890625 0.0771484375
0 0.9658203125 0.3466796875 0.0947265625 0.111328125
0 0.2666015625 0.1318359375 0.1357421875 0.0869140625
0 0.4150390625 0.83984375 0.224609375 0.1396484375
0 0.97265625 0.2685546875 0.1064453125 0.13671875
0 0.9990234375 0.349609375 0.0380859375 0.068359375
0 0.892578125 0.208984375 0.1103515625 0.07421875
0 0.9501953125 0.4921875 0.1748046875 0.0595703125
0 0.8251953125 0.4140625 0.0810546875 0.0849609375
0 0.86328125 0.3525390625 0.0791015625 0.0703125
0 0.1884765625 0.8359375 0.0849609375 0.1279296875
0 0.208984375 0.4326171875 0.06640625 0.0439453125
0 0.2421875 0.4931640625 0.048828125 0.19921875
0 0.140625 0.5595703125 0.07421875 0.1708984375
0 0.0341796875 0.2607421875 0.0341796875 0.0751953125
0 0.1591796875 0.2587890625 0.0595703125 0.0498046875
0 0.5068359375 0.1953125 0.0615234375 0.0625
0 0.546875 0.4072265625 0.072265625 0.095703125
0 0.5703125 0.326171875 0.07421875 0.0888671875
0 0.7705078125 0.2041015625 0.060546875 0.0693359375
0 0.7001953125 0.322265625 0.1123046875 0.1162109375
0 0.1826171875 0.7177734375 0.095703125 0.1875
0 0.2392578125 0.6005859375 0.0478515625 0.1064453125
0 0.4755859375 0.595703125 0.197265625 0.1259765625
0 0.396484375 0.55078125 0.1171875 0.1064453125
0 0.4228515625 0.4404296875 0.095703125 0.2333984375
0 0.4599609375 0.3818359375 0.0888671875 0.13671875
0 0.0888671875 0.509765625 0.0859375 0.1357421875
0 0.078125 0.5986328125 0.078125 0.1142578125
0 0.138671875 0.916015625 0.1279296875 0.1904296875
0 0.5595703125 0.1474609375 0.119140625 0.1474609375
0 0.25390625 0.736328125 0.0703125 0.125
0 0.611328125 0.7705078125 0.1025390625 0.0830078125
0 0.8955078125 0.7197265625 0.130859375 0.2158203125
