0 0.0927734375 0.2216796875 0.0927734375 0.068359375
0 0.1474609375 0.138671875 0.060546875 0.0654296875
0 0.181640625 0.212890625 0.0537109375 0.0498046875
0 0.1396484375 0.22265625 0.0546875 0.076171875
0 0.119140625 0.2724609375 0.0498046875 0.0595703125
0 0.078125 0.279296875 0.068359375 0.05859375
0 0.0908203125 0.41015625 0.0908203125 0.076171875
0 0.228515625 0.3603515625 0.14453125 0.078125
0 0.1474609375 0.435546875 0.0576171875 0.0625
0 0.078125 0.67578125 0.078125 0.0849609375
0 0.4189453125 0.451171875 0.1298828125 0.1181640625
0 0.41796875 0.51171875 0.123046875 0.0830078125
0 0.5244140625 0.44921875 0.05859375 0.064453125
0 0.4736328125 0.298828125 0.1044921875 0.0654296875
0 0.583984375 0.322265625 0.0830078125 0.0625
0 0.5400390625 0.1875 0.1357421875 0.0693359375
0 0.6826171875 0.0869140625 0.091796875 0.07421875
0 0.759765625 0.2373046875 0.1708984375 0.0771484375
0 0.794921875 0.294921875 0.060546875 0.07421875
0 0.8427734375 0.259765625 0.044921875 0.048828125
0 0.8720703125 0.3212890625 0.0654296875 0.064453125
0 0.93359375 0.3818359375 0.0693359375 0.138671875
0 1.0 0.19921875 0.06640625 0.1474609375
0 0.951171875 0.1630859375 0.0576171875 0.1591796875
0 0.8759765625 0.17578125 0.0751953125 0.080078125
0 0.873046875 1.0 0.0654296875 0.076171875
0 0.833984375 1.0 0.1494140625 0.0810546875
0 0.4052734375 0.978515625 0.0546875 0.107421875
0 0.49609375 0.953125 0.076171875 0.0859375
0 0.697265625 0.97265625 0.140625 0.0927734375
0 0.560546875 0.9462890625 0.0986328125 0.1240234375
0 0.6083984375 0.912109375 0.0625 0.1181640625
0 0.525390625 0.853515625 0.0517578125 0.076171875
0 0.607421875 0.8076171875 0.0673828125 0.0595703125
0 0.7392578125 0.8134765625 0.0654296875 0.0595703125
0 0.0517578125 0.8994140625 0.0517578125 0.083984375
0 0.0986328125 0.865234375 0.052734375 0.072265625
0 0.19921875 0.7763671875 0.09375 0.0615234375
0 0.228515625 0.7265625 0.0771484375 0.087890625
0 0.322265625 0.74609375 0.0869140625 0.0712890625
0 0.416015625 0.7978515625 0.0712890625 0.1259765625
0 1.0 0.83203125 0.1357421875 0.0810546875
0 0.6064453125 0.6015625 0.0888671875 0.076171875
0 0.95703125 0.427734375 0.080078125 0.0556640625
0 0.42578125 0.1865234375 0.0576171875 0.0615234375
0 0.0458984375 0.8427734375 0.0458984375 0.0712890625
0 1.0 0.8876953125 0.0244140625 0.0556640625
0 1.0 0.74609375 0.0341796875 0.0625
