0 0.904296875 0.6494140625 0.1123046875 0.0771484375
0 0.6943359375 0.9619140625 0.0869140625 0.0703125
0 0.376953125 0.751953125 0.0771484375 0.0673828125
0 0.6767578125 0.875 0.080078125 0.095703125
0 0.8271484375 0.982421875 0.068359375 0.0791015625
0 0.8271484375 0.796875 0.0849609375 0.1025390625
0 0.7568359375 0.619140625 0.0947265625 0.1025390625
0 0.681640625 0.3974609375 0.0693359375 0.0732421875
0 1.0 0.4794921875 0.0029296875 0.0849609375
0 0.5908203125 0.9677734375 0.0869140625 0.0791015625
0 0.564453125 0.8720703125 0.0673828125 0.1201171875
0 0.4970703125 0.8896484375 0.072265625 0.0654296875
0 0.822265625 0.2119140625 0.0830078125 0.125
0 0.7958984375 0.5048828125 0.08203125 0.0712890625
0 1.0 0.4013671875 0.072265625 0.107421875
0 0.6044921875 0.5498046875 0.0771484375 0.0703125
0 0.5498046875 0.779296875 0.1025390625 0.091796875
0 0.494140625 0.8271484375 0.08203125 0.1103515625
0 0.9228515625 0.48046875 0.07421875 0.0595703125
0 0.814453125 0.068359375 0.1015625 0.06640625
