0 0.087890625 0.1435546875 0.087890625 0.099609375
0 0.572265625 0.076171875 0.1630859375 0.0693359375
0 0.4228515625 0.0634765625 0.0751953125 0.0634765625
0 0.462890625 0.1572265625 0.0927734375 0.0869140625
0 0.326171875 0.1376953125 0.08984375 0.1376953125
0 0.478515625 0.2822265625 0.1650390625 0.08984375
0 0.55859375 0.21875 0.08203125 0.0732421875
0 0.732421875 0.2802734375 0.0791015625 0.0966796875
0 0.732421875 0.4130859375 0.119140625 0.0830078125
0 0.6015625 0.5166015625 0.0771484375 0.12109375
0 0.48046875 0.462890625 0.138671875 0.095703125
0 0.3994140625 0.5361328125 0.0693359375 0.0927734375
0 0.2646484375 0.4013671875 0.072265625 0.1455078125
0 0.1318359375 0.357421875 0.1298828125 0.0810546875
0 0.1513671875 0.2841796875 0.126953125 0.1005859375
0 0.0302734375 0.474609375 0.0302734375 0.0927734375
0 0.208984375 0.5673828125 0.126953125 0.1025390625
0 0.0361328125 0.5400390625 0.0361328125 0.0771484375
0 0.310546875 0.4921875 0.1015625 0.0908203125
0 0.328125 0.736328125 0.1748046875 0.0986328125
0 0.3056640625 0.96875 0.16796875 0.1728515625
0 0.3544921875 1.0 0.09765625 0.0732421875
0 0.591796875 0.720703125 0.0810546875 0.115234375
0 0.7998046875 0.705078125 0.0791015625 0.1396484375
0 0.697265625 0.55859375 0.0595703125 0.095703125
0 0.0224609375 0.8935546875 0.0224609375 0.119140625
0 1.0 0.970703125 0.1064453125 0.109375
0 1.0 0.7763671875 0.0869140625 0.12109375
0 1.0 0.6552734375 0.0390625 0.107421875
0 1.0 0.208984375 0.0830078125 0.1171875
0 0.8681640625 0.220703125 0.076171875 0.1025390625
0 1.0 0.33203125 0.123046875 0.0849609375
0 0.9111328125 0.359375 0.115234375 0.0888671875
0 0.1923828125 0.4404296875 0.0673828125 0.0791015625
0 0.25390625 0.2490234375 0.1005859375 0.08984375
