0 0.9345703125 0.7275390625 0.0732421875 0.0791015625
0 0.68359375 0.841796875 0.0751953125 0.0927734375
0 0.7578125 0.5712890625 0.0849609375 0.0810546875
0 0.376953125 0.560546875 0.076171875 0.060546875
0 0.4755859375 0.92578125 0.0849609375 0.0751953125
0 0.2861328125 0.330078125 0.080078125 0.0615234375
0 0.5537109375 0.1103515625 0.1142578125 0.076171875
0 0.78515625 0.767578125 0.0693359375 0.0556640625
0 0.4384765625 0.36328125 0.1044921875 0.06640625
0 0.5009765625 0.779296875 0.095703125 0.0556640625
0 1.0 0.275390625 0.0576171875 0.0654296875
0 0.1875 0.7783203125 0.07421875 0.0576171875
0 0.103515625 0.453125 0.0986328125 0.0419921875
0 0.6181640625 0.8330078125 0.1162109375 0.0751953125
0 0.5390625 0.3505859375 0.0732421875 0.05078125
0 0.3544921875 0.1767578125 0.076171875 0.05078125
0 0.669921875 0.25 0.06640625 0.0595703125
0 0.224609375 0.595703125 0.0361328125 0.068359375
0 0.734375 0.1064453125 0.03125 0.083984375
0 0.7578125 0.8984375 0.13671875 0.0361328125
0 0.6474609375 0.7685546875 0.06640625 0.0595703125
0 0.09375 0.8857421875 0.09375 0.0341796875
0 0.5791015625 0.548828125 0.0625 0.06640625
0 0.2646484375 0.79296875 0.072265625 0.05859375
0 0.5244140625 0.6181640625 0.0927734375 0.0263671875
0 0.033203125 0.7119140625 0.033203125 0.029296875
0 0.6318359375 0.0810546875 0.0458984375 0.056640625
0 0.9794921875 0.6572265625 0.0576171875 0.0458984375
0 0.783203125 0.814453125 0.06640625 0.029296875
0 0.259765625 0.6220703125 0.0283203125 0.0732421875
0 0.833984375 0.90234375 0.06640625 0.04296875
0 0.2060546875 0.880859375 0.0849609375 0.029296875
0 0.9755859375 0.1103515625 0.0498046875 0.033203125
0 0.0498046875 0.51171875 0.0498046875 0.130859375
0 0.556640625 0.25 0.0634765625 0.0439453125
0 0.125 0.677734375 0.1064453125 0.041015625
0 0.783203125 0.990234375 0.0341796875 0.0556640625
0 0.455078125 0.5625 0.0595703125 0.0654296875
0 1.0 0.0244140625 0.052734375 0.0224609375
0 0.498046875 0.5966796875 0.048828125 0.0615234375
0 0.4833984375 0.6552734375 0.0947265625 0.02734375
0 0.1416015625 0.2216796875 0.111328125 0.05078125
0 0.509765625 0.537109375 0.02734375 0.0859375
0 0.4873046875 0.4384765625 0.05078125 0.0380859375
0 0.6181640625 0.6689453125 0.0947265625 0.0439453125
0 0.119140625 0.478515625 0.0693359375 0.021484375
0 0.1708984375 0.822265625 0.0634765625 0.029296875
0 0.306640625 0.296875 0.0576171875 0.03515625
0 0.0244140625 0.33984375 0.0244140625 0.017578125
0 0.0517578125 0.142578125 0.0458984375 0.029296875
0 0.7236328125 0.0263671875 0.0478515625 0.025390625
0 0.345703125 0.861328125 0.0439453125 0.03515625
0 0.697265625 0.6689453125 0.0703125 0.0400390625
0 0.1240234375 0.7744140625 0.09375 0.0283203125
0 0.5185546875 0.3154296875 0.0458984375 0.0625
0 0.75390625 0.7783203125 0.0419921875 0.03125
0 0.4365234375 0.939453125 0.052734375 0.0224609375
0 0.2177734375 0.6025390625 0.0732421875 0.02734375
0 0.7470703125 0.9619140625 0.0517578125 0.0224609375
0 0.0595703125 0.2529296875 0.037109375 0.0302734375
0 1.0 0.6474609375 0.0615234375 0.03515625
