0 0.072265625 0.5859375 0.0654296875 0.09375
0 0.17578125 0.427734375 0.0673828125 0.078125
0 0.2001953125 0.62109375 0.064453125 0.095703125
0 0.1845703125 0.5810546875 0.0986328125 0.0703125
0 0.37890625 0.6171875 0.083984375 0.0703125
0 0.3828125 0.560546875 0.0732421875 0.056640625
0 0.4677734375 0.580078125 0.0751953125 0.087890625
0 0.5146484375 0.669921875 0.0703125 0.0986328125
0 0.521484375 0.4423828125 0.072265625 0.0595703125
0 0.390625 0.447265625 0.103515625 0.0751953125
0 0.2626953125 0.3662109375 0.0693359375 0.068359375
0 0.2939453125 0.283203125 0.0693359375 0.05859375
0 0.36328125 0.3564453125 0.0712890625 0.072265625
0 0.455078125 0.279296875 0.076171875 0.0546875
0 0.453125 0.404296875 0.048828125 0.0751953125
0 0.5146484375 0.1953125 0.08203125 0.0693359375
0 0.2734375 0.189453125 0.0556640625 0.0634765625
0 0.3310546875 0.095703125 0.0615234375 0.0595703125
0 0.455078125 0.146484375 0.08203125 0.0888671875
0 0.3046875 0.0419921875 0.080078125 0.0419921875
0 0.0712890625 0.1181640625 0.068359375 0.0859375
0 0.1962890625 1.0 0.0849609375 0.0615234375
0 0.04296875 0.927734375 0.04296875 0.0703125
0 0.107421875 0.8095703125 0.087890625 0.05859375
0 0.2841796875 0.9384765625 0.083984375 0.060546875
0 0.1416015625 0.908203125 0.08203125 0.0654296875
0 0.3125 1.0 0.0830078125 0.0595703125
0 0.4677734375 0.9990234375 0.056640625 0.083984375
0 0.537109375 0.9912109375 0.080078125 0.0751953125
0 0.5537109375 0.912109375 0.072265625 0.0810546875
0 0.7216796875 0.7978515625 0.109375 0.078125
0 0.6591796875 0.4951171875 0.0673828125 0.0498046875
0 0.8212890625 0.470703125 0.083984375 0.072265625
0 0.9755859375 0.515625 0.0712890625 0.0732421875
0 0.8642578125 0.9619140625 0.0751953125 0.0927734375
0 1.0 0.501953125 0.0654296875 0.0634765625
0 1.0 0.8515625 0.056640625 0.0791015625
0 0.962890625 1.0 0.1005859375 0.115234375
0 0.7724609375 0.6025390625 0.0595703125 0.0537109375
0 0.81640625 0.2099609375 0.072265625 0.08984375
0 0.72265625 0.1201171875 0.078125 0.080078125
0 0.8203125 0.0830078125 0.0732421875 0.076171875
0 0.892578125 0.0419921875 0.060546875 0.0419921875
0 0.154296875 0.115234375 0.0478515625 0.048828125
0 0.30078125 0.1201171875 0.04296875 0.0595703125
0 0.7548828125 0.1396484375 0.0517578125 0.0537109375
0 0.8681640625 0.087890625 0.0419921875 0.04296875
0 0.0458984375 0.990234375 0.0458984375 0.0654296875
0 1.0 0.0966796875 0.0859375 0.0869140625
0 0.5390625 0.0810546875 0.0458984375 0.056640625
0 0.4755859375 0.3173828125 0.06640625 0.05078125
