0 0.060546875 0.08203125 0.060546875 0.080078125
0 0.283203125 0.091796875 0.07421875 0.0771484375
0 0.24609375 0.62109375 0.0693359375 0.0908203125
0 0.345703125 0.400390625 0.07421875 0.0810546875
0 0.5478515625 0.20703125 0.0498046875 0.0859375
0 0.658203125 0.05859375 0.025390625 0.05859375
0 0.775390625 0.4365234375 0.0556640625 0.080078125
0 0.9794921875 0.7890625 0.033203125 0.16015625
0 0.8515625 0.6728515625 0.068359375 0.068359375
0 0.3818359375 0.7265625 0.078125 0.068359375
0 0.564453125 0.6591796875 0.044921875 0.0849609375
0 0.6142578125 0.29296875 0.0732421875 0.0693359375
0 0.1259765625 0.9248046875 0.078125 0.05078125
0 0.3486328125 0.2939453125 0.072265625 0.052734375
0 0.041015625 0.2197265625 0.041015625 0.0439453125
0 0.73828125 0.369140625 0.05859375 0.08203125
0 0.8505859375 0.998046875 0.0498046875 0.0732421875
0 0.7890625 0.333984375 0.0546875 0.0576171875
0 0.224609375 0.4130859375 0.0712890625 0.05078125
0 0.380859375 0.6767578125 0.0322265625 0.095703125
0 0.0166015625 0.3115234375 0.0166015625 0.06640625
0 0.8369140625 0.2373046875 0.0693359375 0.09765625
0 0.8779296875 0.09375 0.033203125 0.087890625
0 0.0341796875 0.4501953125 0.0263671875 0.0654296875
0 0.044921875 0.9912109375 0.044921875 0.05078125
0 0.1435546875 0.7236328125 0.064453125 0.060546875
0 0.80859375 0.1083984375 0.0478515625 0.0732421875
0 0.0859375 0.1318359375 0.0859375 0.0458984375
0 0.869140625 0.7607421875 0.080078125 0.072265625
0 0.369140625 0.146484375 0.0537109375 0.072265625
0 0.9326171875 0.998046875 0.0546875 0.0654296875
0 0.7314453125 0.087890625 0.029296875 0.076171875
0 0.861328125 0.9150390625 0.03125 0.107421875
0 0.9453125 0.34375 0.02734375 0.0693359375
0 0.9697265625 0.41015625 0.0673828125 0.0341796875
0 0.1953125 0.1357421875 0.0615234375 0.0546875
0 0.654296875 0.2802734375 0.05078125 0.0849609375
0 0.39453125 0.060546875 0.0546875 0.060546875
0 0.0859375 0.48046875 0.02734375 0.0771484375
0 0.7314453125 0.673828125 0.0390625 0.08203125
0 0.9208984375 0.3740234375 0.05859375 0.05078125
0 0.5146484375 0.9111328125 0.0537109375 0.0693359375
0 0.7373046875 0.9609375 0.0341796875 0.0615234375
0 0.24609375 0.2958984375 0.0732421875 0.0390625
0 0.3525390625 1.0 0.0380859375 0.0361328125
0 0.2666015625 1.0 0.0439453125 0.017578125
0 0.2890625 0.1728515625 0.0517578125 0.04296875
0 0.4765625 0.6953125 0.041015625 0.037109375
0 0.5673828125 0.9970703125 0.0380859375 0.0537109375
0 0.865234375 0.5341796875 0.0576171875 0.0595703125
0 0.595703125 0.708984375 0.05078125 0.0546875
0 0.9677734375 0.1630859375 0.0390625 0.0693359375
0 0.1904296875 0.6220703125 0.076171875 0.0361328125
0 0.8291015625 0.5537109375 0.068359375 0.041015625
0 0.24814453125 0.66796875 0.10068359375 0.036425781249999956
0 0.833984375 0.0517578125 0.044921875 0.0458984375
0 0.0634765625 0.771484375 0.0634765625 0.0185546875
0 0.830078125 1.0 0.0693359375 0.03125
0 0.5400390625 0.494140625 0.07421875 0.0283203125
0 1.0 0.34765625 0.03125 0.068359375
0 0.0244140625 0.81640625 0.0244140625 0.0595703125
0 0.173828125 0.998046875 0.087890625 0.015625
0 0.140625 0.3271484375 0.06640625 0.0380859375
0 0.927734375 0.701171875 0.03125 0.08203125
0 0.6337890625 0.822265625 0.0419921875 0.037109375
0 0.3271484375 0.767578125 0.046875 0.033203125
0 0.130859375 0.7578125 0.06640625 0.046875
