0 0.5244140625 0.306640625 0.1669921875 0.1025390625
0 0.9091796875 0.4482421875 0.142578125 0.1025390625
0 0.0498046875 0.9169921875 0.0498046875 0.1376953125
0 0.1884765625 0.0703125 0.103515625 0.0703125
0 1.0 0.7119140625 0.1650390625 0.0849609375
0 0.2099609375 0.8291015625 0.095703125 0.0947265625
0 0.5322265625 0.76171875 0.1875 0.16015625
0 0.2255859375 0.7294921875 0.109375 0.0849609375
0 0.1279296875 0.26953125 0.0849609375 0.109375
0 0.220703125 0.51953125 0.080078125 0.0908203125
0 0.4052734375 0.7734375 0.109375 0.060546875
0 0.33984375 0.404296875 0.095703125 0.0693359375
0 0.580078125 0.1923828125 0.25 0.1171875
0 0.662109375 0.42578125 0.080078125 0.1044921875
