0 0.7509765625 0.021484375 0.1103515625 0.021484375
0 0.6025390625 0.0537109375 0.130859375 0.0537109375
0 1.0 0.0205078125 0.0771484375 0.0205078125
0 0.99609375 0.0625 0.0576171875 0.0625
0 0.9560546875 0.09765625 0.1396484375 0.0634765625
0 0.666015625 0.146484375 0.1181640625 0.0703125
0 0.29296875 0.1953125 0.150390625 0.0556640625
0 0.333984375 0.1474609375 0.1494140625 0.123046875
0 0.423828125 0.0537109375 0.0966796875 0.0537109375
0 0.2939453125 0.0498046875 0.0625 0.0498046875
0 0.15234375 0.0263671875 0.1337890625 0.0263671875
0 0.125 0.0888671875 0.125 0.0546875
0 0.96484375 0.2841796875 0.0869140625 0.068359375
0 0.984375 0.1884765625 0.0615234375 0.076171875
0 0.908203125 0.3759765625 0.0556640625 0.05859375
0 0.90234375 0.4853515625 0.0654296875 0.0732421875
0 0.6689453125 0.533203125 0.119140625 0.064453125
0 0.583984375 0.576171875 0.0556640625 0.091796875
0 0.4677734375 0.634765625 0.1611328125 0.10546875
0 0.3193359375 0.5830078125 0.0712890625 0.0791015625
0 0.265625 0.5869140625 0.0537109375 0.068359375
0 0.2314453125 0.484375 0.087890625 0.0634765625
0 0.140625 0.49609375 0.0693359375 0.0517578125
0 0.1435546875 0.595703125 0.09375 0.0546875
0 0.201171875 0.6123046875 0.0732421875 0.0458984375
0 0.263671875 0.6484375 0.0888671875 0.0478515625
0 0.16015625 0.6787109375 0.09375 0.076171875
0 0.1630859375 0.7138671875 0.1162109375 0.05078125
0 0.1083984375 0.9033203125 0.0673828125 0.1845703125
0 0.265625 0.78125 0.1123046875 0.0556640625
0 0.2431640625 0.84765625 0.13671875 0.16015625
0 0.33984375 0.6943359375 0.06640625 0.07421875
0 0.3671875 0.7353515625 0.0625 0.064453125
0 0.4189453125 0.849609375 0.05859375 0.12109375
0 0.5703125 0.685546875 0.0830078125 0.0595703125
0 0.5283203125 0.6298828125 0.0703125 0.10546875
0 0.5302734375 0.9130859375 0.0595703125 0.083984375
0 0.75390625 0.7060546875 0.072265625 0.1005859375
0 0.8173828125 0.6748046875 0.0791015625 0.064453125
0 0.7568359375 0.78125 0.064453125 0.08203125
0 1.0 0.7548828125 0.15234375 0.0927734375
0 0.96875 0.6318359375 0.072265625 0.087890625
0 1.0 0.533203125 0.02734375 0.064453125
0 0.92578125 0.8818359375 0.076171875 0.111328125
0 0.7763671875 0.9384765625 0.142578125 0.0703125
0 0.7548828125 0.9921875 0.12890625 0.076171875
0 1.0 0.9521484375 0.0478515625 0.0810546875
0 0.1357421875 1.0 0.0595703125 0.046875
0 0.2734375 0.0458984375 0.115234375 0.0458984375
0 0.251953125 0.70703125 0.068359375 0.0849609375
0 0.4208984375 0.7802734375 0.1357421875 0.0927734375
0 0.205078125 0.947265625 0.203125 0.12109375
