0 0.1298828125 0.0771484375 0.095703125 0.0751953125
0 0.25 0.1005859375 0.07421875 0.0703125
0 0.2265625 0.6376953125 0.0732421875 0.0625
0 0.9345703125 0.3212890625 0.0546875 0.0927734375
0 0.359375 0.7568359375 0.0517578125 0.072265625
0 0.5556640625 0.1923828125 0.0693359375 0.0673828125
0 0.6337890625 0.9833984375 0.0810546875 0.0517578125
0 0.736328125 0.4091796875 0.0966796875 0.0634765625
0 0.15234375 0.5615234375 0.0478515625 0.060546875
0 0.5634765625 0.51171875 0.1083984375 0.0517578125
0 0.3271484375 0.9677734375 0.091796875 0.041015625
0 1.0 0.6240234375 0.0439453125 0.0517578125
0 0.8515625 0.880859375 0.0771484375 0.0556640625
0 0.369140625 1.0 0.0771484375 0.05078125
0 0.537109375 0.3359375 0.0546875 0.0546875
0 0.3427734375 0.435546875 0.0654296875 0.0517578125
0 0.716796875 0.9443359375 0.076171875 0.05078125
0 0.6396484375 0.4169921875 0.1103515625 0.0537109375
0 0.6044921875 0.34375 0.048828125 0.0498046875
0 0.857421875 0.533203125 0.099609375 0.0439453125
0 0.4501953125 0.8486328125 0.0927734375 0.037109375
0 0.673828125 0.71875 0.07421875 0.04296875
0 0.6953125 0.873046875 0.0791015625 0.0546875
0 0.814453125 0.79296875 0.1201171875 0.091796875
0 1.0 0.46484375 0.099609375 0.0703125
0 0.8193359375 0.91796875 0.05859375 0.04296875
0 0.9833984375 0.759765625 0.0615234375 0.0556640625
0 0.962890625 1.0 0.0419921875 0.041015625
0 0.1953125 0.8349609375 0.0556640625 0.041015625
0 0.1123046875 0.4736328125 0.1005859375 0.044921875
0 0.986328125 0.9677734375 0.091796875 0.0400390625
0 0.607421875 0.45703125 0.111328125 0.044921875
0 0.443359375 0.9833984375 0.0654296875 0.052734375
0 0.6845703125 0.345703125 0.076171875 0.0341796875
0 0.306640625 0.9609375 0.0751953125 0.0869140625
0 0.3564453125 0.044921875 0.041015625 0.044921875
0 0.419921875 0.041015625 0.0546875 0.041015625
0 0.7685546875 0.248046875 0.068359375 0.04296875
0 0.2939453125 1.0 0.07421875 0.017578125
0 0.525390625 0.791015625 0.0703125 0.0517578125
0 0.318359375 0.466796875 0.0625 0.0390625
0 0.037109375 0.5634765625 0.037109375 0.06640625
0 0.3974609375 0.6865234375 0.0966796875 0.04296875
0 0.9267578125 1.0 0.0458984375 0.041015625
0 0.6787109375 0.16796875 0.0556640625 0.0537109375
0 0.4453125 0.81640625 0.0712890625 0.0517578125
0 0.3125 0.4365234375 0.099609375 0.041015625
0 0.7431640625 0.123046875 0.05859375 0.0615234375
0 1.0 0.482421875 0.0517578125 0.0361328125
0 0.6650390625 0.802734375 0.0400390625 0.0302734375
0 0.4072265625 0.57421875 0.0927734375 0.0390625
0 0.287109375 0.8076171875 0.1162109375 0.0380859375
0 0.2490234375 0.8603515625 0.1337890625 0.044921875
0 0.462890625 0.1630859375 0.05078125 0.0517578125
0 0.1103515625 0.7509765625 0.083984375 0.037109375
0 0.7001953125 0.1103515625 0.080078125 0.0498046875
0 0.76953125 0.8857421875 0.052734375 0.0556640625
0 0.7021484375 1.0 0.08203125 0.02734375
0 0.064453125 0.287109375 0.064453125 0.0390625
0 0.58203125 1.0 0.0732421875 0.033203125
0 0.32421875 0.7802734375 0.09765625 0.0390625
0 0.5751953125 0.498046875 0.044921875 0.048828125
0 0.255859375 0.5712890625 0.0517578125 0.0361328125
0 0.17578125 0.7978515625 0.087890625 0.060546875
0 0.6025390625 0.7900390625 0.0595703125 0.04296875
0 0.810546875 0.1328125 0.0419921875 0.0546875
0 0.0947265625 0.42578125 0.0859375 0.033203125
0 0.2001953125 0.7763671875 0.080078125 0.05078125
0 0.685546875 0.1640625 0.09765625 0.126953125
0 0.6142578125 0.80078125 0.0615234375 0.037109375
0 0.14453125 0.5107421875 0.064453125 0.04296875
0 0.5859375 0.99609375 0.09375 0.0556640625
0 0.728515625 0.544921875 0.1044921875 0.0537109375
0 0.6572265625 0.5126953125 0.0703125 0.0556640625
0 0.8046875 0.4599609375 0.0703125 0.0595703125
0 0.3173828125 0.6884765625 0.0859375 0.0400390625
0 0.5498046875 0.73828125 0.0703125 0.0380859375
0 0.681640625 0.470703125 0.0458984375 0.052734375
0 0.19921875 0.5693359375 0.064453125 0.064453125
0 0.6328125 0.701171875 0.056640625 0.0498046875
0 0.3369140625 0.1728515625 0.0927734375 0.05859375
0 0.044921875 0.3251953125 0.044921875 0.0400390625
0 0.58984375 0.6083984375 0.05078125 0.0517578125
