0 0.4091796875 0.57421875 0.1298828125 0.0869140625
0 0.4560546875 0.2578125 0.123046875 0.1103515625
0 0.44921875 0.7119140625 0.0966796875 0.08203125
0 0.37109375 0.451171875 0.0830078125 0.0556640625
0 0.341796875 0.6416015625 0.091796875 0.07421875
0 0.24609375 0.1435546875 0.0810546875 0.1171875
0 0.3798828125 1.0 0.107421875 0.0419921875
0 0.51953125 0.1044921875 0.0888671875 0.076171875
0 0.9931640625 0.78515625 0.080078125 0.0556640625
0 0.283203125 0.5087890625 0.07421875 0.0615234375
0 0.849609375 0.646484375 0.078125 0.064453125
0 0.0966796875 0.66015625 0.0693359375 0.060546875
0 0.3251953125 0.052734375 0.0576171875 0.052734375
0 0.3671875 0.0595703125 0.0693359375 0.0576171875
0 1.0 0.26953125 0.052734375 0.0673828125
0 0.9970703125 0.3349609375 0.052734375 0.0576171875
0 0.62890625 0.40234375 0.087890625 0.072265625
0 0.0712890625 0.9638671875 0.0673828125 0.0947265625
0 0.2099609375 0.4443359375 0.0556640625 0.08203125
