0 0.5068359375 1.0 0.068359375 0.01953125
0 0.359375 1.0 0.0576171875 0.037109375
0 0.080078125 1.0 0.076171875 0.0751953125
0 0.224609375 0.982421875 0.0791015625 0.0810546875
0 0.2958984375 0.8935546875 0.0791015625 0.0712890625
0 0.240234375 0.8359375 0.0947265625 0.099609375
0 0.0341796875 0.7431640625 0.0341796875 0.076171875
0 0.755859375 0.951171875 0.0751953125 0.091796875
0 0.7802734375 0.83984375 0.103515625 0.0654296875
0 0.8837890625 0.96875 0.091796875 0.0673828125
0 0.576171875 0.818359375 0.111328125 0.064453125
0 0.435546875 0.6923828125 0.0654296875 0.052734375
0 0.2978515625 0.708984375 0.0712890625 0.0693359375
0 0.201171875 0.626953125 0.083984375 0.0849609375
0 0.8818359375 0.740234375 0.083984375 0.0869140625
0 0.84375 0.609375 0.10546875 0.0849609375
0 0.7109375 0.58203125 0.138671875 0.1552734375
0 0.6572265625 0.6748046875 0.0517578125 0.0810546875
0 0.5302734375 0.5126953125 0.0673828125 0.0673828125
0 0.4130859375 0.5537109375 0.0771484375 0.1064453125
0 0.2607421875 0.484375 0.080078125 0.1328125
0 0.12890625 0.5283203125 0.056640625 0.0693359375
0 0.4921875 0.451171875 0.05859375 0.09765625
0 0.9970703125 0.7958984375 0.103515625 0.15234375
0 0.9423828125 0.865234375 0.0654296875 0.0830078125
0 0.833984375 0.2666015625 0.1015625 0.111328125
0 0.859375 0.111328125 0.0693359375 0.052734375
0 0.6494140625 0.236328125 0.0771484375 0.0712890625
0 0.5498046875 0.1435546875 0.0634765625 0.0673828125
0 0.345703125 0.12890625 0.0771484375 0.052734375
0 0.3173828125 0.19921875 0.072265625 0.0771484375
0 0.2900390625 0.2958984375 0.0517578125 0.0908203125
0 0.1015625 0.23828125 0.1015625 0.1025390625
0 0.1552734375 0.0859375 0.0654296875 0.0615234375
0 0.3837890625 0.2431640625 0.0498046875 0.0625
0 0.7998046875 0.6904296875 0.041015625 0.1064453125
0 0.373046875 0.1298828125 0.1630859375 0.0693359375
