0 0.890625 0.2998046875 0.048828125 0.056640625
0 0.9775390625 0.2705078125 0.0478515625 0.05859375
0 0.9189453125 0.2578125 0.037109375 0.0400390625
0 0.8037109375 0.248046875 0.0478515625 0.0625
0 0.8466796875 0.083984375 0.06640625 0.083984375
0 0.6904296875 0.080078125 0.05859375 0.0634765625
0 0.642578125 0.0869140625 0.0556640625 0.0869140625
0 0.7080078125 0.1376953125 0.06640625 0.0625
0 0.7119140625 0.181640625 0.06640625 0.0654296875
0 0.7373046875 0.240234375 0.0400390625 0.064453125
0 0.75 0.333984375 0.052734375 0.0498046875
0 0.646484375 0.248046875 0.0556640625 0.0361328125
0 0.630859375 0.302734375 0.087890625 0.044921875
0 0.419921875 0.251953125 0.0673828125 0.0712890625
0 0.3291015625 0.109375 0.08203125 0.0830078125
0 0.505859375 0.16796875 0.08203125 0.0849609375
0 0.5458984375 0.109375 0.0859375 0.0771484375
0 0.1669921875 0.068359375 0.0830078125 0.068359375
0 0.181640625 0.064453125 0.037109375 0.064453125
0 0.0830078125 0.04296875 0.080078125 0.04296875
0 0.1083984375 0.126953125 0.091796875 0.0791015625
0 0.205078125 0.1533203125 0.056640625 0.0634765625
0 0.62109375 0.5810546875 0.08984375 0.08203125
0 0.7255859375 0.6005859375 0.0576171875 0.0712890625
0 0.88671875 1.0 0.107421875 0.0703125
0 0.7041015625 0.9404296875 0.0830078125 0.1416015625
0 0.80859375 0.8876953125 0.046875 0.0498046875
0 0.759765625 0.8515625 0.0556640625 0.0556640625
0 0.7724609375 0.7763671875 0.060546875 0.0537109375
0 0.83984375 0.7138671875 0.0703125 0.068359375
0 1.0 0.6962890625 0.044921875 0.0654296875
0 0.9814453125 0.734375 0.0595703125 0.052734375
0 0.974609375 0.7802734375 0.05859375 0.0556640625
0 0.9033203125 0.7578125 0.0576171875 0.0576171875
0 0.9345703125 0.67578125 0.0517578125 0.056640625
0 0.630859375 0.65234375 0.05859375 0.0654296875
0 0.5537109375 0.7099609375 0.091796875 0.080078125
0 0.5107421875 0.6064453125 0.0693359375 0.0947265625
0 0.41796875 0.66015625 0.109375 0.0625
0 0.3583984375 0.798828125 0.06640625 0.09765625
0 0.3173828125 0.6259765625 0.046875 0.076171875
0 0.2841796875 0.59375 0.0537109375 0.0615234375
0 0.2333984375 0.5810546875 0.109375 0.083984375
0 0.2158203125 0.6171875 0.06640625 0.06640625
0 0.111328125 0.6298828125 0.10546875 0.0634765625
0 0.1484375 0.5908203125 0.0654296875 0.0791015625
0 0.064453125 0.55859375 0.064453125 0.0458984375
0 0.0908203125 0.50390625 0.0908203125 0.09765625
0 0.1298828125 0.9296875 0.0634765625 0.06640625
0 0.236328125 0.9677734375 0.0986328125 0.052734375
0 0.1025390625 0.9775390625 0.0419921875 0.044921875
0 0.0615234375 1.0 0.060546875 0.0625
0 0.189453125 0.3203125 0.0625 0.041015625
0 0.419921875 0.80859375 0.041015625 0.03515625
0 0.6845703125 1.0 0.0712890625 0.0361328125
0 0.9658203125 0.802734375 0.04296875 0.0263671875
0 0.1826171875 0.955078125 0.0556640625 0.0400390625
0 0.5625 0.228515625 0.0615234375 0.0498046875
0 0.6103515625 0.2138671875 0.048828125 0.056640625
0 0.6650390625 0.216796875 0.0498046875 0.0517578125
0 0.7236328125 0.296875 0.056640625 0.056640625
0 0.857421875 0.759765625 0.0517578125 0.046875
0 0.5166015625 0.6552734375 0.0419921875 0.0419921875
