0 0.1259765625 0.1494140625 0.115234375 0.0908203125
0 0.224609375 0.142578125 0.0966796875 0.126953125
0 0.2978515625 0.18359375 0.083984375 0.1171875
0 0.2607421875 0.2783203125 0.078125 0.06640625
0 0.2353515625 0.3359375 0.0556640625 0.07421875
0 0.11328125 0.3408203125 0.0703125 0.0576171875
0 0.140625 0.603515625 0.046875 0.037109375
0 0.0908203125 0.62109375 0.041015625 0.0322265625
0 0.146484375 0.67578125 0.091796875 0.0634765625
0 0.3095703125 1.0 0.154296875 0.208984375
0 0.48828125 0.7451171875 0.201171875 0.1025390625
0 0.4833984375 0.8076171875 0.1337890625 0.0849609375
0 0.3935546875 0.66015625 0.076171875 0.0673828125
0 0.4462890625 0.666015625 0.0595703125 0.0498046875
0 0.58984375 0.7451171875 0.0947265625 0.0703125
0 0.6103515625 0.6943359375 0.060546875 0.087890625
0 0.666015625 0.609375 0.1123046875 0.0693359375
0 0.6708984375 0.8037109375 0.0966796875 0.0986328125
0 0.61328125 0.9443359375 0.23046875 0.12890625
0 0.412109375 0.328125 0.10546875 0.080078125
0 0.3125 0.365234375 0.0595703125 0.0771484375
0 0.4775390625 0.3837890625 0.091796875 0.083984375
0 0.5712890625 0.3857421875 0.0869140625 0.0693359375
0 0.54296875 0.3125 0.0771484375 0.0810546875
0 0.474609375 0.2744140625 0.05859375 0.08203125
0 0.6318359375 0.2958984375 0.0771484375 0.087890625
0 0.646484375 0.208984375 0.0625 0.041015625
0 0.6982421875 0.2578125 0.0810546875 0.0625
0 0.74609375 0.3369140625 0.1162109375 0.072265625
0 0.90625 0.6162109375 0.0673828125 0.0537109375
0 0.9296875 0.734375 0.0537109375 0.1455078125
0 0.9921875 0.646484375 0.05078125 0.0576171875
0 0.974609375 0.5693359375 0.0732421875 0.1103515625
0 0.9873046875 0.8779296875 0.0615234375 0.0546875
0 0.953125 0.90625 0.0439453125 0.0634765625
0 0.921875 0.7978515625 0.0517578125 0.052734375
0 0.875 0.8583984375 0.0537109375 0.0537109375
0 0.6201171875 0.15234375 0.08984375 0.0439453125
0 0.5244140625 0.1591796875 0.091796875 0.0732421875
0 0.4580078125 0.1826171875 0.1142578125 0.076171875
0 0.8388671875 0.2421875 0.140625 0.056640625
0 0.892578125 0.3076171875 0.087890625 0.07421875
0 0.85546875 0.3330078125 0.05859375 0.087890625
0 0.9248046875 0.29296875 0.0517578125 0.052734375
0 0.8955078125 0.2353515625 0.064453125 0.044921875
0 0.90625 0.1943359375 0.0595703125 0.0732421875
0 0.9833984375 0.2275390625 0.078125 0.1640625
0 1.0 0.2333984375 0.0380859375 0.0869140625
0 0.974609375 0.3798828125 0.048828125 0.052734375
