0 1.0 0.5771484375 0.0400390625 0.095703125
0 0.9365234375 0.3759765625 0.0693359375 0.1015625
0 0.689453125 0.2451171875 0.1279296875 0.0634765625
0 0.75390625 0.265625 0.0615234375 0.0498046875
0 0.7421875 0.3212890625 0.072265625 0.064453125
0 0.6083984375 0.32421875 0.03515625 0.068359375
0 0.6513671875 0.34375 0.046875 0.0986328125
0 0.68359375 0.384765625 0.0634765625 0.0458984375
0 0.759765625 0.4287109375 0.08203125 0.0478515625
0 0.6572265625 0.443359375 0.1201171875 0.0498046875
0 0.6845703125 0.4853515625 0.0732421875 0.056640625
0 0.794921875 0.533203125 0.1484375 0.05078125
0 0.78515625 0.5869140625 0.0693359375 0.0625
0 0.5478515625 0.546875 0.0966796875 0.0849609375
0 0.52734375 0.4716796875 0.0791015625 0.080078125
0 0.4248046875 0.4599609375 0.083984375 0.076171875
0 0.4619140625 0.361328125 0.091796875 0.0693359375
0 0.3359375 0.3388671875 0.1083984375 0.080078125
0 0.2998046875 0.3505859375 0.0595703125 0.0703125
0 0.236328125 0.3759765625 0.0810546875 0.0927734375
0 0.431640625 0.1923828125 0.0849609375 0.1357421875
0 0.45703125 0.2451171875 0.08203125 0.0732421875
0 0.458984375 0.2763671875 0.060546875 0.041015625
0 0.2392578125 0.2763671875 0.140625 0.154296875
0 0.384765625 0.654296875 0.072265625 0.095703125
0 0.4140625 0.716796875 0.08203125 0.052734375
0 0.44921875 0.814453125 0.125 0.060546875
0 0.13671875 0.912109375 0.0927734375 0.0517578125
0 0.087890625 0.9697265625 0.07421875 0.0673828125
0 0.083984375 0.95703125 0.083984375 0.162109375
0 0.2333984375 0.9794921875 0.1083984375 0.072265625
0 0.1279296875 0.998046875 0.0693359375 0.0556640625
0 0.6953125 0.90234375 0.0751953125 0.0654296875
0 0.7919921875 0.9892578125 0.0732421875 0.05859375
0 0.6796875 1.0 0.0517578125 0.07421875
0 0.8603515625 0.955078125 0.0712890625 0.076171875
0 0.1787109375 0.5 0.068359375 0.0712890625
0 0.1083984375 0.50390625 0.1083984375 0.06640625
0 0.1005859375 0.4072265625 0.1005859375 0.083984375
0 0.5400390625 0.30859375 0.0625 0.072265625
0 0.5595703125 0.3408203125 0.04296875 0.046875
0 0.3583984375 0.443359375 0.1435546875 0.08203125
0 0.2939453125 0.4990234375 0.0869140625 0.0712890625
