0 0.4453125 0.12109375 0.0986328125 0.12109375
0 0.552734375 0.046875 0.068359375 0.046875
0 0.345703125 0.29296875 0.0869140625 0.0869140625
0 0.2744140625 0.3955078125 0.0751953125 0.09765625
0 0.2802734375 0.52734375 0.0966796875 0.109375
0 0.1298828125 0.40234375 0.0771484375 0.091796875
0 0.078125 0.5458984375 0.078125 0.1103515625
0 0.4189453125 0.6435546875 0.1025390625 0.1064453125
0 0.306640625 0.57421875 0.166015625 0.0673828125
0 0.3046875 0.748046875 0.1171875 0.142578125
0 0.4091796875 0.8662109375 0.11328125 0.171875
0 0.8662109375 0.625 0.0625 0.154296875
0 0.9853515625 0.5712890625 0.080078125 0.1298828125
0 1.0 0.5634765625 0.1015625 0.068359375
0 1.0 0.7568359375 0.0244140625 0.130859375
0 0.9775390625 0.8037109375 0.0654296875 0.09765625
0 0.951171875 0.646484375 0.04296875 0.0576171875
0 0.8837890625 0.7734375 0.0537109375 0.07421875
0 0.72265625 1.0 0.0634765625 0.123046875
0 0.9443359375 0.2548828125 0.0966796875 0.0888671875
0 0.6826171875 0.2802734375 0.091796875 0.07421875
0 0.720703125 0.3759765625 0.123046875 0.0947265625
0 0.5302734375 0.3193359375 0.0693359375 0.0732421875
0 0.8359375 0.2216796875 0.1328125 0.1982421875
0 0.9609375 0.0146484375 0.064453125 0.0146484375
0 0.869140625 0.4189453125 0.0888671875 0.0859375
0 0.052734375 0.078125 0.052734375 0.0625
0 0.7021484375 0.1904296875 0.087890625 0.0966796875
