0 0.2236328125 0.8408203125 0.0888671875 0.068359375
0 0.3115234375 0.791015625 0.1513671875 0.1416015625
0 0.2529296875 0.7998046875 0.0908203125 0.095703125
0 0.27734375 0.697265625 0.080078125 0.1201171875
0 0.4189453125 0.6767578125 0.0869140625 0.0625
0 0.5478515625 0.5703125 0.0966796875 0.095703125
0 0.3427734375 0.830078125 0.08203125 0.0546875
0 0.412109375 0.828125 0.0751953125 0.087890625
0 1.0 0.869140625 0.0478515625 0.080078125
0 0.8515625 0.896484375 0.0693359375 0.064453125
0 0.916015625 0.8974609375 0.0888671875 0.091796875
0 0.75 0.865234375 0.0810546875 0.068359375
0 1.0 0.7470703125 0.0595703125 0.146484375
0 0.76953125 0.728515625 0.05859375 0.0634765625
0 0.876953125 0.638671875 0.05078125 0.052734375
0 0.9130859375 0.583984375 0.0771484375 0.078125
0 0.9619140625 0.3544921875 0.0830078125 0.130859375
0 1.0 0.3408203125 0.0595703125 0.0673828125
0 0.8359375 0.201171875 0.1376953125 0.087890625
0 0.8193359375 0.2978515625 0.083984375 0.07421875
0 0.7421875 0.3037109375 0.072265625 0.0869140625
0 0.5048828125 0.2265625 0.1259765625 0.08203125
0 0.3193359375 0.31640625 0.068359375 0.1044921875
0 0.390625 0.3662109375 0.0810546875 0.107421875
0 0.2568359375 0.4296875 0.091796875 0.080078125
0 0.1728515625 0.25 0.0751953125 0.0830078125
0 0.3955078125 0.083984375 0.1025390625 0.080078125
0 0.369140625 0.697265625 0.0947265625 0.064453125
0 0.298828125 0.6171875 0.0419921875 0.052734375
