0 0.70703125 0.189453125 0.14453125 0.1123046875
0 0.2216796875 0.57421875 0.1171875 0.134765625
0 0.671875 0.8369140625 0.15234375 0.1025390625
0 0.3017578125 0.681640625 0.0869140625 0.0869140625
0 1.0 0.8916015625 0.1533203125 0.1416015625
0 0.5947265625 0.2421875 0.0849609375 0.1005859375
0 0.083984375 0.0478515625 0.083984375 0.046875
0 0.3642578125 0.4765625 0.107421875 0.1044921875
0 0.3916015625 0.38671875 0.162109375 0.1474609375
0 0.171875 0.2744140625 0.1044921875 0.0595703125
0 0.9970703125 0.3017578125 0.1201171875 0.08203125
0 0.466796875 0.9970703125 0.1044921875 0.0830078125
0 0.9248046875 0.904296875 0.1103515625 0.1025390625
