0 0.83984375 0.8095703125 0.080078125 0.1171875
0 0.6044921875 0.6845703125 0.09765625 0.0751953125
0 0.5048828125 0.494140625 0.095703125 0.080078125
0 0.564453125 0.4521484375 0.0771484375 0.0771484375
0 1.0 0.3369140625 0.052734375 0.0869140625
0 0.681640625 0.607421875 0.1171875 0.080078125
0 0.306640625 0.751953125 0.1474609375 0.0947265625
0 0.6142578125 0.9169921875 0.0673828125 0.1103515625
0 0.759765625 0.2021484375 0.1005859375 0.1328125
0 0.6044921875 0.3720703125 0.072265625 0.1474609375
0 0.4423828125 0.2099609375 0.1181640625 0.068359375
0 0.689453125 0.4345703125 0.125 0.1279296875
0 0.83203125 0.6298828125 0.080078125 0.09765625
0 0.859375 0.4716796875 0.072265625 0.07421875
0 0.5166015625 0.3466796875 0.064453125 0.0673828125
0 0.8798828125 0.2568359375 0.0576171875 0.072265625
0 1.0 0.154296875 0.052734375 0.0751953125
0 0.8369140625 0.197265625 0.072265625 0.087890625
0 0.9599609375 0.375 0.087890625 0.0625
0 0.994140625 0.458984375 0.0849609375 0.109375
0 0.8671875 0.5498046875 0.107421875 0.0654296875
0 0.7919921875 0.7041015625 0.0751953125 0.1044921875
0 0.7666015625 0.0498046875 0.072265625 0.0498046875
0 0.3271484375 0.994140625 0.0546875 0.13671875
0 0.7841796875 0.40234375 0.0673828125 0.0576171875
0 0.9970703125 0.0791015625 0.08984375 0.046875
0 0.8125 0.2265625 0.0703125 0.0625
0 0.689453125 0.279296875 0.0625 0.0625
0 0.4375 0.9765625 0.1083984375 0.126953125
0 0.4375 1.0 0.1025390625 0.1025390625
0 0.669921875 1.0 0.060546875 0.123046875
0 0.638671875 0.5537109375 0.0498046875 0.0830078125
