0 0.8974609375 0.5068359375 0.064453125 0.08984375
0 0.1640625 0.501953125 0.0654296875 0.1044921875
0 0.6650390625 0.1845703125 0.0859375 0.1181640625
0 0.96484375 0.08203125 0.068359375 0.08203125
0 0.6416015625 0.611328125 0.126953125 0.095703125
0 0.796875 0.779296875 0.09765625 0.08203125
0 0.365234375 0.2490234375 0.072265625 0.0654296875
0 0.533203125 0.205078125 0.0712890625 0.0732421875
0 0.2548828125 0.8203125 0.1123046875 0.0625
0 0.1416015625 0.1630859375 0.0986328125 0.095703125
0 0.2041015625 0.1162109375 0.0869140625 0.1162109375
0 0.5234375 0.3486328125 0.087890625 0.0439453125
0 0.35546875 0.1689453125 0.0537109375 0.0703125
0 0.37109375 0.9306640625 0.1220703125 0.0712890625
0 0.4130859375 0.6201171875 0.0751953125 0.0595703125
0 0.412109375 0.5771484375 0.0927734375 0.0498046875
0 0.484375 0.517578125 0.13671875 0.1328125
0 0.267578125 0.52734375 0.1162109375 0.0615234375
0 0.5341796875 0.2421875 0.0986328125 0.064453125
0 0.3876953125 0.1328125 0.0546875 0.09765625
0 0.224609375 0.2783203125 0.0771484375 0.0615234375
0 0.6337890625 0.4912109375 0.0751953125 0.0888671875
0 0.3134765625 0.646484375 0.1591796875 0.052734375
0 0.5966796875 0.5048828125 0.0595703125 0.0703125
0 0.337890625 0.08203125 0.095703125 0.072265625
0 0.951171875 0.154296875 0.0771484375 0.10546875
0 0.6435546875 0.9208984375 0.1123046875 0.060546875
0 0.2177734375 0.6005859375 0.056640625 0.0771484375
0 0.0732421875 0.4765625 0.0732421875 0.0478515625
0 0.37109375 0.998046875 0.06640625 0.0322265625
0 0.5439453125 0.169921875 0.0419921875 0.0712890625
0 0.783203125 0.2265625 0.076171875 0.0615234375
0 0.705078125 0.859375 0.060546875 0.05078125
0 0.44921875 0.890625 0.0498046875 0.0322265625
0 0.4677734375 0.2646484375 0.0859375 0.0439453125
0 0.8740234375 0.5703125 0.0576171875 0.0732421875
0 0.7412109375 0.9306640625 0.0712890625 0.0595703125
0 0.1474609375 0.556640625 0.099609375 0.046875
0 1.0 0.5390625 0.046875 0.0771484375
0 0.1005859375 0.4345703125 0.0517578125 0.052734375
0 0.5185546875 0.587890625 0.064453125 0.029296875
0 0.0732421875 0.8857421875 0.052734375 0.0419921875
0 0.7451171875 0.48046875 0.0498046875 0.05859375
0 0.41015625 0.4677734375 0.0771484375 0.0361328125
0 0.671875 0.875 0.060546875 0.044921875
0 0.326171875 0.5595703125 0.0546875 0.044921875
0 0.8662109375 0.0537109375 0.0546875 0.052734375
0 0.3564453125 0.8037109375 0.0546875 0.03515625
0 0.0537109375 0.5830078125 0.0537109375 0.0380859375
0 0.0439453125 0.90234375 0.04296875 0.0244140625
0 0.822265625 0.9404296875 0.064453125 0.0390625
0 0.615234375 0.435546875 0.083984375 0.0537109375
0 0.89453125 0.625 0.04296875 0.0673828125
0 0.62890625 0.998046875 0.0361328125 0.021484375
0 0.5625 0.048828125 0.0419921875 0.048828125
0 0.9052734375 0.9736328125 0.0576171875 0.052734375
0 0.1181640625 0.7177734375 0.037109375 0.0322265625
