0 0.5810546875 0.9892578125 0.0791015625 0.0791015625
0 0.548828125 0.310546875 0.0693359375 0.103515625
0 0.587890625 0.818359375 0.0751953125 0.0859375
0 0.990234375 0.810546875 0.044921875 0.0908203125
0 0.6943359375 0.2158203125 0.060546875 0.08984375
0 0.708984375 0.9208984375 0.072265625 0.10546875
0 0.1650390625 0.9169921875 0.080078125 0.11328125
0 0.40234375 0.5146484375 0.0517578125 0.0791015625
0 0.6357421875 0.3359375 0.0673828125 0.078125
0 0.306640625 0.296875 0.076171875 0.06640625
0 0.4140625 0.927734375 0.068359375 0.076171875
0 0.2421875 0.5419921875 0.1015625 0.046875
0 0.9609375 0.2158203125 0.0703125 0.16796875
0 0.052734375 0.9873046875 0.052734375 0.07421875
0 0.6318359375 0.9248046875 0.0654296875 0.068359375
0 0.921875 0.8359375 0.041015625 0.10546875
0 0.0498046875 0.4384765625 0.0498046875 0.1015625
0 0.4619140625 0.3046875 0.056640625 0.0703125
0 0.2900390625 0.361328125 0.0693359375 0.0537109375
0 0.865234375 0.2578125 0.056640625 0.0654296875
0 0.8916015625 0.1826171875 0.0546875 0.0927734375
0 0.72265625 0.5712890625 0.0947265625 0.1220703125
0 0.0205078125 0.0703125 0.0205078125 0.064453125
0 0.2841796875 1.0 0.0791015625 0.0634765625
0 0.7890625 0.5263671875 0.0478515625 0.0732421875
0 0.30078125 0.9111328125 0.0390625 0.060546875
0 0.19140625 0.474609375 0.0703125 0.0615234375
0 0.74609375 0.3359375 0.0361328125 0.0869140625
0 0.763671875 0.1220703125 0.0810546875 0.0439453125
0 0.048828125 0.5166015625 0.048828125 0.0595703125
0 0.6328125 0.259765625 0.0556640625 0.08984375
0 0.2958984375 0.263671875 0.05078125 0.0751953125
0 0.7421875 0.197265625 0.037109375 0.078125
0 0.4609375 0.9345703125 0.0576171875 0.0634765625
0 0.81640625 0.3837890625 0.0263671875 0.087890625
0 0.1083984375 0.62109375 0.052734375 0.05859375
0 0.84375 0.662109375 0.0625 0.0556640625
0 0.861328125 0.7724609375 0.0595703125 0.0625
0 0.0625 0.435546875 0.0322265625 0.0732421875
0 0.4912109375 0.3125 0.037109375 0.05859375
0 0.80859375 0.8212890625 0.0517578125 0.0595703125
0 0.7392578125 0.97265625 0.052734375 0.0361328125
0 0.1904296875 0.07421875 0.0361328125 0.044921875
0 0.3046875 0.1484375 0.0517578125 0.06640625
0 0.2939453125 0.642578125 0.0478515625 0.060546875
0 0.701171875 0.0927734375 0.076171875 0.0439453125
0 0.2275390625 0.9912109375 0.05859375 0.0439453125
0 0.4150390625 0.162109375 0.0458984375 0.07421875
0 0.7529296875 1.0 0.0478515625 0.0205078125
0 0.7275390625 0.4619140625 0.0400390625 0.0595703125
0 0.7451171875 0.859375 0.072265625 0.0341796875
0 0.818359375 0.28515625 0.0458984375 0.0654296875
0 1.0 0.4970703125 0.025390625 0.0693359375
0 0.7138671875 0.7333984375 0.0712890625 0.046875
0 0.2431640625 0.490234375 0.025390625 0.0517578125
0 0.6142578125 0.1689453125 0.060546875 0.033203125
0 0.673828125 0.615234375 0.0693359375 0.0380859375
0 0.919921875 0.94921875 0.0654296875 0.0556640625
0 0.8369140625 0.2939453125 0.046875 0.0712890625
0 0.7646484375 0.779296875 0.037109375 0.048828125
0 0.388671875 0.1591796875 0.05859375 0.044921875
0 0.74609375 0.8369140625 0.0283203125 0.0703125
0 0.90625 1.0 0.044921875 0.0205078125
0 0.91015625 0.8515625 0.08984375 0.046875
0 0.763671875 0.6005859375 0.0458984375 0.0341796875
0 0.611328125 0.6083984375 0.05078125 0.060546875
0 0.986328125 0.619140625 0.033203125 0.0341796875
0 0.474609375 0.388671875 0.0771484375 0.04296875
0 0.0751953125 0.80078125 0.0517578125 0.0322265625
0 0.73828125 0.5263671875 0.0283203125 0.0771484375
0 0.318359375 0.03125 0.033203125 0.03125
0 0.0380859375 0.9423828125 0.0380859375 0.0458984375
0 0.396484375 0.0966796875 0.166015625 0.0390625
0 0.3095703125 0.1171875 0.1494140625 0.068359375
0 0.4521484375 0.79296875 0.0634765625 0.052734375
0 0.3369140625 1.0 0.046875 0.013671875
0 0.2080078125 1.0 0.0517578125 0.0146484375
0 0.205078125 0.80859375 0.1259765625 0.1220703125
0 0.1845703125 0.7978515625 0.099609375 0.0751953125
0 0.3525390625 0.8046875 0.0703125 0.095703125
0 0.3505859375 0.787109375 0.1298828125 0.0556640625
0 0.3154296875 0.7548828125 0.0869140625 0.0625
0 0.2490234375 0.7919921875 0.0703125 0.0693359375
0 0.328125 0.73046875 0.046875 0.041015625
0 0.841796875 0.0419921875 0.072265625 0.0419921875
