0 0.525390625 0.208984375 0.17578125 0.1025390625
0 0.525390625 0.123046875 0.1416015625 0.0830078125
0 0.8564453125 0.09375 0.1015625 0.09375
0 1.0 0.05859375 0.0517578125 0.05859375
0 0.662109375 0.55859375 0.1015625 0.12109375
0 0.7646484375 0.2978515625 0.1162109375 0.1015625
0 0.466796875 0.3857421875 0.1123046875 0.09375
0 0.2626953125 0.3818359375 0.15234375 0.091796875
0 0.27734375 0.283203125 0.1396484375 0.10546875
0 0.126953125 0.6083984375 0.1015625 0.1455078125
0 0.216796875 0.8779296875 0.201171875 0.1279296875
0 0.5869140625 0.8974609375 0.2109375 0.1103515625
0 1.0 0.34765625 0.03125 0.1015625
0 0.9228515625 0.8623046875 0.0888671875 0.130859375
0 0.7939453125 0.837890625 0.099609375 0.1103515625
0 0.8271484375 0.6728515625 0.1376953125 0.12890625
0 0.953125 0.1845703125 0.0859375 0.0849609375
0 0.1279296875 0.341796875 0.09375 0.0947265625
0 0.052734375 0.3857421875 0.052734375 0.107421875
0 0.6962890625 0.896484375 0.1220703125 0.080078125
0 0.6474609375 1.0 0.0673828125 0.05859375
0 0.8427734375 0.5517578125 0.064453125 0.087890625
0 0.9462890625 0.58984375 0.0791015625 0.083984375
0 1.0 0.68359375 0.06640625 0.0693359375
0 0.9755859375 0.427734375 0.06640625 0.06640625
