0 0.98046875 0.9462890625 0.0859375 0.1728515625
0 0.90234375 0.7685546875 0.0625 0.0908203125
0 0.7685546875 1.0 0.0771484375 0.1044921875
0 0.6181640625 1.0 0.0771484375 0.07421875
0 0.9970703125 0.451171875 0.0634765625 0.068359375
0 0.740234375 0.087890625 0.0859375 0.083984375
0 0.6171875 0.3193359375 0.1474609375 0.140625
0 0.625 0.3076171875 0.1162109375 0.1171875
0 0.400390625 0.4130859375 0.0693359375 0.1689453125
0 0.4765625 0.427734375 0.056640625 0.072265625
0 0.4462890625 0.5751953125 0.1064453125 0.173828125
0 0.34375 0.26171875 0.169921875 0.169921875
0 0.2255859375 0.2939453125 0.1025390625 0.28125
0 0.3076171875 0.537109375 0.095703125 0.1396484375
0 0.2490234375 0.5537109375 0.11328125 0.232421875
0 0.2333984375 0.615234375 0.0771484375 0.1044921875
0 0.166015625 0.4580078125 0.07421875 0.107421875
0 0.1650390625 0.5087890625 0.130859375 0.0908203125
0 0.2275390625 0.802734375 0.08203125 0.095703125
0 0.3388671875 0.91796875 0.0888671875 0.150390625
0 0.1064453125 0.6787109375 0.0888671875 0.09375
0 0.0703125 0.59375 0.0703125 0.1064453125
0 0.9306640625 0.095703125 0.07421875 0.095703125
0 0.1611328125 0.0634765625 0.1171875 0.0625
0 0.4248046875 0.3671875 0.072265625 0.1748046875
0 0.67578125 0.3193359375 0.06640625 0.0439453125
0 0.033203125 0.5009765625 0.033203125 0.11328125
0 0.2412109375 0.216796875 0.140625 0.0947265625
0 0.1328125 0.1220703125 0.02734375 0.064453125
0 0.0869140625 0.6923828125 0.05078125 0.06640625
