0 0.056640625 0.5078125 0.056640625 0.103515625
0 0.09765625 0.3671875 0.0732421875 0.1044921875
0 0.2724609375 0.34375 0.1123046875 0.0458984375
0 0.21875 0.2880859375 0.07421875 0.0439453125
0 0.2041015625 0.2509765625 0.0732421875 0.037109375
0 0.1474609375 0.1494140625 0.0966796875 0.1181640625
0 0.1064453125 0.0361328125 0.06640625 0.0361328125
0 0.3232421875 0.056640625 0.0546875 0.03515625
0 0.4228515625 0.08984375 0.06640625 0.0634765625
0 0.4990234375 0.091796875 0.0654296875 0.0478515625
0 0.513671875 0.15234375 0.119140625 0.0439453125
0 0.4658203125 0.2080078125 0.1201171875 0.052734375
0 0.517578125 0.2099609375 0.091796875 0.0634765625
0 0.8427734375 0.1591796875 0.07421875 0.05859375
0 0.833984375 0.0712890625 0.056640625 0.0712890625
0 0.974609375 0.1162109375 0.107421875 0.087890625
0 0.810546875 0.294921875 0.0654296875 0.060546875
0 0.8828125 0.3173828125 0.0546875 0.0556640625
0 1.0 0.294921875 0.0400390625 0.1298828125
0 0.4150390625 0.2919921875 0.091796875 0.0400390625
0 0.4619140625 0.255859375 0.0654296875 0.041015625
0 0.5830078125 0.3486328125 0.0869140625 0.07421875
0 0.6826171875 0.37109375 0.107421875 0.068359375
0 0.4150390625 0.3359375 0.0615234375 0.0517578125
0 0.3564453125 0.3349609375 0.0771484375 0.041015625
0 0.26171875 0.47265625 0.0615234375 0.0830078125
0 0.400390625 0.4658203125 0.05859375 0.0732421875
0 0.5244140625 0.5478515625 0.119140625 0.0634765625
0 0.5546875 0.5078125 0.0615234375 0.052734375
0 0.7548828125 0.6044921875 0.1083984375 0.060546875
0 0.7197265625 0.5439453125 0.0634765625 0.0517578125
0 0.845703125 0.5029296875 0.0625 0.10546875
0 0.9873046875 0.4501953125 0.1376953125 0.0654296875
0 1.0 0.4619140625 0.0390625 0.1103515625
0 1.0 0.5634765625 0.076171875 0.0654296875
0 1.0 0.662109375 0.0517578125 0.048828125
0 0.9365234375 0.751953125 0.087890625 0.05078125
0 1.0 0.76171875 0.083984375 0.044921875
0 0.6845703125 0.806640625 0.1015625 0.0625
0 0.2265625 0.7587890625 0.05859375 0.05078125
0 0.3212890625 0.669921875 0.0849609375 0.0654296875
0 0.3603515625 0.6533203125 0.1044921875 0.06640625
0 0.3173828125 0.5986328125 0.083984375 0.0615234375
0 0.083984375 0.7509765625 0.083984375 0.060546875
0 0.3876953125 0.76953125 0.1494140625 0.0537109375
0 0.8876953125 0.802734375 0.060546875 0.05078125
0 0.9453125 0.8310546875 0.0654296875 0.060546875
0 1.0 0.9375 0.0732421875 0.0888671875
0 0.892578125 0.9130859375 0.11328125 0.0625
0 0.953125 0.9619140625 0.111328125 0.052734375
0 0.8603515625 0.9853515625 0.0771484375 0.0732421875
0 0.6484375 0.921875 0.080078125 0.0751953125
0 0.6337890625 0.95703125 0.064453125 0.0673828125
0 0.76171875 0.9990234375 0.1416015625 0.0693359375
0 0.7109375 0.9990234375 0.1748046875 0.05078125
0 0.25 0.9052734375 0.109375 0.05078125
0 0.205078125 0.9296875 0.0419921875 0.0458984375
0 0.22265625 0.9873046875 0.046875 0.044921875
0 0.42578125 0.916015625 0.064453125 0.05078125
0 0.529296875 0.76171875 0.0771484375 0.0615234375
