0 0.23828125 0.095703125 0.0927734375 0.095703125
0 0.1123046875 0.1875 0.1123046875 0.078125
0 0.0263671875 0.81640625 0.0263671875 0.06640625
0 0.0888671875 0.9560546875 0.0888671875 0.0576171875
0 0.0673828125 0.99609375 0.0673828125 0.0380859375
0 0.1943359375 1.0 0.060546875 0.0546875
0 0.302734375 0.8759765625 0.072265625 0.091796875
0 0.2685546875 0.9384765625 0.0771484375 0.0791015625
0 0.3671875 0.931640625 0.0595703125 0.0654296875
0 0.3212890625 0.998046875 0.0556640625 0.056640625
0 0.162109375 0.6162109375 0.0498046875 0.0751953125
0 0.103515625 0.5654296875 0.0341796875 0.0732421875
0 0.3125 0.51171875 0.08984375 0.0732421875
0 0.271484375 0.40234375 0.0810546875 0.0556640625
0 0.25 0.4326171875 0.126953125 0.0576171875
0 0.208984375 0.365234375 0.1357421875 0.0712890625
0 0.2646484375 0.3388671875 0.056640625 0.0556640625
0 0.310546875 0.33984375 0.0576171875 0.0859375
0 0.076171875 0.2900390625 0.076171875 0.0498046875
0 0.68359375 0.12890625 0.0732421875 0.0703125
0 0.7158203125 0.2197265625 0.115234375 0.0654296875
0 0.97265625 0.1328125 0.083984375 0.1044921875
0 0.958984375 0.23046875 0.072265625 0.07421875
0 0.875 0.3828125 0.07421875 0.078125
0 0.869140625 0.4482421875 0.060546875 0.0888671875
0 0.9462890625 0.3857421875 0.0595703125 0.068359375
0 0.94921875 0.31640625 0.0625 0.0830078125
0 0.9619140625 0.4208984375 0.0634765625 0.0576171875
0 0.93359375 0.4658203125 0.0625 0.0556640625
0 0.4921875 0.4375 0.064453125 0.0966796875
0 0.4189453125 0.283203125 0.1025390625 0.0458984375
0 0.4462890625 0.3623046875 0.0712890625 0.0859375
0 0.478515625 0.306640625 0.060546875 0.0615234375
0 0.58984375 0.4658203125 0.1025390625 0.0732421875
0 0.5693359375 0.55859375 0.091796875 0.0625
0 0.576171875 0.6328125 0.1103515625 0.0693359375
0 0.435546875 0.73046875 0.076171875 0.07421875
0 0.578125 0.83984375 0.099609375 0.1181640625
0 0.5546875 0.9130859375 0.095703125 0.1044921875
0 0.6279296875 0.8671875 0.0625 0.0732421875
0 0.7841796875 0.71875 0.076171875 0.0810546875
0 0.9052734375 0.6630859375 0.0556640625 0.0546875
0 0.9716796875 0.6630859375 0.0810546875 0.0556640625
0 0.994140625 0.60546875 0.0849609375 0.1044921875
0 0.953125 0.859375 0.0751953125 0.0751953125
0 1.0 0.90625 0.0556640625 0.103515625
0 0.958984375 0.9287109375 0.052734375 0.0732421875
0 1.0 1.0 0.0810546875 0.083984375
0 0.84375 0.9404296875 0.052734375 0.0615234375
