0 0.1083984375 0.34375 0.060546875 0.1064453125
0 0.3740234375 0.078125 0.0634765625 0.078125
0 0.3671875 0.455078125 0.0654296875 0.0810546875
0 0.4892578125 0.16796875 0.0634765625 0.083984375
0 0.259765625 0.5419921875 0.064453125 0.103515625
0 0.208984375 0.5478515625 0.0576171875 0.0751953125
0 0.3369140625 0.6259765625 0.0498046875 0.095703125
0 0.0859375 0.05859375 0.0595703125 0.05859375
0 0.5732421875 0.2685546875 0.0439453125 0.08203125
0 0.6591796875 0.599609375 0.0908203125 0.091796875
0 0.20703125 0.9326171875 0.044921875 0.0888671875
0 0.5732421875 0.974609375 0.0546875 0.111328125
0 0.3486328125 0.998046875 0.0341796875 0.0927734375
0 0.1728515625 1.0 0.0302734375 0.0546875
0 0.7197265625 0.6572265625 0.0390625 0.0732421875
0 0.5537109375 0.6171875 0.0302734375 0.0859375
0 0.611328125 0.2578125 0.02734375 0.0888671875
0 0.7119140625 0.830078125 0.0390625 0.072265625
0 0.705078125 0.23046875 0.0537109375 0.1015625
0 0.8505859375 1.0 0.072265625 0.0615234375
0 0.1953125 0.1083984375 0.09765625 0.1015625
0 0.158203125 0.314453125 0.0693359375 0.1005859375
0 0.94140625 0.94921875 0.064453125 0.150390625
0 0.1123046875 0.71484375 0.1123046875 0.0556640625
0 0.6806640625 0.8330078125 0.0615234375 0.076171875
0 0.884765625 0.7451171875 0.0576171875 0.076171875
0 0.9404296875 0.453125 0.0419921875 0.060546875
0 0.8076171875 0.33984375 0.037109375 0.0830078125
0 0.4111328125 0.279296875 0.0634765625 0.1494140625
0 0.23828125 0.2685546875 0.1064453125 0.103515625
0 0.0615234375 0.1865234375 0.0615234375 0.0673828125
0 0.421875 0.4208984375 0.041015625 0.0693359375
0 0.51953125 0.96484375 0.064453125 0.07421875
0 0.6396484375 0.2822265625 0.0322265625 0.076171875
0 0.5478515625 0.7158203125 0.0537109375 0.0654296875
0 0.86328125 0.3046875 0.0625 0.0810546875
0 0.4521484375 0.427734375 0.0361328125 0.1064453125
0 0.748046875 0.431640625 0.0556640625 0.0927734375
0 0.865234375 0.9658203125 0.0458984375 0.1259765625
0 0.2060546875 0.7470703125 0.0595703125 0.0908203125
0 0.12109375 0.52734375 0.1064453125 0.1640625
0 0.6552734375 1.0 0.0703125 0.0439453125
0 0.9560546875 0.3857421875 0.0458984375 0.0859375
0 0.58984375 0.1884765625 0.056640625 0.0634765625
0 0.7587890625 0.1650390625 0.0634765625 0.0537109375
0 0.35546875 0.73828125 0.048828125 0.0478515625
0 0.96484375 0.7529296875 0.0517578125 0.0322265625
0 0.8955078125 0.349609375 0.0615234375 0.0625
0 0.6259765625 0.1259765625 0.0400390625 0.0693359375
0 0.486328125 0.61328125 0.0576171875 0.0791015625
0 0.208984375 0.7822265625 0.05078125 0.068359375
0 0.623046875 0.0537109375 0.02734375 0.0537109375
0 0.09375 0.7958984375 0.0419921875 0.060546875
0 0.091796875 0.7490234375 0.091796875 0.048828125
0 0.8779296875 0.4326171875 0.0400390625 0.048828125
0 0.2763671875 0.986328125 0.083984375 0.0361328125
0 0.7001953125 0.7607421875 0.056640625 0.0908203125
0 0.9697265625 0.1171875 0.05859375 0.060546875
0 0.5546875 0.828125 0.0458984375 0.07421875
0 0.783203125 0.826171875 0.044921875 0.0537109375
0 0.6376953125 0.498046875 0.0439453125 0.052734375
0 1.0 0.9609375 0.044921875 0.064453125
0 0.7548828125 0.4443359375 0.04296875 0.0615234375
0 0.4228515625 0.681640625 0.0947265625 0.0986328125
0 0.1376953125 1.0 0.060546875 0.037109375
0 0.6953125 0.986328125 0.0615234375 0.048828125
0 0.2353515625 1.0 0.0517578125 0.0322265625
0 0.9873046875 0.6669921875 0.0419921875 0.0439453125
0 0.662109375 0.650390625 0.0517578125 0.0517578125
0 0.806640625 0.76171875 0.0400390625 0.0390625
0 0.6328125 0.052734375 0.029296875 0.052734375
0 0.6279296875 0.833984375 0.0390625 0.0419921875
0 0.20341796875 0.2859375 0.0556640625 0.068359375
0 0.921875 1.0 0.0537109375 0.033203125
0 0.13671875 0.435546875 0.0341796875 0.05078125
0 0.4140625 0.08984375 0.041015625 0.078125
0 0.8046875 0.0244140625 0.037109375 0.0244140625
0 0.8486328125 0.0107421875 0.0234375 0.0107421875
0 1.0 0.650390625 0.0185546875 0.0771484375
0 0.9765625 0.8447265625 0.0751953125 0.0615234375
0 0.978515625 0.814453125 0.0478515625 0.0439453125
