0 0.046875 0.5146484375 0.046875 0.0576171875
0 0.0791015625 0.580078125 0.0791015625 0.0693359375
0 0.1328125 0.4267578125 0.1005859375 0.0595703125
0 0.125 0.3740234375 0.0712890625 0.0849609375
0 0.1904296875 0.4931640625 0.0693359375 0.09765625
0 0.1787109375 0.7001953125 0.05859375 0.1416015625
0 0.0625 0.806640625 0.0625 0.1064453125
0 0.318359375 0.916015625 0.0810546875 0.0791015625
0 0.2734375 0.876953125 0.0693359375 0.072265625
0 0.2421875 0.8056640625 0.0751953125 0.0869140625
0 0.173828125 0.765625 0.06640625 0.060546875
0 0.3818359375 0.7177734375 0.1015625 0.0634765625
0 0.5400390625 0.892578125 0.0625 0.0888671875
0 0.443359375 0.89453125 0.072265625 0.076171875
0 0.9853515625 1.0 0.0517578125 0.0458984375
0 0.7431640625 0.9794921875 0.083984375 0.16796875
0 0.9326171875 0.96875 0.0625 0.0693359375
0 0.921875 0.66796875 0.0703125 0.046875
0 0.83984375 0.7490234375 0.064453125 0.0888671875
0 0.8134765625 0.6787109375 0.091796875 0.10546875
0 0.7412109375 0.6416015625 0.07421875 0.0791015625
0 0.982421875 0.59375 0.087890625 0.1142578125
0 1.0 0.4794921875 0.0732421875 0.1513671875
0 0.6650390625 0.443359375 0.060546875 0.08203125
0 0.892578125 0.51171875 0.0634765625 0.0673828125
0 0.515625 0.4873046875 0.0830078125 0.0576171875
0 0.3671875 0.599609375 0.09765625 0.0908203125
0 0.2734375 0.51953125 0.0693359375 0.1162109375
0 0.4755859375 0.701171875 0.09765625 0.0810546875
0 0.939453125 0.3447265625 0.056640625 0.1513671875
0 0.8310546875 0.4169921875 0.0537109375 0.078125
0 0.33984375 0.453125 0.0556640625 0.0595703125
0 0.8330078125 0.51953125 0.0546875 0.1005859375
0 0.271484375 0.7001953125 0.056640625 0.052734375
0 0.783203125 0.4501953125 0.064453125 0.080078125
0 1.0 0.8857421875 0.056640625 0.0712890625
0 0.0458984375 0.8759765625 0.0458984375 0.0732421875
0 0.314453125 0.7802734375 0.08984375 0.0751953125
0 0.673828125 0.4990234375 0.07421875 0.060546875
0 0.796875 0.5322265625 0.080078125 0.07421875
0 0.767578125 0.9296875 0.0439453125 0.04296875
0 0.66796875 0.9560546875 0.0673828125 0.06640625
0 0.4462890625 0.76171875 0.107421875 0.060546875
0 0.212890625 0.7412109375 0.056640625 0.05078125
0 0.1904296875 0.408203125 0.041015625 0.03515625
0 0.087890625 0.5068359375 0.048828125 0.0439453125
0 0.537109375 0.6083984375 0.0439453125 0.037109375
0 0.3671875 0.37890625 0.0419921875 0.04296875
0 0.2998046875 0.4169921875 0.03515625 0.03125
0 0.357421875 0.4970703125 0.048828125 0.056640625
0 1.0 0.7666015625 0.0576171875 0.052734375
0 0.7890625 0.58984375 0.060546875 0.052734375
0 0.8447265625 0.6630859375 0.044921875 0.0498046875
0 0.89453125 0.64453125 0.0537109375 0.04296875
