0 0.421875 0.51953125 0.13671875 0.0751953125
0 0.7744140625 0.9794921875 0.14453125 0.1123046875
0 0.537109375 0.029296875 0.115234375 0.029296875
0 0.4599609375 0.359375 0.125 0.072265625
0 0.373046875 0.61328125 0.08984375 0.078125
0 0.3994140625 0.8974609375 0.09765625 0.078125
0 0.572265625 0.419921875 0.1279296875 0.0654296875
0 0.447265625 0.5791015625 0.1005859375 0.0625
0 0.50390625 0.2490234375 0.150390625 0.0771484375
0 0.7890625 0.8369140625 0.1396484375 0.0703125
0 0.537109375 0.6796875 0.1396484375 0.080078125
0 0.1220703125 0.662109375 0.080078125 0.0771484375
0 0.2841796875 0.341796875 0.1201171875 0.072265625
0 0.82421875 0.2041015625 0.1318359375 0.056640625
0 0.5546875 0.58984375 0.1123046875 0.060546875
0 0.654296875 0.6572265625 0.1201171875 0.0673828125
0 0.1875 0.1083984375 0.095703125 0.048828125
0 0.8046875 0.779296875 0.1279296875 0.1025390625
0 0.814453125 0.4267578125 0.125 0.072265625
0 0.126953125 0.39453125 0.08984375 0.0576171875
0 0.1220703125 0.5673828125 0.0927734375 0.0830078125
0 0.2724609375 0.3994140625 0.0849609375 0.0771484375
0 0.671875 0.7470703125 0.1044921875 0.0703125
0 0.7421875 0.587890625 0.115234375 0.0673828125
0 0.091796875 0.7919921875 0.091796875 0.072265625
0 0.5166015625 0.3369140625 0.07421875 0.044921875
0 0.8974609375 0.0498046875 0.1455078125 0.0498046875
0 0.439453125 0.1875 0.1796875 0.0625
0 0.8642578125 0.681640625 0.1474609375 0.1025390625
0 0.6474609375 0.3369140625 0.1328125 0.0849609375
0 0.5771484375 0.2666015625 0.107421875 0.0693359375
0 0.931640625 0.619140625 0.2099609375 0.1044921875
0 0.8818359375 0.109375 0.1396484375 0.044921875
0 0.0322265625 0.6572265625 0.0322265625 0.0751953125
0 0.9921875 0.08984375 0.1904296875 0.0732421875
0 0.7470703125 0.1767578125 0.1103515625 0.0751953125
0 0.841796875 0.154296875 0.1318359375 0.0419921875
0 0.8994140625 0.27734375 0.126953125 0.052734375
0 0.9873046875 0.3017578125 0.1103515625 0.09765625
0 0.76953125 0.3173828125 0.0849609375 0.044921875
0 0.9794921875 0.4072265625 0.1328125 0.072265625
0 0.71484375 0.4873046875 0.1025390625 0.052734375
0 0.58984375 0.4599609375 0.1376953125 0.060546875
0 0.83984375 0.51171875 0.1279296875 0.044921875
0 0.607421875 0.5791015625 0.0625 0.056640625
0 1.0 0.546875 0.11328125 0.0771484375
0 0.3369140625 1.0 0.1298828125 0.0849609375
0 0.5537109375 0.7998046875 0.0732421875 0.046875
