0 0.947265625 0.6943359375 0.1025390625 0.072265625
0 0.966796875 0.8173828125 0.0849609375 0.080078125
0 1.0 0.599609375 0.0703125 0.0830078125
0 0.181640625 0.697265625 0.0869140625 0.0927734375
0 0.669921875 0.5146484375 0.0908203125 0.09765625
0 0.1796875 0.4765625 0.087890625 0.091796875
0 0.591796875 1.0 0.08203125 0.0732421875
0 0.115234375 1.0 0.072265625 0.0458984375
0 0.3916015625 0.0966796875 0.064453125 0.0791015625
0 0.529296875 0.2646484375 0.109375 0.125
0 0.5224609375 0.5947265625 0.0908203125 0.0654296875
0 0.232421875 0.3798828125 0.080078125 0.107421875
0 0.375 0.904296875 0.0908203125 0.0673828125
0 0.8095703125 0.376953125 0.1123046875 0.1552734375
0 0.1640625 0.875 0.09375 0.09765625
0 0.7890625 0.2119140625 0.072265625 0.099609375
0 0.83203125 0.5693359375 0.080078125 0.0869140625
0 0.8974609375 0.4248046875 0.0927734375 0.095703125
0 0.8544921875 0.6796875 0.080078125 0.0927734375
0 0.51953125 0.51953125 0.072265625 0.087890625
0 0.3798828125 0.8291015625 0.0732421875 0.072265625
0 0.068359375 0.08203125 0.060546875 0.080078125
0 0.6259765625 0.1064453125 0.0634765625 0.091796875
0 0.6220703125 0.849609375 0.09765625 0.08984375
0 0.3271484375 0.244140625 0.15234375 0.08203125
0 0.880859375 0.9990234375 0.140625 0.0927734375
0 0.3935546875 0.9970703125 0.0927734375 0.0771484375
0 0.306640625 0.55859375 0.0712890625 0.060546875
0 0.9091796875 0.1396484375 0.0712890625 0.0771484375
0 1.0 0.4091796875 0.0830078125 0.1318359375
0 0.5244140625 0.13671875 0.080078125 0.08984375
0 0.2392578125 0.1640625 0.080078125 0.0849609375
0 0.1455078125 0.060546875 0.0615234375 0.060546875
0 0.3916015625 0.7197265625 0.0869140625 0.0830078125
0 0.1171875 0.3193359375 0.1123046875 0.1171875
0 0.8173828125 0.099609375 0.0927734375 0.09765625
0 0.0771484375 0.7197265625 0.0751953125 0.0830078125
