0 0.5517578125 0.2666015625 0.0654296875 0.0869140625
0 0.6826171875 0.2314453125 0.0673828125 0.0869140625
0 0.3310546875 0.3037109375 0.1005859375 0.05859375
0 0.556640625 0.326171875 0.07421875 0.0888671875
0 0.619140625 0.984375 0.08203125 0.0517578125
0 0.3486328125 0.212890625 0.078125 0.0556640625
0 0.087890625 0.837890625 0.048828125 0.0703125
0 0.677734375 0.7529296875 0.0712890625 0.05078125
0 0.7119140625 0.2958984375 0.0654296875 0.0693359375
0 0.490234375 0.322265625 0.0810546875 0.06640625
0 0.0966796875 0.4931640625 0.0625 0.05859375
0 0.015625 0.3583984375 0.015625 0.072265625
0 0.5537109375 0.80859375 0.080078125 0.0556640625
0 0.1572265625 0.16796875 0.080078125 0.0830078125
0 0.2783203125 0.2294921875 0.1064453125 0.048828125
0 0.3818359375 0.263671875 0.0810546875 0.0517578125
0 0.3662109375 0.2861328125 0.076171875 0.046875
0 0.4677734375 0.3564453125 0.0546875 0.03515625
0 0.4970703125 0.0234375 0.0947265625 0.0234375
0 0.166015625 0.4013671875 0.107421875 0.052734375
0 0.4384765625 0.431640625 0.0859375 0.0390625
0 0.306640625 0.4287109375 0.0791015625 0.0361328125
0 0.79296875 0.8271484375 0.130859375 0.0439453125
0 0.6943359375 0.6748046875 0.11328125 0.0673828125
0 0.2373046875 0.2900390625 0.0869140625 0.0517578125
0 0.216796875 0.822265625 0.0263671875 0.1064453125
0 0.865234375 0.5625 0.0537109375 0.04296875
0 0.333984375 0.0478515625 0.048828125 0.0458984375
0 0.537109375 0.6298828125 0.0693359375 0.037109375
0 0.4443359375 0.8720703125 0.0478515625 0.08203125
0 0.1171875 0.43359375 0.1103515625 0.0517578125
0 0.927734375 0.31640625 0.072265625 0.048828125
0 0.7685546875 0.0234375 0.05078125 0.021484375
0 0.1474609375 0.6796875 0.0576171875 0.0322265625
0 0.69140625 0.5751953125 0.05859375 0.0263671875
0 0.099609375 0.8896484375 0.0986328125 0.048828125
0 0.927734375 0.701171875 0.060546875 0.0244140625
0 0.47265625 0.5244140625 0.052734375 0.044921875
0 0.73046875 0.9541015625 0.0478515625 0.06640625
0 0.8447265625 0.2236328125 0.0556640625 0.0615234375
0 0.58984375 0.552734375 0.048828125 0.04296875
0 0.5771484375 0.4248046875 0.083984375 0.0634765625
0 0.7119140625 0.9609375 0.0791015625 0.05078125
0 0.837890625 0.4130859375 0.0400390625 0.0576171875
0 0.6015625 0.8935546875 0.0751953125 0.0517578125
0 0.9130859375 0.052734375 0.0537109375 0.0517578125
0 0.0830078125 0.765625 0.0830078125 0.044921875
0 0.7431640625 0.8974609375 0.076171875 0.0302734375
0 0.224609375 0.708984375 0.033203125 0.0771484375
0 0.0791015625 0.5810546875 0.05859375 0.03125
0 0.384765625 0.3984375 0.04296875 0.0546875
0 0.80859375 0.5087890625 0.0361328125 0.0546875
0 0.8251953125 0.3984375 0.115234375 0.0751953125
0 0.943359375 0.08984375 0.0654296875 0.0419921875
0 0.5146484375 0.5986328125 0.0537109375 0.0419921875
0 0.1220703125 0.654296875 0.076171875 0.0185546875
0 0.8359375 0.6396484375 0.025390625 0.0537109375
0 0.4482421875 0.0927734375 0.080078125 0.046875
0 1.0 0.994140625 0.052734375 0.0498046875
0 0.78515625 0.318359375 0.046875 0.0185546875
0 0.3984375 0.935546875 0.1142578125 0.0556640625
0 0.4453125 0.0439453125 0.0634765625 0.0439453125
0 0.0908203125 0.7294921875 0.0908203125 0.0537109375
0 0.75 0.1005859375 0.0341796875 0.044921875
0 0.1728515625 0.96875 0.05859375 0.041015625
0 0.451171875 0.919921875 0.044921875 0.0283203125
0 0.4150390625 1.0 0.0380859375 0.01953125
0 0.384765625 0.9833984375 0.0361328125 0.0595703125
0 0.9541015625 0.9228515625 0.0556640625 0.0546875
0 1.0 0.8994140625 0.0439453125 0.0380859375
0 0.4677734375 0.6845703125 0.0615234375 0.0439453125
0 0.96875 0.3203125 0.0595703125 0.0380859375
0 0.7509765625 0.26953125 0.064453125 0.0244140625
0 0.1201171875 0.0498046875 0.099609375 0.0498046875
0 0.17578125 0.0693359375 0.091796875 0.0498046875
0 0.2421875 0.728515625 0.0224609375 0.048828125
0 0.09375 0.6318359375 0.0517578125 0.041015625
0 0.494140625 0.2568359375 0.0869140625 0.0419921875
0 0.5576171875 0.60546875 0.0478515625 0.056640625
0 0.494140625 0.234375 0.044921875 0.037109375
0 0.466796875 0.76171875 0.056640625 0.041015625
0 0.232421875 0.9990234375 0.048828125 0.0390625
