0 0.421875 0.4091796875 0.134765625 0.0849609375
0 0.7998046875 0.6416015625 0.09765625 0.0791015625
0 0.58203125 0.556640625 0.0703125 0.080078125
0 0.9970703125 0.4375 0.1298828125 0.0751953125
0 0.04296875 0.529296875 0.04296875 0.0849609375
0 0.314453125 0.70703125 0.09765625 0.16015625
0 0.9091796875 0.654296875 0.0693359375 0.08984375
0 0.3046875 0.8046875 0.0830078125 0.1005859375
0 0.3671875 0.2724609375 0.0654296875 0.095703125
0 1.0 0.52734375 0.0625 0.0830078125
0 0.9287109375 0.0810546875 0.0947265625 0.0673828125
0 0.2890625 0.234375 0.0546875 0.0595703125
0 0.119140625 0.197265625 0.0771484375 0.078125
0 0.6142578125 0.734375 0.0849609375 0.0927734375
0 1.0 0.6845703125 0.0302734375 0.1396484375
0 0.4345703125 0.1943359375 0.0927734375 0.072265625
0 0.6103515625 0.7880859375 0.078125 0.0830078125
0 0.1396484375 0.13671875 0.0546875 0.07421875
0 0.037109375 0.369140625 0.03515625 0.1494140625
0 0.0390625 0.6640625 0.0390625 0.078125
0 0.0947265625 0.849609375 0.0673828125 0.0771484375
0 0.4072265625 1.0 0.0849609375 0.095703125
0 0.4892578125 1.0 0.080078125 0.1103515625
0 0.5517578125 0.95703125 0.1171875 0.08203125
0 0.716796875 1.0 0.0771484375 0.095703125
