0 0.953125 0.107421875 0.0810546875 0.0654296875
0 0.6298828125 0.9970703125 0.1279296875 0.0751953125
0 1.0 0.2724609375 0.076171875 0.1171875
0 1.0 0.8466796875 0.0732421875 0.072265625
0 0.865234375 0.119140625 0.0869140625 0.064453125
0 0.3623046875 0.0595703125 0.080078125 0.0576171875
0 0.9521484375 0.9697265625 0.0830078125 0.0751953125
0 0.1669921875 0.6142578125 0.1298828125 0.1572265625
0 0.3173828125 0.634765625 0.0673828125 0.0751953125
0 0.4521484375 0.5595703125 0.072265625 0.1123046875
0 0.2568359375 0.8544921875 0.1298828125 0.080078125
0 0.849609375 0.8671875 0.0576171875 0.142578125
0 0.9091796875 0.369140625 0.08203125 0.0849609375
0 0.8369140625 0.572265625 0.064453125 0.080078125
0 0.9521484375 0.806640625 0.0830078125 0.0869140625
0 0.375 0.9248046875 0.087890625 0.1181640625
0 0.2216796875 0.9130859375 0.0771484375 0.078125
0 0.7392578125 0.375 0.099609375 0.0751953125
