0 0.7421875 0.8291015625 0.072265625 0.0693359375
0 0.4619140625 0.189453125 0.0947265625 0.0927734375
0 0.689453125 0.505859375 0.0771484375 0.09765625
0 0.572265625 0.056640625 0.0927734375 0.056640625
0 0.501953125 0.3671875 0.08984375 0.09765625
0 0.6123046875 0.2763671875 0.0703125 0.08984375
0 0.6142578125 0.65234375 0.08984375 0.078125
0 0.4912109375 0.9013671875 0.0703125 0.0849609375
0 0.791015625 0.9853515625 0.119140625 0.0576171875
0 0.7666015625 0.6767578125 0.091796875 0.0576171875
0 0.4970703125 0.279296875 0.0849609375 0.0869140625
0 0.33203125 0.134765625 0.08203125 0.10546875
0 0.4140625 0.4599609375 0.125 0.1201171875
0 0.7197265625 0.154296875 0.1123046875 0.072265625
0 0.5595703125 0.5517578125 0.099609375 0.0849609375
0 0.7822265625 0.912109375 0.0830078125 0.0947265625
0 0.626953125 0.8798828125 0.0751953125 0.087890625
0 0.375 0.1875 0.115234375 0.09765625
0 0.595703125 0.23828125 0.0771484375 0.068359375
0 0.6875 0.9248046875 0.078125 0.0732421875
0 0.6171875 0.9716796875 0.0625 0.080078125
0 0.43359375 0.998046875 0.0439453125 0.08203125
0 0.5947265625 1.0 0.072265625 0.078125
0 0.38671875 0.578125 0.0625 0.068359375
0 0.6513671875 0.21484375 0.064453125 0.0625
