0 0.560546875 0.26171875 0.1240234375 0.0859375
0 0.197265625 0.9482421875 0.14453125 0.16796875
0 0.5673828125 0.5341796875 0.07421875 0.0966796875
0 0.33984375 0.88671875 0.0830078125 0.15625
0 0.8271484375 0.373046875 0.09765625 0.1103515625
0 0.095703125 1.0 0.095703125 0.0986328125
0 0.998046875 0.9033203125 0.21484375 0.1357421875
0 0.8203125 0.28515625 0.1435546875 0.2587890625
0 0.033203125 0.1298828125 0.033203125 0.1015625
0 0.400390625 0.478515625 0.095703125 0.1376953125
0 1.0 0.4599609375 0.0859375 0.1103515625
0 0.9951171875 0.984375 0.0693359375 0.111328125
0 0.470703125 0.6005859375 0.140625 0.08984375
0 0.177734375 0.2724609375 0.095703125 0.091796875
0 0.6787109375 1.0 0.1083984375 0.0419921875
0 0.3310546875 0.595703125 0.087890625 0.052734375
0 0.6611328125 0.4287109375 0.181640625 0.1171875
0 0.1904296875 0.40625 0.1904296875 0.109375
0 0.5869140625 0.958984375 0.18359375 0.1669921875
0 0.82421875 0.69921875 0.1044921875 0.203125
0 0.5029296875 0.2734375 0.1494140625 0.2109375
0 0.3369140625 0.5673828125 0.119140625 0.08203125
0 0.6611328125 0.099609375 0.1064453125 0.091796875
