0 0.2421875 0.08984375 0.119140625 0.0810546875
0 0.07421875 0.28125 0.07421875 0.1083984375
0 0.3828125 0.033203125 0.078125 0.033203125
0 0.1123046875 0.4462890625 0.0595703125 0.060546875
0 0.103515625 0.59375 0.0693359375 0.11328125
0 0.07421875 0.638671875 0.0703125 0.130859375
0 0.25 0.5068359375 0.0810546875 0.0908203125
0 0.2939453125 0.3427734375 0.1015625 0.078125
0 0.2978515625 0.18359375 0.080078125 0.09765625
0 0.115234375 0.857421875 0.115234375 0.08984375
0 0.2607421875 0.79296875 0.0810546875 0.083984375
0 0.05859375 0.71484375 0.05859375 0.0458984375
0 0.3564453125 0.8994140625 0.0947265625 0.08203125
0 0.2275390625 0.87890625 0.099609375 0.0654296875
0 0.4189453125 0.7060546875 0.06640625 0.1123046875
0 0.5439453125 0.859375 0.1025390625 0.107421875
0 0.5146484375 1.0 0.068359375 0.1142578125
0 0.599609375 0.625 0.0693359375 0.0751953125
0 0.67578125 0.640625 0.12890625 0.1162109375
0 0.7451171875 0.60546875 0.115234375 0.0751953125
0 0.65234375 0.47265625 0.0869140625 0.1328125
0 0.5732421875 0.3388671875 0.0888671875 0.068359375
0 0.7763671875 0.3759765625 0.0517578125 0.0693359375
0 0.791015625 0.2587890625 0.0693359375 0.0712890625
0 0.61328125 0.2216796875 0.0625 0.0625
0 0.6953125 0.2158203125 0.0615234375 0.08203125
0 0.6171875 0.1435546875 0.080078125 0.0693359375
0 1.0 0.2109375 0.15234375 0.1025390625
0 1.0 0.3564453125 0.05078125 0.08203125
0 1.0 0.4482421875 0.0439453125 0.0556640625
0 0.974609375 0.6318359375 0.1044921875 0.0732421875
0 1.0 0.63671875 0.06640625 0.0791015625
0 0.9208984375 0.7734375 0.0966796875 0.0810546875
0 0.6328125 0.8798828125 0.0673828125 0.095703125
0 0.8798828125 1.0 0.0693359375 0.03515625
0 0.955078125 1.0 0.0751953125 0.0947265625
0 1.0 0.9404296875 0.0224609375 0.0625
0 0.97265625 0.0283203125 0.09765625 0.0283203125
0 0.52734375 0.1005859375 0.0830078125 0.1005859375
0 0.435546875 0.1533203125 0.0703125 0.0869140625
0 0.79296875 0.0546875 0.091796875 0.0546875
