0 0.013671875 0.3994140625 0.013671875 0.052734375
0 0.1494140625 0.3701171875 0.076171875 0.0615234375
0 0.16015625 0.3125 0.0625 0.0537109375
0 0.095703125 0.12109375 0.083984375 0.07421875
0 0.2314453125 0.1630859375 0.0791015625 0.0869140625
0 0.21484375 0.2412109375 0.0546875 0.0537109375
0 0.3193359375 0.2685546875 0.0732421875 0.109375
0 0.2314453125 0.328125 0.0556640625 0.0634765625
0 0.37890625 0.4619140625 0.103515625 0.115234375
0 0.1396484375 1.0 0.099609375 0.0244140625
0 1.0 1.0 0.0751953125 0.0771484375
0 0.7353515625 0.8583984375 0.0673828125 0.0546875
0 0.8505859375 0.84375 0.076171875 0.06640625
0 0.9287109375 0.82421875 0.0576171875 0.0634765625
0 0.896484375 0.7021484375 0.052734375 0.0693359375
0 0.8330078125 0.7216796875 0.056640625 0.06640625
0 0.6982421875 0.6884765625 0.0615234375 0.052734375
0 0.6796875 0.7373046875 0.083984375 0.0615234375
0 0.5859375 0.767578125 0.04296875 0.046875
0 0.5771484375 0.69921875 0.06640625 0.0693359375
0 0.4609375 0.7548828125 0.07421875 0.08203125
0 0.4453125 0.8125 0.134765625 0.068359375
0 0.2529296875 0.6513671875 0.0712890625 0.0810546875
0 0.787109375 0.5078125 0.0751953125 0.06640625
0 0.9423828125 0.49609375 0.0830078125 0.06640625
0 0.6279296875 0.3642578125 0.1064453125 0.09375
0 0.5 0.19921875 0.1171875 0.080078125
0 0.76171875 0.2177734375 0.078125 0.06640625
0 0.8837890625 0.2666015625 0.107421875 0.0712890625
0 0.80078125 0.333984375 0.0703125 0.0654296875
0 1.0 0.6591796875 0.0595703125 0.072265625
0 1.0 0.5927734375 0.072265625 0.0810546875
0 1.0 0.1787109375 0.029296875 0.0693359375
0 1.0 0.0888671875 0.0703125 0.0849609375
0 0.84375 0.1005859375 0.11328125 0.0673828125
0 0.595703125 0.146484375 0.0712890625 0.0771484375
0 0.3125 0.05859375 0.0693359375 0.05859375
0 0.4931640625 1.0 0.078125 0.0361328125
0 0.052734375 0.2705078125 0.052734375 0.05859375
0 0.375 0.2666015625 0.095703125 0.076171875
