0 0.4609375 0.1103515625 0.0546875 0.080078125
0 0.9345703125 0.169921875 0.0400390625 0.07421875
0 0.623046875 1.0 0.06640625 0.0615234375
0 0.62890625 0.62890625 0.095703125 0.05859375
0 0.091796875 0.25390625 0.0693359375 0.0712890625
0 0.982421875 0.146484375 0.0478515625 0.083984375
0 0.9072265625 0.8798828125 0.0458984375 0.08984375
0 0.3818359375 0.2412109375 0.05859375 0.072265625
0 0.2998046875 0.490234375 0.0712890625 0.0576171875
0 0.8662109375 0.8359375 0.0771484375 0.05078125
0 0.78515625 0.486328125 0.060546875 0.083984375
0 0.9365234375 0.28515625 0.033203125 0.0908203125
0 0.1318359375 0.5009765625 0.0390625 0.0771484375
0 0.7099609375 0.998046875 0.048828125 0.0634765625
0 0.1357421875 0.8154296875 0.0830078125 0.048828125
0 0.5771484375 0.5302734375 0.04296875 0.0830078125
0 0.7861328125 0.5390625 0.05078125 0.07421875
0 0.57421875 0.1953125 0.0439453125 0.072265625
0 0.48046875 0.4453125 0.052734375 0.0595703125
0 0.564453125 0.5126953125 0.044921875 0.0673828125
0 1.0 0.8857421875 0.0283203125 0.08203125
0 0.2578125 0.775390625 0.044921875 0.0625
0 0.810546875 0.4638671875 0.0634765625 0.0693359375
0 0.5126953125 0.625 0.037109375 0.072265625
0 0.2158203125 0.732421875 0.0380859375 0.1328125
0 0.6923828125 1.0 0.0419921875 0.0654296875
0 0.326171875 0.6298828125 0.12109375 0.0966796875
0 0.2265625 0.9326171875 0.0751953125 0.037109375
0 0.5595703125 0.0439453125 0.041015625 0.04296875
0 0.7392578125 0.361328125 0.05859375 0.0595703125
0 0.8330078125 0.3115234375 0.0517578125 0.0576171875
0 0.1943359375 0.24609375 0.0400390625 0.0546875
0 0.529296875 0.5712890625 0.0673828125 0.0361328125
0 0.3544921875 0.435546875 0.056640625 0.021484375
0 0.056640625 0.9375 0.056640625 0.0498046875
0 0.2080078125 0.8779296875 0.0888671875 0.046875
0 0.2978515625 0.1796875 0.0517578125 0.0498046875
0 0.3251953125 0.890625 0.0615234375 0.04296875
0 0.8212890625 1.0 0.0234375 0.04296875
0 0.3583984375 0.6044921875 0.0576171875 0.0439453125
0 0.0849609375 0.435546875 0.0849609375 0.1025390625
0 0.998046875 0.6044921875 0.0400390625 0.0712890625
0 0.052734375 0.1533203125 0.0478515625 0.0546875
0 0.63671875 0.869140625 0.0478515625 0.05078125
0 0.3623046875 0.5732421875 0.0498046875 0.04296875
0 0.94921875 0.705078125 0.03515625 0.0478515625
0 0.30859375 0.5732421875 0.0439453125 0.05859375
0 0.0537109375 0.173828125 0.0537109375 0.02734375
0 0.5673828125 0.8955078125 0.0986328125 0.0595703125
0 0.8388671875 0.9150390625 0.0673828125 0.0498046875
0 0.2451171875 0.7978515625 0.0322265625 0.05078125
0 0.9150390625 0.03515625 0.052734375 0.0341796875
0 1.0 0.818359375 0.0341796875 0.0458984375
0 0.43359375 0.8427734375 0.06640625 0.05078125
0 0.40234375 0.9052734375 0.0634765625 0.0439453125
0 0.8876953125 1.0 0.048828125 0.0244140625
