0 0.9365234375 0.1318359375 0.0732421875 0.05859375
0 0.98828125 0.1337890625 0.037109375 0.076171875
0 0.99609375 0.05078125 0.0517578125 0.05078125
0 0.5693359375 0.0732421875 0.0634765625 0.0380859375
0 0.5537109375 0.0322265625 0.05078125 0.0322265625
0 0.4228515625 0.0390625 0.083984375 0.0390625
0 0.5029296875 0.1171875 0.1201171875 0.060546875
0 0.400390625 0.0947265625 0.0966796875 0.0556640625
0 0.10546875 0.060546875 0.07421875 0.060546875
0 0.1748046875 0.134765625 0.10546875 0.044921875
0 0.169921875 0.173828125 0.076171875 0.0498046875
0 0.482421875 0.32421875 0.1025390625 0.0791015625
0 0.3759765625 0.4228515625 0.06640625 0.0654296875
0 0.3896484375 0.4921875 0.1640625 0.1103515625
0 0.501953125 0.49609375 0.1455078125 0.0849609375
0 0.60546875 0.537109375 0.0986328125 0.1044921875
0 0.6904296875 0.4892578125 0.078125 0.0771484375
0 0.7587890625 0.54296875 0.0732421875 0.0478515625
0 0.765625 0.6005859375 0.138671875 0.0859375
0 0.8505859375 0.5400390625 0.0634765625 0.0634765625
0 0.9521484375 0.58984375 0.072265625 0.068359375
0 1.0 0.095703125 0.0537109375 0.0703125
0 0.640625 0.404296875 0.1083984375 0.134765625
0 0.390625 0.5791015625 0.0556640625 0.0712890625
0 0.2041015625 0.5400390625 0.103515625 0.072265625
0 0.20703125 0.4775390625 0.111328125 0.076171875
0 0.1044921875 0.423828125 0.0791015625 0.078125
0 0.6318359375 0.671875 0.052734375 0.0712890625
0 0.7919921875 0.673828125 0.044921875 0.0537109375
0 0.83984375 0.6376953125 0.0478515625 0.0439453125
0 0.896484375 0.638671875 0.060546875 0.0400390625
0 0.951171875 0.677734375 0.0634765625 0.0478515625
0 0.6826171875 0.791015625 0.1103515625 0.0869140625
0 0.8564453125 0.8818359375 0.0615234375 0.1083984375
0 0.9892578125 0.88671875 0.0732421875 0.0517578125
0 0.9091796875 0.94140625 0.048828125 0.0595703125
0 0.7333984375 1.0 0.1171875 0.0654296875
0 0.6669921875 0.921875 0.0859375 0.05078125
0 0.6884765625 0.861328125 0.076171875 0.0625
0 0.5439453125 0.88671875 0.0849609375 0.1103515625
0 0.5693359375 0.9375 0.0654296875 0.044921875
0 0.6123046875 1.0 0.0869140625 0.05078125
0 0.5068359375 1.0 0.083984375 0.0400390625
0 0.14453125 0.87890625 0.080078125 0.0576171875
0 0.0751953125 0.86328125 0.0576171875 0.080078125
0 0.2001953125 0.890625 0.0478515625 0.046875
0 0.1044921875 1.0 0.052734375 0.0625
0 0.068359375 0.95703125 0.068359375 0.056640625
0 0.2109375 0.9375 0.083984375 0.0498046875
0 0.0478515625 0.2021484375 0.0478515625 0.041015625
0 0.443359375 0.1416015625 0.048828125 0.0517578125
0 0.2978515625 0.5986328125 0.0654296875 0.0458984375
0 0.482421875 0.6552734375 0.048828125 0.048828125
0 0.470703125 0.5517578125 0.064453125 0.04296875
0 0.287109375 0.53125 0.0478515625 0.04296875
0 0.47265625 0.9423828125 0.0400390625 0.029296875
0 0.62890625 0.0888671875 0.052734375 0.052734375
0 0.6416015625 0.5419921875 0.0537109375 0.046875
