0 1.0 0.30859375 0.0400390625 0.08203125
0 1.0 0.146484375 0.0595703125 0.13671875
0 0.9345703125 0.171875 0.0615234375 0.1142578125
0 0.8193359375 0.05078125 0.08984375 0.05078125
0 0.7763671875 0.0595703125 0.0458984375 0.0595703125
0 0.595703125 0.03515625 0.06640625 0.03515625
0 0.548828125 0.0576171875 0.0966796875 0.0576171875
0 0.6357421875 0.1787109375 0.0703125 0.0810546875
0 0.765625 0.2978515625 0.068359375 0.0947265625
0 0.7919921875 0.4033203125 0.07421875 0.0712890625
0 0.923828125 0.4296875 0.0595703125 0.1005859375
0 0.9443359375 0.505859375 0.087890625 0.0673828125
0 0.974609375 0.673828125 0.080078125 0.080078125
0 0.8583984375 0.5947265625 0.099609375 0.0634765625
0 0.8310546875 0.4931640625 0.068359375 0.0673828125
0 0.744140625 0.55859375 0.05859375 0.0625
0 0.6953125 0.47265625 0.09375 0.0947265625
0 0.5283203125 0.3857421875 0.091796875 0.0576171875
0 0.5869140625 0.341796875 0.05078125 0.0654296875
0 0.701171875 0.3583984375 0.111328125 0.1005859375
0 0.4677734375 0.22265625 0.0712890625 0.1025390625
0 0.3896484375 0.234375 0.080078125 0.06640625
0 0.3603515625 0.14453125 0.0859375 0.0634765625
0 0.630859375 0.5908203125 0.064453125 0.0654296875
0 0.8525390625 0.7099609375 0.1025390625 0.07421875
0 1.0 0.759765625 0.05078125 0.052734375
0 0.9990234375 0.892578125 0.0615234375 0.0634765625
0 0.8486328125 1.0 0.1220703125 0.041015625
0 0.900390625 0.9052734375 0.076171875 0.0849609375
0 0.626953125 1.0 0.0693359375 0.0478515625
0 0.4140625 1.0 0.09765625 0.0654296875
0 0.181640625 1.0 0.0810546875 0.0478515625
0 0.083984375 0.966796875 0.083984375 0.0810546875
0 0.2548828125 0.896484375 0.1083984375 0.078125
0 0.28515625 0.66015625 0.09375 0.06640625
0 0.31640625 0.7099609375 0.1298828125 0.0712890625
0 0.236328125 0.47265625 0.0986328125 0.0791015625
0 0.3291015625 0.4052734375 0.056640625 0.0693359375
0 0.369140625 0.375 0.0751953125 0.0732421875
0 0.1669921875 0.1630859375 0.0830078125 0.083984375
0 0.1884765625 0.2880859375 0.060546875 0.0556640625
0 0.091796875 0.33984375 0.0654296875 0.0654296875
0 0.078125 0.658203125 0.0537109375 0.048828125
0 0.140625 0.6103515625 0.0546875 0.052734375
0 0.208984375 0.5712890625 0.044921875 0.037109375
0 0.1708984375 0.8935546875 0.0625 0.041015625
0 0.181640625 0.0576171875 0.0810546875 0.0576171875
0 0.5283203125 0.58984375 0.0966796875 0.076171875
0 0.498046875 0.09375 0.0732421875 0.0576171875
0 0.8076171875 0.9677734375 0.064453125 0.0546875
