0 0.076171875 0.1376953125 0.076171875 0.08203125
0 0.1552734375 0.115234375 0.08984375 0.0712890625
0 0.2431640625 0.076171875 0.0615234375 0.06640625
0 0.078125 0.435546875 0.078125 0.134765625
0 0.416015625 0.189453125 0.0693359375 0.05859375
0 0.5 0.1396484375 0.0673828125 0.0576171875
0 0.15625 0.6455078125 0.0576171875 0.06640625
0 0.349609375 0.599609375 0.0517578125 0.06640625
0 0.19921875 0.83203125 0.1240234375 0.0673828125
0 0.10546875 0.703125 0.0634765625 0.056640625
0 0.6123046875 0.658203125 0.06640625 0.05859375
0 0.388671875 0.798828125 0.0908203125 0.056640625
0 0.3291015625 0.9111328125 0.06640625 0.1025390625
0 0.3818359375 0.9267578125 0.0712890625 0.0810546875
0 0.669921875 0.97265625 0.0712890625 0.078125
0 0.9833984375 0.779296875 0.0654296875 0.0615234375
0 0.9951171875 0.869140625 0.05859375 0.064453125
0 0.783203125 0.689453125 0.05859375 0.0673828125
0 0.8935546875 0.6953125 0.068359375 0.060546875
0 0.85546875 0.47265625 0.064453125 0.08203125
0 0.7255859375 0.21484375 0.064453125 0.0537109375
0 0.7197265625 0.119140625 0.0546875 0.052734375
0 0.912109375 0.220703125 0.09765625 0.06640625
0 1.0 0.0947265625 0.033203125 0.09375
0 0.8984375 0.0615234375 0.0654296875 0.0615234375
0 0.953125 0.0537109375 0.0625 0.0537109375
0 0.0712890625 0.0361328125 0.0576171875 0.03515625
0 0.0244140625 0.57421875 0.0244140625 0.0537109375
0 0.01953125 0.708984375 0.01953125 0.0576171875
0 0.546875 0.015625 0.0546875 0.015625
