0 0.720703125 0.34375 0.0693359375 0.080078125
0 0.28125 0.4580078125 0.0673828125 0.072265625
0 0.6259765625 0.095703125 0.0703125 0.0751953125
0 0.80859375 0.4794921875 0.0517578125 0.0869140625
0 0.1279296875 0.8154296875 0.076171875 0.076171875
0 0.783203125 0.51171875 0.0771484375 0.083984375
0 0.3115234375 0.998046875 0.0615234375 0.078125
0 0.3740234375 0.0791015625 0.0693359375 0.0673828125
0 0.345703125 0.3779296875 0.078125 0.0634765625
0 0.4326171875 0.734375 0.087890625 0.0498046875
0 0.5625 0.068359375 0.0732421875 0.0634765625
0 0.4072265625 0.1279296875 0.0732421875 0.060546875
0 0.9970703125 0.3115234375 0.1025390625 0.0546875
0 0.3154296875 0.20703125 0.1103515625 0.044921875
0 0.623046875 0.564453125 0.02734375 0.0732421875
0 0.0146484375 0.3583984375 0.0146484375 0.0732421875
0 0.158203125 0.7138671875 0.1337890625 0.0537109375
0 0.2900390625 0.326171875 0.05859375 0.0791015625
0 0.6181640625 0.7900390625 0.0693359375 0.0400390625
0 0.0625 0.140625 0.0625 0.0380859375
0 0.876953125 0.1064453125 0.0615234375 0.064453125
0 0.5498046875 0.76171875 0.060546875 0.0380859375
0 0.4638671875 0.8310546875 0.05859375 0.02734375
0 0.166015625 0.5263671875 0.05078125 0.0419921875
0 0.708984375 0.431640625 0.0400390625 0.08984375
0 0.99609375 0.57421875 0.0634765625 0.0458984375
0 0.572265625 0.421875 0.091796875 0.064453125
0 0.994140625 0.40625 0.064453125 0.029296875
0 0.998046875 0.45703125 0.0283203125 0.0859375
0 0.3564453125 0.5478515625 0.0634765625 0.0419921875
0 0.4755859375 0.5166015625 0.033203125 0.056640625
0 0.8935546875 0.044921875 0.04296875 0.044921875
0 0.3818359375 0.66796875 0.0625 0.07421875
0 0.658203125 0.498046875 0.04296875 0.0263671875
0 0.3505859375 0.44921875 0.0244140625 0.08203125
0 0.939453125 0.095703125 0.0419921875 0.0771484375
0 0.140625 0.02734375 0.0380859375 0.0263671875
0 0.8544921875 0.544921875 0.087890625 0.04296875
0 0.943359375 0.2705078125 0.04296875 0.056640625
0 0.3544921875 0.537109375 0.060546875 0.0400390625
0 0.29296875 0.1220703125 0.060546875 0.0380859375
0 0.359375 0.447265625 0.0263671875 0.078125
0 0.5458984375 0.560546875 0.0517578125 0.060546875
0 0.9970703125 0.533203125 0.060546875 0.0439453125
0 0.9740234375 0.45009765625 0.07382812500000002 0.04990234374999997
0 0.1708984375 0.5634765625 0.0810546875 0.0458984375
0 1.0 0.1533203125 0.0322265625 0.0546875
0 1.0 0.0859375 0.03125 0.0810546875
0 0.8984375 0.0947265625 0.0234375 0.0498046875
0 0.4599609375 1.0 0.1435546875 0.037109375
