0 0.212890625 0.0888671875 0.12109375 0.083984375
0 0.25390625 0.21484375 0.0869140625 0.09375
0 0.546875 0.0771484375 0.064453125 0.060546875
0 0.4921875 0.07421875 0.0595703125 0.0537109375
0 0.3896484375 0.4052734375 0.0654296875 0.080078125
0 0.3193359375 0.4052734375 0.080078125 0.078125
0 0.23828125 0.505859375 0.1201171875 0.162109375
0 0.06640625 0.51953125 0.06640625 0.0654296875
0 0.0947265625 0.423828125 0.0908203125 0.0654296875
0 0.1298828125 0.7060546875 0.0849609375 0.107421875
0 0.087890625 0.5966796875 0.0615234375 0.0634765625
0 0.236328125 0.7421875 0.09765625 0.083984375
0 0.1103515625 0.7470703125 0.0625 0.05078125
0 0.3525390625 0.740234375 0.064453125 0.078125
0 0.3994140625 0.845703125 0.0947265625 0.1015625
0 0.4619140625 0.6875 0.1015625 0.0712890625
0 0.548828125 0.7080078125 0.08984375 0.0771484375
0 0.6083984375 0.70703125 0.080078125 0.07421875
0 0.7119140625 0.74609375 0.0615234375 0.068359375
0 0.5576171875 0.8486328125 0.0810546875 0.080078125
0 0.310546875 0.923828125 0.0595703125 0.068359375
0 0.3388671875 0.8564453125 0.0830078125 0.072265625
0 0.2587890625 1.0 0.1650390625 0.0732421875
0 0.0947265625 1.0 0.0615234375 0.02734375
0 0.6875 0.8798828125 0.080078125 0.07421875
0 0.7197265625 0.9833984375 0.068359375 0.07421875
0 0.640625 0.974609375 0.05859375 0.0712890625
0 0.9033203125 1.0 0.080078125 0.0830078125
0 1.0 0.9873046875 0.044921875 0.07421875
0 1.0 0.8740234375 0.0712890625 0.0625
0 0.9990234375 0.8115234375 0.09375 0.0654296875
0 0.9697265625 0.6962890625 0.076171875 0.09765625
0 0.8291015625 0.6708984375 0.078125 0.083984375
0 0.755859375 0.6806640625 0.07421875 0.0791015625
0 0.6884765625 0.6513671875 0.0625 0.0859375
0 0.783203125 0.580078125 0.119140625 0.0810546875
0 0.47265625 0.958984375 0.08984375 0.0703125
0 0.896484375 0.8974609375 0.048828125 0.0478515625
0 0.7109375 0.9248046875 0.1015625 0.060546875
0 0.0439453125 0.689453125 0.0439453125 0.0849609375
0 0.2548828125 0.865234375 0.0625 0.06640625
0 0.50390625 0.02734375 0.099609375 0.02734375
0 0.4072265625 0.017578125 0.046875 0.017578125
0 0.6328125 0.529296875 0.0703125 0.0810546875
0 1.0 0.642578125 0.02734375 0.09375
0 0.89453125 0.8544921875 0.048828125 0.0458984375
0 0.876953125 0.78125 0.1279296875 0.0634765625
0 0.041015625 0.615234375 0.041015625 0.0546875
0 0.4921875 0.845703125 0.1044921875 0.0556640625
0 0.375 0.880859375 0.06640625 0.0654296875
