0 0.076171875 0.9912109375 0.046875 0.05859375
0 0.087890625 0.9072265625 0.068359375 0.0634765625
0 0.2216796875 0.984375 0.0732421875 0.0615234375
0 0.5244140625 1.0 0.046875 0.0576171875
0 0.6142578125 0.9033203125 0.0859375 0.1064453125
0 0.6181640625 0.6875 0.06640625 0.052734375
0 0.4423828125 0.7666015625 0.0810546875 0.1591796875
0 0.30078125 0.6689453125 0.08203125 0.0419921875
0 0.3193359375 0.8369140625 0.0947265625 0.0498046875
0 0.361328125 0.9169921875 0.044921875 0.0703125
0 0.2294921875 0.86328125 0.06640625 0.0458984375
0 0.7919921875 0.6259765625 0.0703125 0.083984375
0 0.951171875 0.5263671875 0.11328125 0.0703125
0 0.685546875 0.4619140625 0.068359375 0.0478515625
0 0.576171875 0.583984375 0.0830078125 0.0556640625
0 0.4228515625 0.5166015625 0.080078125 0.0693359375
0 0.330078125 0.5478515625 0.0615234375 0.078125
0 0.2783203125 0.4658203125 0.1142578125 0.064453125
0 0.1953125 0.5615234375 0.1025390625 0.0732421875
0 0.1455078125 0.4580078125 0.064453125 0.0322265625
0 0.2802734375 0.3818359375 0.08984375 0.05078125
0 0.208984375 0.35546875 0.0537109375 0.0498046875
0 0.3935546875 0.314453125 0.1513671875 0.068359375
0 0.6640625 0.3798828125 0.060546875 0.1552734375
0 0.6875 0.40234375 0.0810546875 0.0654296875
0 0.8466796875 0.3515625 0.07421875 0.09765625
0 0.8984375 0.2490234375 0.16015625 0.1435546875
0 0.6982421875 0.025390625 0.1259765625 0.0244140625
0 1.0 0.21875 0.0732421875 0.064453125
0 0.50390625 0.1103515625 0.10546875 0.080078125
0 0.509765625 0.1591796875 0.080078125 0.044921875
0 0.15625 0.3134765625 0.0556640625 0.1171875
0 0.279296875 0.2431640625 0.0517578125 0.08203125
0 0.130859375 0.404296875 0.08203125 0.1015625
0 1.0 0.0947265625 0.0732421875 0.0576171875
0 0.091796875 0.2197265625 0.048828125 0.1044921875
0 0.0703125 0.685546875 0.041015625 0.0263671875
0 0.0556640625 0.56640625 0.0556640625 0.05859375
0 0.0283203125 0.1982421875 0.0283203125 0.052734375
0 0.033203125 0.40625 0.033203125 0.064453125
0 0.0654296875 0.478515625 0.0654296875 0.0556640625
0 0.4326171875 0.1142578125 0.046875 0.0927734375
0 0.1474609375 0.21484375 0.068359375 0.0615234375
