0 0.2509765625 0.958984375 0.0947265625 0.0869140625
0 0.115234375 0.767578125 0.115234375 0.0703125
0 0.31640625 0.845703125 0.0703125 0.0869140625
0 0.126953125 0.6826171875 0.0830078125 0.056640625
0 0.029296875 0.55078125 0.029296875 0.056640625
0 0.072265625 0.5966796875 0.072265625 0.0546875
0 0.21484375 0.5546875 0.0712890625 0.1025390625
0 0.4560546875 0.552734375 0.1279296875 0.060546875
0 0.5380859375 0.5546875 0.0517578125 0.1220703125
0 0.5869140625 0.55078125 0.056640625 0.068359375
0 0.5029296875 0.5087890625 0.056640625 0.0712890625
0 0.5576171875 0.6240234375 0.134765625 0.0673828125
0 0.4658203125 0.78125 0.052734375 0.1298828125
0 0.51953125 0.7099609375 0.06640625 0.056640625
0 0.5400390625 0.7705078125 0.0751953125 0.0625
0 0.671875 0.740234375 0.0830078125 0.1025390625
0 0.6962890625 0.8154296875 0.0634765625 0.0703125
0 0.673828125 0.8662109375 0.0654296875 0.0556640625
0 0.7294921875 0.9306640625 0.0888671875 0.0693359375
0 0.6865234375 0.529296875 0.0947265625 0.0830078125
0 0.8037109375 0.5380859375 0.0927734375 0.064453125
0 0.26953125 0.341796875 0.0966796875 0.0703125
0 0.236328125 0.1455078125 0.0673828125 0.08203125
0 0.4736328125 0.3359375 0.1240234375 0.171875
0 0.6083984375 0.2333984375 0.0625 0.0888671875
0 0.623046875 0.087890625 0.111328125 0.087890625
0 0.693359375 0.166015625 0.0732421875 0.1005859375
0 0.71484375 0.0693359375 0.0595703125 0.0595703125
0 0.912109375 0.259765625 0.0849609375 0.1171875
0 0.9833984375 0.3212890625 0.1875 0.1083984375
0 0.9697265625 0.0712890625 0.0537109375 0.0712890625
0 0.4462890625 0.705078125 0.07421875 0.091796875
0 0.462890625 0.064453125 0.0400390625 0.064453125
