0 0.228515625 0.05078125 0.0703125 0.05078125
0 0.2236328125 0.11328125 0.076171875 0.052734375
0 0.2158203125 0.17578125 0.08984375 0.0732421875
0 0.1044921875 0.29296875 0.103515625 0.126953125
0 0.216796875 0.259765625 0.07421875 0.0732421875
0 0.427734375 0.287109375 0.091796875 0.0673828125
0 0.3232421875 0.4345703125 0.052734375 0.12109375
0 0.24609375 0.4658203125 0.1484375 0.068359375
0 0.1923828125 0.5146484375 0.080078125 0.0634765625
0 0.341796875 0.560546875 0.091796875 0.078125
0 0.302734375 0.61328125 0.0615234375 0.0732421875
0 0.482421875 0.5068359375 0.06640625 0.1767578125
0 0.4482421875 0.6103515625 0.078125 0.0634765625
0 0.134765625 0.7890625 0.06640625 0.10546875
0 0.2685546875 0.7666015625 0.0625 0.1220703125
0 0.2373046875 0.798828125 0.0986328125 0.05078125
0 0.39453125 0.7626953125 0.0673828125 0.0751953125
0 0.466796875 0.7099609375 0.107421875 0.0888671875
0 0.5576171875 0.6513671875 0.0849609375 0.0634765625
0 0.4921875 0.8310546875 0.0654296875 0.052734375
0 0.2109375 1.0 0.10546875 0.060546875
0 0.732421875 1.0 0.0712890625 0.064453125
0 0.640625 1.0 0.064453125 0.0703125
0 0.6494140625 0.96875 0.12109375 0.1240234375
0 0.822265625 0.9189453125 0.1220703125 0.0693359375
0 0.7333984375 0.7900390625 0.068359375 0.0859375
0 0.8291015625 0.72265625 0.12890625 0.0634765625
0 0.6865234375 0.6923828125 0.07421875 0.0595703125
0 0.7705078125 0.6064453125 0.078125 0.07421875
0 0.6982421875 0.568359375 0.056640625 0.0595703125
0 0.9697265625 0.580078125 0.072265625 0.06640625
0 0.7255859375 0.404296875 0.0654296875 0.09765625
0 0.5595703125 0.279296875 0.095703125 0.0849609375
0 0.716796875 0.2041015625 0.1416015625 0.078125
0 0.71484375 0.26953125 0.1015625 0.08984375
0 0.7998046875 0.1884765625 0.056640625 0.05078125
0 0.841796875 0.251953125 0.05078125 0.0654296875
0 0.94921875 0.205078125 0.1103515625 0.189453125
0 1.0 0.2216796875 0.0625 0.1552734375
0 1.0 0.056640625 0.041015625 0.056640625
0 0.9921875 0.427734375 0.060546875 0.0908203125
0 1.0 0.720703125 0.087890625 0.0546875
0 0.236328125 0.294921875 0.048828125 0.0576171875
