0 0.7626953125 0.21875 0.091796875 0.087890625
0 0.673828125 0.2451171875 0.0859375 0.0634765625
0 0.8291015625 0.33203125 0.119140625 0.080078125
0 0.8125 0.25390625 0.0712890625 0.0615234375
0 0.953125 0.291015625 0.0888671875 0.072265625
0 1.0 0.408203125 0.0732421875 0.080078125
0 0.8212890625 0.42578125 0.0966796875 0.0693359375
0 0.9091796875 0.51171875 0.078125 0.0751953125
0 0.97265625 0.5771484375 0.08203125 0.0888671875
0 0.791015625 0.5205078125 0.095703125 0.0859375
0 0.697265625 0.4736328125 0.0966796875 0.1025390625
0 0.49609375 0.5322265625 0.095703125 0.064453125
0 0.3310546875 0.4189453125 0.04296875 0.064453125
0 0.1640625 0.2099609375 0.099609375 0.1337890625
0 0.10546875 0.04296875 0.0869140625 0.04296875
0 0.0400390625 0.1943359375 0.0400390625 0.0771484375
0 0.224609375 0.59375 0.0791015625 0.076171875
0 0.390625 0.6044921875 0.10546875 0.0927734375
0 0.2099609375 0.7841796875 0.08984375 0.0703125
0 0.091796875 0.7109375 0.0712890625 0.064453125
0 0.08984375 0.802734375 0.08984375 0.072265625
0 0.6044921875 0.6455078125 0.1015625 0.068359375
0 0.615234375 0.7451171875 0.0966796875 0.0625
0 0.7041015625 0.751953125 0.087890625 0.0703125
0 0.755859375 0.65625 0.0654296875 0.0546875
0 0.7626953125 0.689453125 0.0556640625 0.04296875
0 0.8427734375 0.671875 0.076171875 0.0625
0 0.76171875 0.9013671875 0.1025390625 0.0634765625
0 0.767578125 1.0 0.10546875 0.0576171875
0 0.87109375 0.8359375 0.087890625 0.05078125
0 0.8837890625 0.802734375 0.0849609375 0.0654296875
0 1.0 0.93359375 0.0693359375 0.0732421875
0 0.5107421875 0.814453125 0.0771484375 0.056640625
0 0.5078125 0.8857421875 0.0703125 0.0732421875
0 0.4189453125 0.9306640625 0.0751953125 0.0634765625
0 0.3828125 0.900390625 0.0830078125 0.0693359375
0 0.634765625 0.91796875 0.0849609375 0.0546875
0 0.521484375 1.0 0.0625 0.0634765625
0 0.650390625 1.0 0.076171875 0.06640625
0 0.232421875 0.9228515625 0.0712890625 0.05859375
0 0.25 1.0 0.0615234375 0.0625
0 0.1083984375 1.0 0.068359375 0.044921875
0 0.50390625 0.7509765625 0.0673828125 0.0546875
0 0.392578125 0.705078125 0.0693359375 0.05859375
0 0.5771484375 0.9345703125 0.080078125 0.041015625
0 0.30078125 0.4228515625 0.087890625 0.07421875
0 0.7275390625 0.5771484375 0.0634765625 0.083984375
0 0.7919921875 0.3974609375 0.076171875 0.068359375
0 0.11328125 0.775390625 0.0615234375 0.0439453125
