0 0.419921875 0.267578125 0.0693359375 0.1025390625
0 0.87109375 0.4150390625 0.0712890625 0.07421875
0 0.626953125 0.9541015625 0.1123046875 0.0556640625
0 0.4150390625 0.9736328125 0.0888671875 0.091796875
0 0.498046875 0.5185546875 0.0673828125 0.078125
0 0.3671875 0.08984375 0.125 0.08984375
0 0.1787109375 0.9091796875 0.1005859375 0.0654296875
0 0.62109375 0.232421875 0.068359375 0.072265625
0 0.4453125 0.494140625 0.107421875 0.04296875
0 0.6044921875 0.3984375 0.1142578125 0.173828125
0 0.21875 0.1455078125 0.119140625 0.076171875
0 0.1953125 0.5615234375 0.095703125 0.0927734375
0 0.0771484375 0.3369140625 0.0771484375 0.060546875
0 0.3515625 0.6279296875 0.1279296875 0.0478515625
0 0.3896484375 0.90234375 0.1474609375 0.0732421875
0 0.755859375 0.736328125 0.08203125 0.048828125
0 0.9453125 0.4423828125 0.05078125 0.0615234375
0 0.5654296875 0.7431640625 0.15234375 0.060546875
0 0.90234375 0.25390625 0.0625 0.0703125
0 0.8798828125 0.3193359375 0.072265625 0.0556640625
0 0.154296875 0.365234375 0.0810546875 0.05078125
0 1.0 1.0 0.0703125 0.048828125
0 0.9560546875 0.30859375 0.10546875 0.0712890625
0 0.435546875 0.3681640625 0.1171875 0.04296875
0 0.869140625 1.0 0.1357421875 0.0400390625
0 0.1005859375 1.0 0.1005859375 0.0380859375
0 0.412109375 0.33203125 0.1015625 0.037109375
0 0.8447265625 0.3291015625 0.1025390625 0.060546875
0 0.42578125 0.705078125 0.0830078125 0.0546875
0 0.517578125 0.78515625 0.1396484375 0.072265625
0 0.669921875 1.0 0.08203125 0.048828125
0 0.0400390625 0.2763671875 0.0390625 0.091796875
0 0.197265625 0.3115234375 0.09765625 0.041015625
0 0.9697265625 0.509765625 0.0419921875 0.0595703125
0 0.1025390625 0.7724609375 0.1025390625 0.044921875
0 0.328125 0.9248046875 0.1669921875 0.0732421875
0 1.0 0.583984375 0.1123046875 0.125
0 0.3720703125 0.7646484375 0.1083984375 0.11328125
0 0.6787109375 0.2431640625 0.0732421875 0.072265625
0 0.830078125 0.267578125 0.0810546875 0.0380859375
0 0.619140625 0.2724609375 0.091796875 0.044921875
0 0.140625 0.2666015625 0.046875 0.1591796875
0 0.279296875 0.4873046875 0.05078125 0.0625
0 0.2958984375 0.8056640625 0.1201171875 0.0546875
0 0.05078125 0.5 0.05078125 0.2041015625
0 1.0 0.9697265625 0.0390625 0.0390625
0 0.23046875 0.423828125 0.11328125 0.0654296875
0 0.6796875 0.734375 0.1474609375 0.0478515625
0 0.94921875 1.0 0.0859375 0.02734375
0 0.435546875 1.0 0.083984375 0.0185546875
0 0.939453125 0.322265625 0.0830078125 0.064453125
0 0.5107421875 0.3017578125 0.072265625 0.076171875
0 0.8017578125 0.4765625 0.0556640625 0.0693359375
0 0.3232421875 0.3564453125 0.11328125 0.080078125
0 0.8466796875 0.46484375 0.0986328125 0.048828125
0 0.2939453125 0.7255859375 0.06640625 0.0478515625
0 0.236328125 0.37890625 0.0986328125 0.0830078125
0 0.6357421875 0.5478515625 0.1494140625 0.1005859375
0 0.3564453125 0.7587890625 0.0732421875 0.0478515625
0 0.5390625 0.4404296875 0.09375 0.0517578125
0 0.4404296875 0.466796875 0.0947265625 0.0439453125
0 0.6455078125 0.453125 0.0673828125 0.14453125
0 0.7626953125 0.3095703125 0.064453125 0.04296875
0 0.6591796875 0.4345703125 0.09375 0.0380859375
0 0.537109375 0.6689453125 0.2158203125 0.05078125
0 0.7744140625 0.125 0.04296875 0.041015625
0 0.5068359375 0.7578125 0.1171875 0.0439453125
0 0.083984375 0.5771484375 0.078125 0.044921875
0 0.8310546875 0.826171875 0.0625 0.0380859375
0 1.0 0.8203125 0.04296875 0.0595703125
0 0.6123046875 0.8544921875 0.05859375 0.046875
0 0.8896484375 0.7412109375 0.0947265625 0.0546875
0 0.912109375 0.6982421875 0.060546875 0.0419921875
0 0.7802734375 0.69140625 0.1416015625 0.0634765625
0 0.6474609375 0.6806640625 0.1025390625 0.0595703125
0 0.953125 0.4052734375 0.060546875 0.0576171875
0 1.0 0.37109375 0.0224609375 0.0458984375
0 0.138671875 0.505859375 0.111328125 0.130859375
0 0.0302734375 0.185546875 0.0302734375 0.044921875
0 0.2001953125 0.0732421875 0.0966796875 0.0693359375
0 0.08203125 0.0478515625 0.0537109375 0.0478515625
0 0.248046875 0.0673828125 0.0673828125 0.0673828125
