0 0.830078125 0.7041015625 0.1005859375 0.1064453125
0 0.6953125 0.82421875 0.083984375 0.0869140625
0 0.9130859375 0.7705078125 0.0654296875 0.0546875
0 0.7998046875 0.873046875 0.0908203125 0.1259765625
0 0.623046875 0.9755859375 0.1123046875 0.1396484375
0 0.705078125 0.9716796875 0.091796875 0.0654296875
0 0.734375 0.3740234375 0.0849609375 0.1064453125
0 0.572265625 0.5029296875 0.076171875 0.1591796875
0 0.8740234375 0.98828125 0.13671875 0.064453125
0 0.654296875 1.0 0.1298828125 0.0537109375
0 0.54296875 0.9404296875 0.0673828125 0.080078125
0 0.849609375 0.7841796875 0.052734375 0.1103515625
0 0.7333984375 0.748046875 0.0751953125 0.0908203125
0 0.623046875 0.630859375 0.1103515625 0.080078125
0 0.412109375 0.8828125 0.103515625 0.0927734375
0 0.65234375 0.0439453125 0.0869140625 0.0439453125
0 0.4404296875 0.59375 0.0859375 0.1220703125
0 0.4580078125 0.8603515625 0.091796875 0.0986328125
0 0.33203125 0.123046875 0.1669921875 0.087890625
0 0.0869140625 0.6298828125 0.0869140625 0.1826171875
0 0.2412109375 0.80078125 0.123046875 0.0830078125
0 1.0 0.26171875 0.0810546875 0.0908203125
0 0.66015625 0.498046875 0.1064453125 0.0810546875
0 0.33984375 0.2939453125 0.2216796875 0.1064453125
0 0.568359375 0.5888671875 0.107421875 0.091796875
0 0.3818359375 0.462890625 0.083984375 0.07421875
0 0.1953125 0.7041015625 0.1240234375 0.0849609375
0 0.6923828125 0.2841796875 0.05859375 0.0654296875
0 0.6357421875 0.3251953125 0.0654296875 0.099609375
0 0.5654296875 0.2880859375 0.046875 0.080078125
0 0.5283203125 0.2607421875 0.080078125 0.1025390625
0 0.736328125 0.091796875 0.083984375 0.0732421875
0 0.0908203125 0.0751953125 0.0859375 0.0703125
0 0.265625 0.0810546875 0.095703125 0.0771484375
0 0.318359375 0.4404296875 0.064453125 0.060546875
