0 0.1650390625 0.1171875 0.0927734375 0.0751953125
0 0.2900390625 0.1220703125 0.0947265625 0.06640625
0 0.583984375 0.12890625 0.0888671875 0.0703125
0 0.755859375 0.1337890625 0.0908203125 0.0498046875
0 0.7265625 0.2060546875 0.12890625 0.0908203125
0 0.82421875 0.240234375 0.08203125 0.1025390625
0 0.9091796875 0.083984375 0.1005859375 0.083984375
0 1.0 0.08203125 0.05078125 0.08203125
0 1.0 0.2568359375 0.029296875 0.078125
0 0.3994140625 0.2919921875 0.0810546875 0.0693359375
0 0.2958984375 0.3134765625 0.0712890625 0.06640625
0 0.087890625 0.30859375 0.0732421875 0.08203125
0 0.08203125 0.4013671875 0.0673828125 0.0830078125
0 0.2607421875 0.4091796875 0.107421875 0.0908203125
0 0.1953125 0.501953125 0.0751953125 0.0732421875
0 0.357421875 0.484375 0.0810546875 0.0751953125
0 0.34375 0.5703125 0.0791015625 0.0771484375
0 0.4931640625 0.60546875 0.091796875 0.0888671875
0 0.5 0.482421875 0.0791015625 0.0791015625
0 0.60546875 0.556640625 0.0888671875 0.0595703125
0 0.693359375 0.5498046875 0.083984375 0.0966796875
0 0.7822265625 0.5146484375 0.0712890625 0.103515625
0 0.884765625 0.685546875 0.1005859375 0.080078125
0 0.74609375 0.779296875 0.1044921875 0.0986328125
0 0.6396484375 0.845703125 0.0693359375 0.0771484375
0 0.3935546875 0.9072265625 0.109375 0.0751953125
0 0.353515625 0.7822265625 0.0791015625 0.0732421875
0 0.193359375 0.681640625 0.1015625 0.076171875
0 0.20703125 0.845703125 0.076171875 0.0791015625
0 0.2685546875 0.955078125 0.099609375 0.0849609375
0 0.45703125 0.955078125 0.0693359375 0.0615234375
0 0.6357421875 0.931640625 0.068359375 0.06640625
0 0.7451171875 0.875 0.083984375 0.0732421875
0 0.9228515625 0.84765625 0.0869140625 0.091796875
0 0.9033203125 0.9765625 0.0966796875 0.095703125
0 1.0 1.0 0.015625 0.0048828125
0 0.8583984375 0.833984375 0.0849609375 0.0654296875
0 0.8447265625 0.130859375 0.056640625 0.0625
