0 0.71484375 0.7099609375 0.1875 0.2255859375
0 0.13671875 0.19921875 0.13671875 0.1923828125
0 0.38671875 0.7265625 0.1318359375 0.08203125
0 0.2060546875 0.966796875 0.10546875 0.107421875
0 0.208984375 0.8388671875 0.2060546875 0.12109375
0 0.3720703125 0.3896484375 0.1376953125 0.16796875
0 0.53125 0.591796875 0.1025390625 0.107421875
0 0.998046875 0.173828125 0.3583984375 0.171875
0 0.4189453125 0.544921875 0.107421875 0.1044921875
0 0.7705078125 0.234375 0.068359375 0.0791015625
0 0.4970703125 0.8173828125 0.1298828125 0.0849609375
0 0.2294921875 0.3046875 0.080078125 0.0625
0 0.3720703125 0.83203125 0.0751953125 0.0751953125
0 0.6181640625 0.93359375 0.1025390625 0.11328125
0 0.33984375 0.6826171875 0.09765625 0.1015625
