0 0.09765625 0.2978515625 0.083984375 0.1220703125
0 0.1123046875 0.484375 0.0947265625 0.06640625
0 0.087890625 0.5400390625 0.080078125 0.048828125
0 0.1416015625 0.6025390625 0.0693359375 0.05078125
0 0.28125 0.697265625 0.0966796875 0.0927734375
0 0.390625 0.6552734375 0.056640625 0.080078125
0 0.37109375 0.5625 0.0859375 0.08203125
0 0.447265625 0.521484375 0.064453125 0.072265625
0 0.6376953125 0.513671875 0.0859375 0.146484375
0 0.4423828125 0.462890625 0.056640625 0.0595703125
0 0.2939453125 0.521484375 0.0751953125 0.064453125
0 0.240234375 0.4697265625 0.0771484375 0.068359375
0 0.3427734375 0.396484375 0.0693359375 0.072265625
0 0.328125 0.244140625 0.0849609375 0.1083984375
0 0.3681640625 0.3271484375 0.0615234375 0.10546875
0 0.4326171875 0.3037109375 0.0546875 0.12109375
0 0.5810546875 0.3232421875 0.0498046875 0.0859375
0 0.6806640625 0.14453125 0.0908203125 0.080078125
0 0.8310546875 0.0654296875 0.0712890625 0.0634765625
0 0.8583984375 0.2412109375 0.0751953125 0.099609375
0 0.8095703125 0.3984375 0.0703125 0.078125
0 0.7333984375 0.458984375 0.048828125 0.060546875
0 0.8896484375 0.453125 0.0751953125 0.0703125
0 0.9912109375 0.3681640625 0.072265625 0.064453125
0 0.9951171875 0.2841796875 0.0546875 0.0595703125
0 1.0 0.234375 0.0390625 0.048828125
0 0.9296875 0.033203125 0.0712890625 0.033203125
0 0.98828125 0.0771484375 0.0654296875 0.0771484375
0 0.701171875 0.787109375 0.08203125 0.0537109375
0 0.970703125 0.765625 0.0703125 0.126953125
0 0.857421875 0.9189453125 0.044921875 0.0693359375
0 0.76171875 0.8818359375 0.05859375 0.060546875
0 0.908203125 0.8583984375 0.0546875 0.0439453125
0 0.572265625 0.9130859375 0.080078125 0.0712890625
0 0.4375 0.8291015625 0.0771484375 0.087890625
0 0.474609375 0.916015625 0.0546875 0.078125
0 0.3505859375 0.94140625 0.0673828125 0.0849609375
0 0.185546875 0.7294921875 0.0849609375 0.0869140625
0 0.1015625 0.126953125 0.0556640625 0.08984375
0 0.177734375 0.138671875 0.0576171875 0.083984375
0 0.328125 0.02734375 0.0615234375 0.02734375
0 0.3798828125 0.0517578125 0.048828125 0.0517578125
0 0.591796875 0.173828125 0.0458984375 0.0654296875
0 0.634765625 0.611328125 0.0615234375 0.0751953125
0 0.9599609375 0.2197265625 0.052734375 0.0439453125
0 0.9072265625 0.26953125 0.0732421875 0.056640625
0 0.2255859375 0.7900390625 0.0439453125 0.0634765625
0 0.0625 0.6767578125 0.04296875 0.048828125
0 0.736328125 1.0 0.1064453125 0.0439453125
0 0.3369140625 0.6845703125 0.046875 0.0419921875
0 0.2412109375 0.517578125 0.060546875 0.0693359375
0 0.1123046875 0.5234375 0.0419921875 0.0546875
0 0.634765625 0.3642578125 0.0546875 0.0615234375
0 0.6640625 0.4189453125 0.064453125 0.08203125
0 0.572265625 0.435546875 0.0419921875 0.060546875
0 0.84765625 0.736328125 0.072265625 0.12890625
0 0.8505859375 0.494140625 0.0380859375 0.03125
0 0.134765625 0.2099609375 0.068359375 0.0380859375
