0 0.96484375 0.599609375 0.080078125 0.087890625
0 0.83203125 0.38671875 0.08984375 0.091796875
0 0.544921875 0.2119140625 0.09765625 0.0751953125
0 1.0 0.7744140625 0.087890625 0.0849609375
0 1.0 0.498046875 0.0341796875 0.0576171875
0 0.8798828125 0.82421875 0.10546875 0.1044921875
0 1.0 0.2890625 0.0517578125 0.0634765625
0 0.947265625 0.0947265625 0.1806640625 0.0888671875
0 0.9794921875 0.857421875 0.09765625 0.0732421875
0 0.9091796875 0.3369140625 0.080078125 0.1044921875
0 0.744140625 0.4921875 0.0546875 0.060546875
0 1.0 0.234375 0.0625 0.0703125
0 0.8369140625 0.6171875 0.1328125 0.0849609375
0 0.7470703125 0.6748046875 0.09765625 0.0830078125
0 0.849609375 0.2265625 0.072265625 0.056640625
0 0.6572265625 0.466796875 0.10546875 0.0849609375
0 1.0 0.431640625 0.0830078125 0.0771484375
0 1.0 0.58203125 0.0400390625 0.072265625
0 0.9169921875 0.6494140625 0.0927734375 0.0849609375
0 0.95703125 0.6845703125 0.0673828125 0.0654296875
0 0.8095703125 0.70703125 0.0771484375 0.0751953125
