0 0.0576171875 0.6123046875 0.0576171875 0.080078125
0 0.099609375 0.390625 0.099609375 0.103515625
0 0.1611328125 0.48828125 0.09375 0.0849609375
0 0.34765625 0.5693359375 0.0849609375 0.0888671875
0 0.234375 0.86328125 0.1103515625 0.1162109375
0 0.5537109375 0.8681640625 0.1181640625 0.0703125
0 0.5751953125 0.94921875 0.080078125 0.09375
0 0.65234375 0.8408203125 0.125 0.2880859375
0 0.5419921875 0.466796875 0.1416015625 0.0908203125
0 0.376953125 0.4306640625 0.076171875 0.1005859375
0 0.330078125 0.357421875 0.111328125 0.14453125
0 0.431640625 0.3115234375 0.060546875 0.1220703125
0 0.48046875 0.30859375 0.0625 0.0859375
0 0.5927734375 0.1923828125 0.083984375 0.091796875
0 0.5673828125 0.1123046875 0.08203125 0.0615234375
0 0.314453125 0.0390625 0.177734375 0.0380859375
0 0.2802734375 0.0751953125 0.0654296875 0.0478515625
0 0.5234375 0.056640625 0.1982421875 0.0556640625
0 0.423828125 0.103515625 0.07421875 0.064453125
0 0.7314453125 0.0673828125 0.0654296875 0.0673828125
0 1.0 0.2255859375 0.0458984375 0.1728515625
0 0.986328125 0.095703125 0.05078125 0.0947265625
0 0.81640625 0.5283203125 0.107421875 0.0732421875
0 0.8994140625 0.54296875 0.0849609375 0.0888671875
0 0.9482421875 0.548828125 0.068359375 0.0888671875
0 0.9033203125 0.6533203125 0.0556640625 0.0830078125
0 0.9453125 0.681640625 0.0712890625 0.07421875
0 1.0 0.79296875 0.078125 0.142578125
0 0.998046875 0.59375 0.0654296875 0.0751953125
0 1.0 0.7080078125 0.05078125 0.2900390625
0 0.998046875 0.912109375 0.1064453125 0.0849609375
0 0.9638671875 0.3896484375 0.0625 0.060546875
0 0.82421875 0.017578125 0.048828125 0.017578125
0 1.0 0.806640625 0.0185546875 0.060546875
