0 0.072265625 0.431640625 0.072265625 0.080078125
0 0.1923828125 0.369140625 0.111328125 0.14453125
0 0.2626953125 0.2763671875 0.0810546875 0.0458984375
0 0.357421875 0.181640625 0.0771484375 0.0595703125
0 0.572265625 0.234375 0.064453125 0.0634765625
0 0.568359375 0.3037109375 0.0654296875 0.0947265625
0 0.5283203125 0.34765625 0.0537109375 0.0693359375
0 0.521484375 0.412109375 0.08203125 0.095703125
0 0.4052734375 0.3994140625 0.0849609375 0.0888671875
0 0.369140625 0.369140625 0.1142578125 0.109375
0 0.259765625 0.5224609375 0.150390625 0.091796875
0 0.203125 0.4208984375 0.0498046875 0.0927734375
0 0.251953125 0.361328125 0.1162109375 0.0869140625
0 0.361328125 0.470703125 0.1005859375 0.0771484375
0 0.3359375 0.5283203125 0.0693359375 0.0732421875
0 0.787109375 0.4736328125 0.0732421875 0.087890625
0 0.8818359375 0.4130859375 0.0859375 0.0712890625
0 0.9287109375 0.2451171875 0.0908203125 0.1015625
0 0.3583984375 0.6591796875 0.064453125 0.05859375
0 0.2490234375 0.8095703125 0.078125 0.1103515625
0 0.36328125 0.712890625 0.125 0.0537109375
0 0.3671875 0.751953125 0.0869140625 0.052734375
0 0.400390625 0.91015625 0.1201171875 0.1083984375
0 0.318359375 0.9501953125 0.064453125 0.0888671875
0 0.2568359375 0.9931640625 0.0732421875 0.095703125
0 0.4921875 0.7705078125 0.060546875 0.0595703125
0 0.8486328125 0.7021484375 0.1806640625 0.0888671875
0 0.71875 0.806640625 0.0595703125 0.0703125
0 0.697265625 0.9248046875 0.0693359375 0.1474609375
0 0.634765625 0.8876953125 0.0576171875 0.0732421875
0 0.83984375 0.7822265625 0.0771484375 0.0712890625
0 0.8017578125 0.830078125 0.0869140625 0.0732421875
0 0.8876953125 0.8701171875 0.095703125 0.087890625
0 0.9951171875 0.9033203125 0.0859375 0.115234375
0 0.98046875 0.7626953125 0.12890625 0.0810546875
0 0.982421875 0.4072265625 0.0615234375 0.0615234375
0 0.189453125 0.8408203125 0.119140625 0.0546875
0 0.361328125 0.234375 0.0556640625 0.0654296875
0 0.037109375 0.4794921875 0.037109375 0.044921875
0 0.4111328125 0.3408203125 0.10546875 0.0751953125
0 0.876953125 0.8408203125 0.0478515625 0.0771484375
0 1.0 0.9169921875 0.0966796875 0.1044921875
