0 0.5703125 0.7333984375 0.07421875 0.076171875
0 0.4638671875 0.2265625 0.0751953125 0.0634765625
0 0.9521484375 0.9580078125 0.064453125 0.0947265625
0 0.9775390625 0.3232421875 0.0498046875 0.037109375
0 0.267578125 0.943359375 0.095703125 0.064453125
0 0.814453125 0.994140625 0.1123046875 0.0517578125
0 0.4326171875 0.263671875 0.080078125 0.0634765625
0 0.9951171875 0.2236328125 0.0810546875 0.078125
0 0.720703125 0.509765625 0.033203125 0.0625
0 0.1884765625 0.048828125 0.134765625 0.0400390625
0 0.3271484375 0.4619140625 0.09375 0.0537109375
0 0.1884765625 0.2236328125 0.1103515625 0.1240234375
0 0.66796875 0.482421875 0.0791015625 0.0673828125
0 0.7822265625 0.8505859375 0.1259765625 0.1005859375
0 0.7412109375 0.248046875 0.0751953125 0.0625
0 0.0625 0.3212890625 0.0615234375 0.0595703125
0 0.6767578125 0.5625 0.0810546875 0.0859375
0 0.6875 0.6103515625 0.1435546875 0.0478515625
0 0.0517578125 0.5537109375 0.0517578125 0.048828125
0 0.1494140625 0.4765625 0.0947265625 0.1025390625
0 0.3115234375 0.47265625 0.095703125 0.05859375
0 0.8798828125 0.07421875 0.078125 0.07421875
0 1.0 0.810546875 0.048828125 0.0498046875
0 0.048828125 0.439453125 0.0478515625 0.0673828125
0 0.740234375 0.931640625 0.08984375 0.0576171875
0 0.87109375 0.5439453125 0.0654296875 0.0556640625
0 0.4912109375 0.599609375 0.078125 0.05078125
0 0.103515625 0.10546875 0.0966796875 0.0693359375
0 0.1015625 0.607421875 0.072265625 0.052734375
0 0.8095703125 0.63671875 0.0751953125 0.0771484375
0 0.1025390625 0.89453125 0.0947265625 0.04296875
0 0.125 0.3076171875 0.125 0.0771484375
0 0.181640625 0.28515625 0.0927734375 0.04296875
0 0.58203125 0.9384765625 0.109375 0.04296875
0 1.0 0.23046875 0.029296875 0.0419921875
0 0.4189453125 0.6337890625 0.1298828125 0.06640625
0 0.2734375 0.296875 0.0771484375 0.05859375
0 0.521484375 0.384765625 0.1005859375 0.048828125
0 0.1513671875 0.591796875 0.0595703125 0.0625
0 0.732421875 0.548828125 0.0654296875 0.0390625
0 0.880859375 0.625 0.08203125 0.037109375
0 0.7021484375 0.6728515625 0.1064453125 0.0849609375
0 0.9033203125 0.326171875 0.048828125 0.0693359375
0 0.7236328125 0.705078125 0.1025390625 0.0546875
0 0.509765625 0.330078125 0.0888671875 0.0537109375
0 0.8466796875 0.5576171875 0.107421875 0.04296875
0 0.841796875 0.0771484375 0.0693359375 0.0498046875
0 0.69921875 0.5107421875 0.1005859375 0.0400390625
0 0.2421875 0.6982421875 0.080078125 0.033203125
0 0.9150390625 0.0390625 0.0703125 0.0380859375
0 0.6328125 0.037109375 0.0595703125 0.0361328125
0 0.3046875 0.0380859375 0.0439453125 0.0361328125
0 0.8955078125 0.6044921875 0.0615234375 0.029296875
0 0.5859375 0.3505859375 0.09765625 0.0595703125
0 0.1025390625 0.9384765625 0.1025390625 0.0537109375
0 0.0400390625 0.337890625 0.0400390625 0.037109375
0 0.130859375 0.873046875 0.130859375 0.09375
0 0.0732421875 0.8056640625 0.072265625 0.05078125
0 0.44140625 0.322265625 0.12890625 0.0654296875
0 0.95703125 0.6982421875 0.1201171875 0.0986328125
0 0.5595703125 0.998046875 0.060546875 0.0634765625
0 0.466796875 0.7451171875 0.1142578125 0.0458984375
0 0.728515625 0.203125 0.0771484375 0.095703125
0 0.666015625 0.7001953125 0.091796875 0.03125
0 0.666015625 0.03125 0.048828125 0.03125
0 0.34765625 0.5732421875 0.06640625 0.0908203125
0 0.4521484375 0.125 0.1142578125 0.09375
0 0.0927734375 0.96484375 0.0927734375 0.0400390625
0 0.267578125 0.583984375 0.0927734375 0.05078125
0 0.5849609375 0.283203125 0.0966796875 0.046875
0 0.23046875 0.521484375 0.1201171875 0.041015625
0 0.029296875 0.83984375 0.029296875 0.0361328125
0 0.2783203125 0.57421875 0.07421875 0.0400390625
0 1.0 0.591796875 0.119140625 0.060546875
0 1.0 0.546875 0.037109375 0.0556640625
0 0.5380859375 0.2861328125 0.1650390625 0.0693359375
0 0.3916015625 0.0283203125 0.046875 0.025390625
0 0.5478515625 0.5478515625 0.0703125 0.08984375
0 0.6064453125 0.5380859375 0.1181640625 0.0830078125
0 0.6064453125 0.998046875 0.056640625 0.0400390625
