0 0.6943359375 0.3310546875 0.0576171875 0.111328125
0 0.5810546875 0.318359375 0.060546875 0.10546875
0 0.9208984375 0.05859375 0.0869140625 0.0576171875
0 0.20703125 0.4765625 0.0986328125 0.0849609375
0 0.994140625 0.1279296875 0.0830078125 0.0546875
0 0.2919921875 0.443359375 0.1220703125 0.08203125
0 0.6923828125 0.1083984375 0.0927734375 0.0634765625
0 0.326171875 0.3701171875 0.1650390625 0.125
0 0.7705078125 0.69140625 0.1220703125 0.072265625
0 0.40625 0.0478515625 0.0869140625 0.0478515625
0 0.2412109375 0.1875 0.1240234375 0.0517578125
0 0.931640625 0.1826171875 0.068359375 0.123046875
0 0.3740234375 0.771484375 0.115234375 0.0498046875
0 0.986328125 0.7998046875 0.0947265625 0.0458984375
0 0.9453125 0.3232421875 0.10546875 0.095703125
0 0.720703125 0.06640625 0.1171875 0.06640625
0 0.3212890625 0.6591796875 0.083984375 0.060546875
0 0.2919921875 0.7255859375 0.123046875 0.068359375
0 0.123046875 0.11328125 0.0966796875 0.0888671875
0 0.8310546875 0.2353515625 0.0498046875 0.1123046875
0 0.271484375 0.5263671875 0.06640625 0.0732421875
0 0.142578125 0.2392578125 0.1201171875 0.0625
0 0.359375 0.19140625 0.1123046875 0.05078125
0 0.2578125 0.4638671875 0.0888671875 0.0732421875
0 0.060546875 0.7646484375 0.056640625 0.0595703125
0 0.8193359375 0.310546875 0.0576171875 0.08203125
0 0.07421875 0.595703125 0.064453125 0.1044921875
0 0.1845703125 0.8994140625 0.1767578125 0.087890625
0 0.8525390625 0.3525390625 0.076171875 0.033203125
0 0.45703125 0.3525390625 0.0615234375 0.0478515625
0 0.568359375 0.3759765625 0.1572265625 0.083984375
0 0.6416015625 0.4833984375 0.1669921875 0.07421875
0 0.7568359375 0.6201171875 0.1533203125 0.0703125
0 0.69140625 0.69921875 0.2001953125 0.056640625
0 0.998046875 0.490234375 0.07421875 0.0498046875
0 0.23046875 0.8359375 0.076171875 0.04296875
0 0.14453125 0.3974609375 0.140625 0.0458984375
0 0.59375 0.3955078125 0.1162109375 0.0537109375
0 0.42578125 0.4169921875 0.0732421875 0.1337890625
0 0.142578125 0.603515625 0.0634765625 0.0478515625
0 1.0 0.5048828125 0.0166015625 0.0146484375
0 0.79296875 0.826171875 0.146484375 0.0400390625
0 0.1826171875 0.384765625 0.078125 0.0361328125
0 0.486328125 0.3203125 0.0751953125 0.0517578125
0 0.3583984375 0.228515625 0.091796875 0.0595703125
0 0.783203125 0.748046875 0.05859375 0.0341796875
0 0.12890625 0.734375 0.12890625 0.0458984375
0 0.10576171875 0.693359375 0.10087890625 0.042285156249999956
0 0.2529296875 0.951171875 0.1162109375 0.037109375
0 0.052734375 0.4306640625 0.052734375 0.0390625
0 0.87890625 0.1328125 0.0986328125 0.044921875
0 0.9814453125 0.6494140625 0.09765625 0.046875
0 0.4677734375 0.291015625 0.11328125 0.0751953125
0 0.9287109375 0.3330078125 0.1240234375 0.060546875
0 0.8388671875 1.0 0.0927734375 0.029296875
0 0.0341796875 0.998046875 0.0341796875 0.0185546875
0 0.0654296875 0.8115234375 0.0634765625 0.0439453125
0 0.9384765625 0.0380859375 0.0390625 0.037109375
0 0.748046875 1.0 0.0654296875 0.0322265625
0 0.943359375 0.4951171875 0.060546875 0.0576171875
0 0.796875 0.837890625 0.0869140625 0.03125
0 0.6220703125 0.4482421875 0.0888671875 0.060546875
0 0.73046875 0.63671875 0.0986328125 0.05859375
0 0.611328125 0.083984375 0.0615234375 0.0537109375
