0 0.716796875 0.5302734375 0.1083984375 0.0625
0 0.7470703125 0.8037109375 0.109375 0.1005859375
0 0.3974609375 0.544921875 0.111328125 0.0673828125
0 1.0 0.654296875 0.064453125 0.0478515625
0 0.94921875 0.3564453125 0.072265625 0.0546875
0 0.2216796875 0.25 0.1064453125 0.078125
0 0.9677734375 0.873046875 0.1162109375 0.0439453125
0 0.4755859375 0.5791015625 0.0615234375 0.052734375
0 0.2099609375 0.201171875 0.0615234375 0.0791015625
0 0.06640625 0.33984375 0.0654296875 0.052734375
0 0.927734375 0.1181640625 0.0859375 0.0439453125
0 0.35546875 0.220703125 0.0537109375 0.0595703125
0 0.2900390625 0.380859375 0.083984375 0.0517578125
0 0.349609375 0.1025390625 0.0849609375 0.04296875
0 0.1357421875 0.2724609375 0.0673828125 0.0419921875
0 0.7802734375 0.076171875 0.064453125 0.0478515625
0 0.1044921875 0.3798828125 0.087890625 0.0400390625
0 0.7119140625 1.0 0.083984375 0.033203125
0 0.982421875 0.2265625 0.056640625 0.0458984375
0 0.783203125 0.5888671875 0.0849609375 0.0615234375
0 0.5712890625 0.904296875 0.0966796875 0.056640625
0 0.861328125 0.65625 0.0791015625 0.060546875
0 0.330078125 0.3623046875 0.0830078125 0.0537109375
0 0.505859375 0.27734375 0.0498046875 0.0263671875
0 0.6513671875 0.646484375 0.119140625 0.060546875
0 0.73046875 0.630859375 0.0849609375 0.0546875
0 0.1650390625 0.037109375 0.0634765625 0.037109375
0 0.673828125 0.02734375 0.0419921875 0.02734375
0 0.4287109375 0.35546875 0.0615234375 0.033203125
0 0.2060546875 0.369140625 0.048828125 0.04296875
0 0.1796875 0.3154296875 0.0732421875 0.044921875
0 0.7783203125 0.3935546875 0.0478515625 0.0546875
0 0.3896484375 0.03515625 0.052734375 0.03515625
0 0.5185546875 0.9638671875 0.0537109375 0.02734375
0 0.103515625 1.0 0.0966796875 0.0283203125
0 0.78515625 0.6357421875 0.068359375 0.068359375
0 0.6728515625 0.380859375 0.0625 0.0224609375
0 0.7529296875 0.3359375 0.0537109375 0.0390625
0 0.82421875 0.947265625 0.0634765625 0.037109375
0 0.17578125 0.1064453125 0.083984375 0.0361328125
0 0.5126953125 0.7177734375 0.0654296875 0.02734375
0 0.0966796875 0.0244140625 0.046875 0.0244140625
0 0.287109375 0.9326171875 0.0693359375 0.0380859375
0 0.5263671875 0.9306640625 0.0498046875 0.0234375
0 1.0 0.5869140625 0.0712890625 0.0732421875
0 0.1806640625 0.6220703125 0.111328125 0.0498046875
0 0.5185546875 0.0263671875 0.052734375 0.0263671875
0 0.4521484375 0.8837890625 0.0595703125 0.03515625
0 0.9091796875 0.9453125 0.03515625 0.0517578125
0 0.11328125 0.697265625 0.0732421875 0.03125
0 0.7890625 0.3271484375 0.0546875 0.0400390625
0 0.4814453125 0.6728515625 0.0576171875 0.0361328125
0 0.95703125 0.5634765625 0.0849609375 0.0654296875
0 0.9296875 0.6328125 0.0849609375 0.05859375
0 0.138671875 0.6708984375 0.119140625 0.0302734375
0 0.2666015625 0.2998046875 0.0791015625 0.0419921875
0 0.197265625 0.9580078125 0.103515625 0.04296875
0 0.384765625 0.8798828125 0.0654296875 0.0380859375
0 0.6123046875 0.59375 0.046875 0.03125
0 0.3896484375 0.27734375 0.0654296875 0.0390625
0 0.4501953125 1.0 0.0322265625 0.021484375
0 1.0 0.01953125 0.0322265625 0.01953125
0 0.7412109375 0.9951171875 0.0380859375 0.052734375
0 0.228515625 0.9169921875 0.0615234375 0.0302734375
0 0.322265625 0.625 0.0380859375 0.037109375
0 0.87109375 0.91796875 0.0751953125 0.041015625
0 0.1376953125 0.9833984375 0.060546875 0.0341796875
0 0.6806640625 0.3984375 0.0849609375 0.0224609375
0 0.0283203125 0.90625 0.0283203125 0.03515625
0 0.5224609375 0.734375 0.056640625 0.0166015625
0 0.3896484375 0.908203125 0.080078125 0.046875
0 0.841796875 0.7216796875 0.0439453125 0.0498046875
0 0.7255859375 0.06640625 0.048828125 0.04296875
