0 0.5986328125 0.591796875 0.0751953125 0.083984375
0 0.9130859375 0.50390625 0.0576171875 0.08984375
0 0.8076171875 0.9345703125 0.080078125 0.08984375
0 0.0732421875 0.84765625 0.0712890625 0.0712890625
0 0.095703125 0.2724609375 0.091796875 0.091796875
0 0.69921875 0.67578125 0.083984375 0.09375
0 0.1025390625 0.3837890625 0.09375 0.0498046875
0 0.9912109375 0.3193359375 0.087890625 0.095703125
0 0.2119140625 0.67578125 0.1181640625 0.0869140625
0 0.9970703125 0.97265625 0.1025390625 0.068359375
0 1.0 0.1728515625 0.0244140625 0.0693359375
0 0.3369140625 0.625 0.09765625 0.0908203125
0 0.5703125 0.92578125 0.0458984375 0.0673828125
0 0.533203125 0.087890625 0.0634765625 0.0712890625
0 0.52734375 0.5625 0.0703125 0.0693359375
0 0.42578125 0.72265625 0.0859375 0.06640625
0 0.4072265625 0.1689453125 0.1201171875 0.0458984375
0 0.3447265625 0.75 0.11328125 0.0673828125
0 1.0 0.603515625 0.05078125 0.0830078125
0 0.5859375 0.365234375 0.0546875 0.1005859375
0 0.25 0.2666015625 0.0634765625 0.0673828125
0 0.62890625 0.4736328125 0.099609375 0.056640625
0 0.4619140625 0.984375 0.0556640625 0.05859375
0 0.9208984375 0.4169921875 0.068359375 0.0537109375
0 0.7021484375 0.9423828125 0.037109375 0.083984375
0 0.42578125 0.1513671875 0.0732421875 0.09765625
0 0.525390625 0.8330078125 0.107421875 0.0791015625
0 0.2060546875 0.1083984375 0.109375 0.0791015625
0 0.1923828125 0.9599609375 0.0751953125 0.044921875
0 0.2900390625 0.36328125 0.0830078125 0.0625
0 0.4658203125 0.2158203125 0.07421875 0.052734375
0 0.5458984375 0.6611328125 0.1044921875 0.07421875
0 0.7744140625 0.6171875 0.0771484375 0.056640625
0 0.392578125 0.0771484375 0.078125 0.0771484375
0 0.2880859375 0.48046875 0.087890625 0.0576171875
0 0.05859375 0.650390625 0.052734375 0.0361328125
0 0.712890625 0.8798828125 0.09765625 0.03125
0 0.8955078125 0.6689453125 0.0537109375 0.0322265625
0 1.0 0.2314453125 0.052734375 0.11328125
0 0.126953125 0.5361328125 0.08984375 0.1005859375
0 0.53515625 0.1630859375 0.0556640625 0.0458984375
0 0.123046875 0.478515625 0.0849609375 0.0634765625
0 0.0517578125 0.919921875 0.0517578125 0.02734375
0 0.0791015625 0.5751953125 0.0791015625 0.03125
0 0.3115234375 0.98046875 0.0546875 0.0693359375
0 0.7021484375 0.1943359375 0.0478515625 0.0390625
0 0.138671875 0.947265625 0.1015625 0.041015625
0 0.7216796875 0.34765625 0.0771484375 0.041015625
0 0.064453125 0.9091796875 0.0634765625 0.0458984375
0 0.6328125 0.1845703125 0.0625 0.037109375
0 0.0458984375 0.9970703125 0.044921875 0.033203125
0 0.587890625 0.2744140625 0.10546875 0.06640625
0 0.494140625 0.587890625 0.0556640625 0.021484375
0 0.2578125 1.0 0.0625 0.0205078125
0 0.279296875 0.9912109375 0.0849609375 0.060546875
0 0.03125 0.845703125 0.03125 0.0537109375
0 0.3642578125 1.0 0.0849609375 0.0302734375
0 0.810546875 0.1318359375 0.04296875 0.0419921875
0 0.9091796875 1.0 0.0419921875 0.0654296875
0 0.8271484375 0.78125 0.0517578125 0.0439453125
0 0.392578125 0.7265625 0.0908203125 0.064453125
0 0.4248046875 0.759765625 0.0595703125 0.03515625
0 0.224609375 0.578125 0.04296875 0.09375
0 0.8134765625 0.7587890625 0.0634765625 0.0322265625
0 0.2568359375 0.9208984375 0.130859375 0.0869140625
0 0.595703125 0.9697265625 0.11328125 0.046875
0 0.845703125 0.890625 0.0673828125 0.0419921875
0 0.5322265625 0.0224609375 0.0537109375 0.0224609375
0 0.34375 0.3818359375 0.06640625 0.0625
