0 0.7021484375 0.9970703125 0.0625 0.0732421875
0 0.8193359375 0.3623046875 0.0732421875 0.0908203125
0 0.76171875 0.662109375 0.0849609375 0.068359375
0 0.2529296875 0.591796875 0.0615234375 0.0830078125
0 0.46484375 0.1591796875 0.0732421875 0.080078125
0 0.30078125 0.060546875 0.091796875 0.0546875
0 0.646484375 0.1552734375 0.056640625 0.0927734375
0 0.0458984375 0.6044921875 0.0458984375 0.1044921875
0 0.6611328125 0.6455078125 0.1083984375 0.080078125
0 0.322265625 0.55859375 0.095703125 0.052734375
0 0.708984375 0.1533203125 0.0830078125 0.072265625
0 0.4580078125 0.462890625 0.103515625 0.1201171875
0 0.9755859375 0.80859375 0.1005859375 0.08984375
0 0.1484375 0.533203125 0.0849609375 0.0888671875
0 0.0966796875 0.099609375 0.0615234375 0.0751953125
0 0.212890625 0.7421875 0.076171875 0.1044921875
0 0.8876953125 0.6513671875 0.0771484375 0.0556640625
0 0.875 0.8076171875 0.125 0.044921875
0 0.8173828125 0.921875 0.12890625 0.048828125
0 0.953125 0.712890625 0.1064453125 0.05859375
0 0.2607421875 0.81640625 0.080078125 0.076171875
0 0.369140625 0.7421875 0.1025390625 0.0849609375
0 0.90234375 0.19921875 0.0595703125 0.115234375
0 0.8447265625 0.212890625 0.076171875 0.0654296875
0 1.0 0.12890625 0.044921875 0.0771484375
0 0.845703125 0.0888671875 0.091796875 0.0810546875
0 0.41015625 0.341796875 0.0400390625 0.0849609375
0 0.9345703125 0.4248046875 0.08984375 0.0791015625
0 0.200390625 0.64482421875 0.10947265625 0.07666015625
0 0.70703125 0.73828125 0.0791015625 0.0458984375
0 0.3515625 0.4453125 0.0986328125 0.052734375
0 0.50390625 0.330078125 0.1005859375 0.10546875
0 0.39453125 0.1357421875 0.052734375 0.0439453125
0 0.72265625 0.6875 0.0615234375 0.0546875
0 0.390625 0.5244140625 0.0859375 0.0751953125
0 0.2646484375 0.4453125 0.099609375 0.10546875
0 0.8564453125 0.5185546875 0.0986328125 0.0458984375
0 0.76171875 0.2236328125 0.052734375 0.0693359375
0 0.3544921875 0.90625 0.099609375 0.0712890625
0 0.92578125 0.5791015625 0.060546875 0.03125
0 0.51953125 0.9931640625 0.0986328125 0.017578125
0 0.59375 0.0849609375 0.06640625 0.0439453125
0 0.7744140625 0.1796875 0.0517578125 0.0751953125
0 0.2578125 0.8984375 0.08984375 0.03125
0 1.0 0.259765625 0.03125 0.03125
0 0.1826171875 0.7529296875 0.0966796875 0.076171875
0 0.951171875 0.9951171875 0.052734375 0.0224609375
0 0.474609375 0.0380859375 0.0458984375 0.037109375
0 0.654296875 0.7890625 0.0537109375 0.0703125
0 0.232421875 0.1015625 0.060546875 0.0966796875
0 0.759765625 0.384765625 0.060546875 0.0693359375
0 0.048828125 0.62109375 0.048828125 0.03515625
0 0.6337890625 0.7822265625 0.0771484375 0.0869140625
0 0.10546875 0.42578125 0.0771484375 0.0458984375
0 0.6435546875 0.0517578125 0.064453125 0.029296875
0 0.34375 0.1728515625 0.083984375 0.0390625
0 0.5478515625 0.271484375 0.0869140625 0.0654296875
0 1.0 0.0966796875 0.0458984375 0.046875
0 0.8984375 0.7353515625 0.080078125 0.041015625
0 0.4951171875 0.564453125 0.064453125 0.029296875
0 0.275390625 0.138671875 0.08203125 0.064453125
0 0.7412109375 0.7998046875 0.0830078125 0.076171875
0 1.0 0.091796875 0.0283203125 0.091796875
0 0.498046875 0.7587890625 0.0859375 0.0556640625
0 0.73046875 0.7431640625 0.0478515625 0.0361328125
0 0.884765625 0.033203125 0.044921875 0.0322265625
0 0.5302734375 0.146484375 0.0517578125 0.0244140625
0 0.9951171875 0.232421875 0.0302734375 0.0673828125
0 0.8583984375 0.7958984375 0.0791015625 0.076171875
0 0.3759765625 0.400390625 0.0869140625 0.068359375
0 0.8359375 0.71875 0.0791015625 0.0478515625
0 0.80078125 0.732421875 0.060546875 0.0380859375
0 0.400390625 0.7880859375 0.08984375 0.0576171875
0 0.0595703125 0.400390625 0.0595703125 0.05859375
0 0.958984375 0.6953125 0.060546875 0.0498046875
