0 0.42578125 1.0 0.103515625 0.0537109375
0 0.8291015625 0.08984375 0.1044921875 0.0849609375
0 0.296875 0.90234375 0.0947265625 0.1015625
0 0.6796875 0.7265625 0.095703125 0.04296875
0 0.0693359375 0.5546875 0.0693359375 0.0830078125
0 0.0869140625 0.6640625 0.064453125 0.0693359375
0 0.859375 0.9091796875 0.091796875 0.0693359375
0 0.6494140625 0.193359375 0.07421875 0.08203125
0 0.8330078125 0.4609375 0.1240234375 0.091796875
0 0.9892578125 0.7265625 0.1240234375 0.060546875
0 0.9296875 1.0 0.080078125 0.080078125
0 0.2177734375 0.078125 0.0693359375 0.0771484375
0 1.0 0.412109375 0.0732421875 0.087890625
0 0.2998046875 0.9833984375 0.0908203125 0.0537109375
0 0.9765625 0.3046875 0.0888671875 0.0849609375
0 1.0 0.8388671875 0.05859375 0.0869140625
0 0.626953125 0.39453125 0.0625 0.0595703125
0 1.0 0.9716796875 0.0927734375 0.099609375
0 0.994140625 0.6591796875 0.0673828125 0.0849609375
0 0.166015625 0.345703125 0.078125 0.1591796875
