0 0.71484375 0.537109375 0.0830078125 0.0751953125
0 0.21484375 0.5849609375 0.11328125 0.0703125
0 0.9892578125 0.6767578125 0.1142578125 0.08203125
0 0.9521484375 0.529296875 0.15234375 0.1123046875
0 0.1044921875 1.0 0.1044921875 0.05078125
0 0.8974609375 0.3623046875 0.1005859375 0.0751953125
0 0.6845703125 0.44921875 0.1123046875 0.099609375
0 0.6943359375 0.625 0.099609375 0.078125
0 0.064453125 0.6494140625 0.064453125 0.0927734375
0 0.8896484375 0.9521484375 0.087890625 0.0703125
0 0.0322265625 0.5849609375 0.0322265625 0.0908203125
0 0.83984375 1.0 0.0703125 0.0654296875
0 0.8349609375 0.5166015625 0.115234375 0.07421875
0 0.8642578125 0.3447265625 0.0869140625 0.115234375
0 0.6943359375 0.232421875 0.072265625 0.078125
0 0.634765625 0.1494140625 0.0673828125 0.0869140625
0 0.072265625 0.2109375 0.052734375 0.0751953125
0 0.76953125 0.0673828125 0.0849609375 0.0654296875
0 0.8291015625 0.2099609375 0.07421875 0.1201171875
