0 0.35546875 0.0615234375 0.125 0.0615234375
0 0.259765625 0.2109375 0.091796875 0.115234375
0 0.15234375 0.1376953125 0.1142578125 0.1328125
0 0.060546875 0.2412109375 0.060546875 0.125
0 0.3984375 0.22265625 0.08984375 0.0888671875
0 0.19921875 0.3232421875 0.1259765625 0.1181640625
0 0.103515625 0.462890625 0.0927734375 0.080078125
0 0.703125 0.4150390625 0.091796875 0.099609375
0 0.5771484375 0.21875 0.05859375 0.064453125
0 0.5087890625 0.5009765625 0.08203125 0.0859375
0 0.236328125 0.65234375 0.1298828125 0.0703125
0 0.3125 0.6259765625 0.0849609375 0.0849609375
0 0.43359375 0.5556640625 0.0576171875 0.078125
0 0.521484375 0.5869140625 0.091796875 0.0712890625
0 0.5966796875 0.5380859375 0.0888671875 0.060546875
0 0.67578125 0.5888671875 0.0849609375 0.09765625
0 0.4052734375 0.75390625 0.099609375 0.1123046875
0 0.1689453125 0.9912109375 0.0791015625 0.080078125
0 0.2734375 0.958984375 0.08984375 0.07421875
0 0.3203125 0.9189453125 0.0654296875 0.0830078125
0 0.541015625 0.841796875 0.1103515625 0.080078125
0 0.5947265625 0.892578125 0.1181640625 0.0654296875
0 1.0 0.951171875 0.0595703125 0.150390625
0 0.916015625 0.75390625 0.078125 0.0732421875
0 0.8916015625 0.6904296875 0.068359375 0.068359375
0 0.677734375 0.7958984375 0.0771484375 0.1298828125
0 0.76953125 0.9248046875 0.1171875 0.19921875
0 0.9404296875 0.513671875 0.1044921875 0.1015625
0 0.875 0.4306640625 0.0830078125 0.080078125
0 0.8037109375 0.341796875 0.140625 0.080078125
0 0.7919921875 0.19140625 0.10546875 0.083984375
0 0.8916015625 0.1708984375 0.099609375 0.08984375
0 1.0 0.05859375 0.068359375 0.05859375
0 0.78125 0.0654296875 0.12109375 0.0654296875
0 0.8896484375 0.83203125 0.06640625 0.076171875
0 0.1591796875 0.3974609375 0.1328125 0.0732421875
0 0.3232421875 0.9873046875 0.123046875 0.0830078125
0 0.7666015625 0.38671875 0.0712890625 0.1611328125
0 0.923828125 0.0732421875 0.0517578125 0.0615234375
0 0.73046875 0.5810546875 0.052734375 0.0693359375
