0 0.7294921875 0.2470703125 0.0908203125 0.09375
0 0.7744140625 0.1904296875 0.0927734375 0.078125
0 0.89453125 0.2744140625 0.1552734375 0.083984375
0 0.7880859375 0.3232421875 0.080078125 0.0654296875
0 0.9921875 0.408203125 0.09375 0.0791015625
0 0.642578125 0.349609375 0.091796875 0.060546875
0 0.7099609375 0.3798828125 0.1005859375 0.07421875
0 0.4521484375 0.2412109375 0.150390625 0.0654296875
0 0.53125 0.3056640625 0.09765625 0.0810546875
0 0.333984375 0.306640625 0.0966796875 0.056640625
0 0.2763671875 0.25390625 0.087890625 0.0634765625
0 0.4326171875 0.318359375 0.0791015625 0.0703125
0 0.1630859375 0.2880859375 0.064453125 0.0693359375
0 0.224609375 0.34375 0.07421875 0.064453125
0 0.130859375 0.36328125 0.099609375 0.0908203125
0 0.0576171875 0.4345703125 0.0576171875 0.0693359375
0 0.5 0.140625 0.0869140625 0.0947265625
0 0.837890625 0.0771484375 0.087890625 0.0771484375
0 0.150390625 0.958984375 0.07421875 0.0947265625
0 0.33203125 1.0 0.0927734375 0.0732421875
0 0.361328125 0.9814453125 0.083984375 0.0908203125
0 0.416015625 0.900390625 0.1025390625 0.0966796875
0 0.3212890625 0.892578125 0.076171875 0.0830078125
0 0.3251953125 0.794921875 0.07421875 0.087890625
0 0.3681640625 0.75390625 0.0732421875 0.0947265625
0 0.51171875 0.705078125 0.0478515625 0.1279296875
0 0.6298828125 0.7802734375 0.0693359375 0.130859375
0 0.5986328125 0.83203125 0.0947265625 0.0693359375
0 0.5791015625 0.9189453125 0.0869140625 0.0810546875
0 0.77734375 1.0 0.087890625 0.0703125
0 0.744140625 0.8603515625 0.1103515625 0.0810546875
0 0.814453125 0.7744140625 0.150390625 0.078125
0 1.0 0.89453125 0.0595703125 0.115234375
0 0.2392578125 0.4697265625 0.107421875 0.0654296875
0 0.2509765625 0.611328125 0.0771484375 0.0654296875
0 0.279296875 0.556640625 0.1015625 0.0712890625
0 0.134765625 0.7470703125 0.06640625 0.0712890625
0 0.1953125 0.853515625 0.08984375 0.0654296875
0 0.4736328125 0.779296875 0.0771484375 0.078125
0 0.427734375 0.3984375 0.0771484375 0.078125
0 0.890625 0.75 0.07421875 0.07421875
0 0.8037109375 0.9111328125 0.0849609375 0.060546875
0 0.6611328125 0.8984375 0.0654296875 0.0595703125
0 0.9951171875 0.05859375 0.09765625 0.0546875
