0 0.8173828125 0.9423828125 0.1298828125 0.0703125
0 0.1845703125 1.0 0.0947265625 0.0556640625
0 0.1640625 0.943359375 0.1640625 0.09765625
0 0.9970703125 0.8173828125 0.1171875 0.0830078125
0 0.2099609375 0.751953125 0.130859375 0.1328125
0 0.83203125 0.7470703125 0.0947265625 0.107421875
0 0.2470703125 0.8974609375 0.1455078125 0.0732421875
0 0.9697265625 0.9951171875 0.1123046875 0.087890625
0 0.13671875 0.822265625 0.1201171875 0.078125
0 0.859375 0.8466796875 0.107421875 0.091796875
0 0.1591796875 0.7021484375 0.15234375 0.072265625
0 0.2216796875 0.8017578125 0.08984375 0.0693359375
0 0.9638671875 0.7421875 0.1298828125 0.1171875
