0 0.083984375 0.33984375 0.0625 0.087890625
0 0.16015625 0.361328125 0.072265625 0.1015625
0 0.294921875 0.3427734375 0.0703125 0.1162109375
0 0.28125 0.2216796875 0.087890625 0.06640625
0 0.4638671875 0.3818359375 0.0712890625 0.1025390625
0 0.4228515625 0.484375 0.068359375 0.0400390625
0 0.2548828125 0.48046875 0.0771484375 0.0537109375
0 0.265625 0.5625 0.0693359375 0.060546875
0 0.3095703125 0.55859375 0.06640625 0.056640625
0 0.3671875 0.5537109375 0.0576171875 0.05859375
0 0.400390625 0.615234375 0.0771484375 0.064453125
0 0.5517578125 0.55078125 0.06640625 0.05859375
0 0.478515625 0.5361328125 0.0673828125 0.072265625
0 0.49609375 0.4443359375 0.080078125 0.068359375
0 0.5439453125 0.466796875 0.05859375 0.0615234375
0 0.6455078125 0.470703125 0.0771484375 0.0634765625
0 0.693359375 0.4599609375 0.0556640625 0.056640625
0 0.7548828125 0.4521484375 0.0810546875 0.0791015625
0 0.8583984375 0.462890625 0.0625 0.0654296875
0 0.95703125 0.5166015625 0.0859375 0.0673828125
0 0.892578125 0.6171875 0.05078125 0.05859375
0 0.9931640625 0.6298828125 0.0751953125 0.060546875
0 0.9990234375 0.5576171875 0.0546875 0.0458984375
0 0.9091796875 0.3095703125 0.0625 0.0400390625
0 0.98828125 0.3583984375 0.05859375 0.08203125
0 1.0 0.251953125 0.0615234375 0.0732421875
0 0.798828125 0.0361328125 0.080078125 0.0361328125
0 0.70703125 0.1611328125 0.0517578125 0.0771484375
0 0.724609375 0.2109375 0.0615234375 0.05078125
0 0.779296875 0.138671875 0.0634765625 0.052734375
0 0.8134765625 0.1708984375 0.041015625 0.0615234375
0 0.923828125 0.1298828125 0.1220703125 0.0634765625
0 0.9560546875 0.16796875 0.134765625 0.052734375
0 1.0 0.0703125 0.0927734375 0.0390625
0 0.671875 0.0693359375 0.0595703125 0.0634765625
0 0.2265625 0.04296875 0.134765625 0.04296875
0 0.337890625 0.0322265625 0.0693359375 0.0322265625
0 0.142578125 0.0361328125 0.1201171875 0.0361328125
0 0.0810546875 0.6171875 0.0634765625 0.0634765625
0 0.1845703125 0.60546875 0.0546875 0.0634765625
0 0.0869140625 0.6865234375 0.0869140625 0.0693359375
0 0.1826171875 0.744140625 0.07421875 0.0830078125
0 0.1962890625 0.783203125 0.0625 0.1298828125
0 0.251953125 0.751953125 0.0654296875 0.08203125
0 0.484375 0.73046875 0.06640625 0.0595703125
0 0.5859375 0.779296875 0.10546875 0.0830078125
0 0.615234375 0.71484375 0.05859375 0.06640625
0 0.6318359375 0.8056640625 0.044921875 0.083984375
0 0.6884765625 0.833984375 0.064453125 0.080078125
0 0.7451171875 0.7685546875 0.06640625 0.0537109375
0 0.7958984375 0.7998046875 0.0546875 0.052734375
0 0.7919921875 0.849609375 0.0703125 0.0517578125
0 0.8857421875 0.8466796875 0.0537109375 0.0693359375
0 0.953125 0.818359375 0.080078125 0.0712890625
0 0.9404296875 0.966796875 0.123046875 0.0732421875
0 0.7998046875 0.9873046875 0.0478515625 0.0654296875
0 0.7099609375 0.927734375 0.0615234375 0.0732421875
0 0.642578125 0.9677734375 0.0634765625 0.0595703125
0 0.59375 0.9326171875 0.0615234375 0.0458984375
0 0.5263671875 0.890625 0.08984375 0.078125
0 0.48828125 0.8232421875 0.0625 0.05078125
0 0.4111328125 0.8486328125 0.060546875 0.0576171875
0 0.3505859375 0.869140625 0.052734375 0.0546875
0 0.365234375 0.921875 0.041015625 0.056640625
0 0.3037109375 0.8798828125 0.0556640625 0.0595703125
0 0.291015625 1.0 0.0615234375 0.125
0 0.5078125 0.955078125 0.1435546875 0.0654296875
0 0.0693359375 0.890625 0.0693359375 0.048828125
0 0.1923828125 0.998046875 0.134765625 0.0703125
0 0.1904296875 0.9150390625 0.109375 0.068359375
0 0.7529296875 0.53515625 0.0478515625 0.0478515625
0 0.904296875 0.216796875 0.056640625 0.0478515625
0 0.8642578125 0.5927734375 0.0341796875 0.0517578125
0 0.91796875 0.5771484375 0.0625 0.0380859375
0 0.0927734375 0.7490234375 0.08203125 0.072265625
0 0.0869140625 0.859375 0.06640625 0.05078125
0 0.3076171875 0.6171875 0.0615234375 0.056640625
0 0.484375 0.294921875 0.0537109375 0.0595703125
0 0.6845703125 0.2431640625 0.0830078125 0.048828125
0 0.498046875 0.2080078125 0.072265625 0.0654296875
