0 0.7919921875 0.1044921875 0.0791015625 0.1044921875
0 0.568359375 0.078125 0.078125 0.0771484375
0 0.8271484375 0.419921875 0.0771484375 0.09765625
0 0.296875 0.783203125 0.080078125 0.078125
0 0.8759765625 0.17578125 0.0869140625 0.0654296875
0 0.37109375 0.95703125 0.12109375 0.072265625
0 0.62890625 0.1728515625 0.087890625 0.0693359375
0 0.4453125 0.1259765625 0.12890625 0.064453125
0 0.1357421875 0.6650390625 0.11328125 0.0625
0 0.384765625 0.287109375 0.1123046875 0.048828125
0 0.8759765625 0.0986328125 0.1005859375 0.0869140625
0 0.623046875 0.6845703125 0.0849609375 0.046875
0 0.0986328125 0.302734375 0.09375 0.0703125
0 0.2685546875 0.6455078125 0.1220703125 0.0595703125
0 0.59375 0.8251953125 0.11328125 0.052734375
0 0.1923828125 0.5810546875 0.1044921875 0.072265625
0 0.171875 0.1396484375 0.0966796875 0.072265625
0 0.333984375 0.0625 0.0703125 0.0615234375
0 0.6279296875 0.5771484375 0.080078125 0.05078125
0 0.7353515625 0.0986328125 0.0771484375 0.052734375
0 1.0 0.4033203125 0.076171875 0.0390625
0 0.2421875 0.927734375 0.068359375 0.109375
0 0.654296875 0.359375 0.0751953125 0.048828125
0 0.3359375 0.3994140625 0.16796875 0.087890625
0 0.2685546875 0.708984375 0.1328125 0.0625
0 0.1376953125 0.0859375 0.1005859375 0.0732421875
0 0.8935546875 0.3935546875 0.09765625 0.06640625
0 0.482421875 0.43359375 0.09375 0.041015625
0 0.4833984375 0.0869140625 0.1474609375 0.0517578125
0 0.90625 0.703125 0.0849609375 0.0458984375
0 0.83984375 0.30078125 0.0908203125 0.046875
0 0.1533203125 0.3837890625 0.07421875 0.0458984375
0 0.81640625 0.720703125 0.1015625 0.048828125
0 0.263671875 0.4697265625 0.126953125 0.0693359375
0 0.6728515625 0.060546875 0.0869140625 0.060546875
0 0.951171875 0.345703125 0.10546875 0.029296875
0 0.9931640625 1.0 0.0859375 0.056640625
0 0.064453125 0.4072265625 0.064453125 0.0615234375
0 0.380859375 0.3720703125 0.068359375 0.0556640625
0 0.1474609375 0.5107421875 0.1025390625 0.0537109375
0 0.5771484375 0.212890625 0.0751953125 0.0390625
0 0.46875 0.400390625 0.09765625 0.044921875
0 1.0 0.3330078125 0.0458984375 0.0517578125
0 0.4931640625 0.068359375 0.0693359375 0.044921875
0 0.1298828125 0.8544921875 0.1298828125 0.05078125
0 0.8095703125 0.9638671875 0.0927734375 0.04296875
0 0.953125 0.9423828125 0.0712890625 0.03515625
0 0.5546875 0.416015625 0.0859375 0.0595703125
0 0.8876953125 0.4228515625 0.064453125 0.041015625
0 0.978515625 0.69140625 0.083984375 0.0537109375
0 0.1416015625 0.33984375 0.140625 0.05859375
0 0.728515625 0.6318359375 0.056640625 0.0322265625
0 0.923828125 0.986328125 0.0478515625 0.0439453125
0 0.103515625 0.447265625 0.0615234375 0.033203125
0 0.2236328125 0.767578125 0.1015625 0.0478515625
0 0.71875 0.9990234375 0.099609375 0.0498046875
0 1.0 0.1357421875 0.0166015625 0.0615234375
0 1.0 0.79296875 0.056640625 0.05859375
0 1.0 0.4853515625 0.0400390625 0.05078125
0 1.0 0.7412109375 0.048828125 0.03515625
0 0.6689453125 0.994140625 0.1240234375 0.0390625
0 0.6814453125 0.4919921875 0.11289062499999991 0.04970703125000003
0 0.8125 0.9814453125 0.087890625 0.0537109375
0 0.40625 0.041015625 0.0625 0.041015625
0 0.6875 0.7119140625 0.064453125 0.0419921875
0 0.8818359375 0.892578125 0.0654296875 0.0400390625
0 0.2236328125 0.78125 0.09375 0.046875
0 0.7060546875 0.7939453125 0.08203125 0.0517578125
0 0.9921875 0.353515625 0.0615234375 0.0537109375
0 1.0 0.666015625 0.0537109375 0.0439453125
0 0.3916015625 1.0 0.064453125 0.0283203125
0 0.140625 0.93359375 0.140625 0.04296875
0 0.322265625 0.1611328125 0.0791015625 0.0380859375
0 0.8916015625 0.91015625 0.0576171875 0.025390625
0 0.80078125 0.6923828125 0.029296875 0.083984375
0 0.9970703125 0.6845703125 0.04296875 0.03125
0 0.6865234375 0.5712890625 0.080078125 0.0625
0 0.59375 0.7392578125 0.0908203125 0.05078125
0 0.072265625 0.3828125 0.072265625 0.052734375
0 0.087890625 0.99609375 0.087890625 0.0537109375
0 0.4306640625 0.5224609375 0.05078125 0.0498046875
0 0.7333984375 0.7802734375 0.1015625 0.0546875
0 0.74609375 0.927734375 0.052734375 0.048828125
0 0.390625 0.0634765625 0.1025390625 0.0634765625
