0 0.4248046875 0.3046875 0.0556640625 0.125
0 0.15625 0.341796875 0.0654296875 0.0908203125
0 0.072265625 0.40234375 0.0673828125 0.0732421875
0 0.251953125 0.466796875 0.0703125 0.08984375
0 0.1171875 0.58984375 0.0751953125 0.125
0 0.4619140625 0.662109375 0.115234375 0.052734375
0 0.4248046875 0.4697265625 0.095703125 0.0927734375
0 0.8896484375 0.1796875 0.0849609375 0.1123046875
0 0.375 0.62890625 0.0849609375 0.05078125
0 0.1650390625 0.2294921875 0.072265625 0.0869140625
0 0.884765625 0.4892578125 0.0625 0.125
0 0.6015625 0.3369140625 0.064453125 0.064453125
0 0.751953125 0.3466796875 0.0576171875 0.1494140625
0 0.544921875 0.4248046875 0.0732421875 0.10546875
0 0.7099609375 0.197265625 0.1005859375 0.1025390625
0 0.8017578125 0.4375 0.0869140625 0.095703125
0 0.189453125 0.4443359375 0.072265625 0.0595703125
0 0.6201171875 0.880859375 0.0849609375 0.0537109375
0 0.634765625 0.169921875 0.0830078125 0.0732421875
0 1.0 0.396484375 0.03515625 0.056640625
0 0.822265625 0.607421875 0.0849609375 0.05078125
0 0.8291015625 0.4619140625 0.1142578125 0.064453125
0 0.2724609375 0.8037109375 0.037109375 0.060546875
0 0.056640625 0.5244140625 0.0546875 0.1025390625
0 0.2548828125 0.923828125 0.0556640625 0.0703125
0 0.591796875 0.791015625 0.044921875 0.0341796875
0 0.7646484375 0.2470703125 0.0927734375 0.080078125
0 0.76953125 0.169921875 0.0771484375 0.0751953125
