0 0.9619140625 0.9794921875 0.064453125 0.08203125
0 0.8291015625 0.412109375 0.1171875 0.10546875
0 0.8369140625 0.8125 0.0869140625 0.1806640625
0 0.994140625 0.841796875 0.072265625 0.0546875
0 0.1826171875 0.84375 0.1826171875 0.1474609375
0 0.6083984375 0.3046875 0.134765625 0.0673828125
0 0.58203125 0.7197265625 0.1396484375 0.0556640625
0 0.94921875 0.671875 0.064453125 0.0625
0 0.8623046875 0.9267578125 0.1025390625 0.0546875
0 0.6015625 0.4267578125 0.181640625 0.15234375
0 0.849609375 0.189453125 0.099609375 0.1875
0 0.796875 0.349609375 0.0751953125 0.1728515625
0 0.6748046875 0.40234375 0.0625 0.1474609375
0 0.2275390625 0.2333984375 0.0732421875 0.099609375
0 0.51171875 0.904296875 0.134765625 0.126953125
0 0.40234375 0.982421875 0.080078125 0.150390625
0 0.814453125 0.5166015625 0.0625 0.1220703125
0 1.0 0.38671875 0.1474609375 0.173828125
0 0.33984375 0.20703125 0.1103515625 0.1796875
0 0.109375 0.939453125 0.072265625 0.0771484375
0 0.625 0.224609375 0.060546875 0.052734375
0 0.671875 0.984375 0.0673828125 0.1474609375
0 0.5517578125 0.556640625 0.107421875 0.0771484375
0 0.3642578125 0.431640625 0.0498046875 0.109375
0 0.419921875 0.7841796875 0.0732421875 0.234375
0 0.5966796875 0.6015625 0.0576171875 0.07421875
0 1.0 0.4423828125 0.0751953125 0.0830078125
0 0.9619140625 0.5517578125 0.1025390625 0.0673828125
0 0.2744140625 0.44921875 0.1123046875 0.0771484375
0 0.0966796875 0.591796875 0.0947265625 0.0771484375
0 0.3916015625 0.5546875 0.109375 0.134765625
0 0.3046875 0.599609375 0.15234375 0.1328125
0 0.732421875 0.806640625 0.052734375 0.0625
0 0.904296875 0.52734375 0.0625 0.080078125
0 0.15234375 0.41796875 0.1455078125 0.0947265625
0 0.689453125 0.939453125 0.107421875 0.1923828125
0 0.1923828125 0.2646484375 0.087890625 0.107421875
0 0.1640625 0.26953125 0.13671875 0.2470703125
0 0.5068359375 0.6748046875 0.1025390625 0.267578125
0 0.6572265625 0.7099609375 0.087890625 0.142578125
0 0.0771484375 0.5146484375 0.0751953125 0.1650390625
0 0.4697265625 0.07421875 0.080078125 0.072265625
0 0.6748046875 0.7197265625 0.10546875 0.0654296875
0 0.7099609375 0.751953125 0.068359375 0.2197265625
0 0.65234375 0.9794921875 0.0556640625 0.21484375
0 0.6728515625 0.025390625 0.0654296875 0.0234375
0 0.1494140625 0.419921875 0.1474609375 0.1650390625
0 0.2900390625 0.6865234375 0.064453125 0.287109375
0 0.572265625 0.822265625 0.09765625 0.1552734375
0 1.0 0.154296875 0.056640625 0.115234375
0 0.07421875 0.0849609375 0.072265625 0.0830078125
0 0.099609375 0.7099609375 0.0947265625 0.0703125
0 0.3671875 0.244140625 0.0849609375 0.21484375
0 0.396484375 0.0537109375 0.0751953125 0.0537109375
0 0.0546875 0.6875 0.052734375 0.0751953125
0 0.3642578125 0.994140625 0.08203125 0.1025390625
0 0.349609375 0.8125 0.0498046875 0.1708984375
0 0.697265625 0.6416015625 0.0751953125 0.046875
0 0.572265625 0.0341796875 0.033203125 0.0322265625
0 0.4189453125 0.671875 0.13671875 0.119140625
0 0.9296875 0.029296875 0.044921875 0.02734375
