0 0.5849609375 0.2978515625 0.072265625 0.080078125
0 0.6591796875 0.08984375 0.060546875 0.083984375
0 0.4765625 0.19140625 0.0654296875 0.1123046875
0 0.9248046875 0.0791015625 0.0625 0.0791015625
0 0.373046875 0.51171875 0.0771484375 0.0830078125
0 1.0 0.3232421875 0.03515625 0.0703125
0 0.2861328125 0.078125 0.0791015625 0.0771484375
0 0.447265625 0.2822265625 0.083984375 0.0947265625
0 0.6328125 0.59375 0.0810546875 0.0751953125
0 0.7998046875 0.115234375 0.0751953125 0.0703125
0 0.7177734375 0.37109375 0.08984375 0.0966796875
0 0.994140625 0.1513671875 0.0625 0.0771484375
0 0.34375 0.5673828125 0.0830078125 0.0771484375
0 1.0 0.6005859375 0.0458984375 0.0556640625
0 0.9794921875 0.23046875 0.10546875 0.0869140625
0 0.849609375 0.3583984375 0.126953125 0.083984375
0 0.880859375 0.8212890625 0.0888671875 0.068359375
0 0.16796875 0.2763671875 0.0869140625 0.083984375
0 0.1572265625 0.98046875 0.119140625 0.083984375
0 0.447265625 0.3955078125 0.0927734375 0.11328125
0 1.0 0.900390625 0.0234375 0.052734375
0 0.205078125 0.806640625 0.1005859375 0.0615234375
0 0.6025390625 0.9609375 0.0673828125 0.1484375
0 0.912109375 0.4951171875 0.111328125 0.0673828125
0 0.6845703125 0.98046875 0.078125 0.0625
0 1.0 0.0732421875 0.02734375 0.072265625
0 0.171875 0.06640625 0.115234375 0.0654296875
0 1.0 0.42578125 0.0546875 0.0712890625
0 0.2822265625 0.720703125 0.072265625 0.0615234375
0 0.6865234375 0.2890625 0.0361328125 0.080078125
0 0.779296875 0.2666015625 0.0556640625 0.0751953125
0 0.4501953125 0.7138671875 0.0625 0.0654296875
0 0.4208984375 0.2998046875 0.072265625 0.0458984375
0 0.2080078125 0.369140625 0.15234375 0.0869140625
0 0.1044921875 0.2724609375 0.099609375 0.0673828125
0 0.3369140625 0.990234375 0.1083984375 0.05859375
0 0.142578125 0.431640625 0.119140625 0.1005859375
0 0.18359375 0.171875 0.076171875 0.0859375
0 0.333984375 0.283203125 0.080078125 0.0966796875
0 0.951171875 0.3857421875 0.0849609375 0.078125
0 0.8125 0.68359375 0.095703125 0.029296875
0 0.150390625 0.69140625 0.087890625 0.0703125
0 1.0 0.810546875 0.0361328125 0.087890625
0 0.4892578125 0.81640625 0.134765625 0.0546875
0 0.12109375 0.728515625 0.0712890625 0.0478515625
0 0.4755859375 0.5390625 0.0703125 0.044921875
0 0.560546875 0.5859375 0.0771484375 0.0615234375
0 0.5 0.9169921875 0.052734375 0.087890625
0 0.4072265625 0.7197265625 0.0615234375 0.056640625
0 0.4873046875 0.6923828125 0.0556640625 0.052734375
0 0.36328125 0.6435546875 0.0595703125 0.0478515625
0 0.263671875 0.994140625 0.0771484375 0.0947265625
0 0.0986328125 0.6845703125 0.0556640625 0.056640625
0 0.7939453125 0.654296875 0.0634765625 0.05078125
0 0.783203125 0.767578125 0.0693359375 0.037109375
0 0.2177734375 0.0439453125 0.0673828125 0.0439453125
0 0.263671875 0.3125 0.08203125 0.0439453125
0 0.583984375 0.22265625 0.0498046875 0.0400390625
0 0.4365234375 0.162109375 0.05859375 0.0634765625
0 0.0341796875 0.78515625 0.0341796875 0.0400390625
0 0.564453125 0.6025390625 0.087890625 0.0673828125
0 0.34765625 0.9306640625 0.1298828125 0.0458984375
0 1.0 0.6181640625 0.052734375 0.0546875
0 0.1845703125 0.9306640625 0.0517578125 0.03515625
0 0.2783203125 0.1845703125 0.142578125 0.0986328125
0 0.9912109375 0.080078125 0.0625 0.0751953125
0 0.69140625 0.7392578125 0.087890625 0.0458984375
0 0.7890625 0.86328125 0.05078125 0.029296875
0 0.978515625 0.7509765625 0.046875 0.0556640625
0 0.03125 0.64453125 0.03125 0.05859375
