0 0.419921875 0.0625 0.095703125 0.0625
0 0.3251953125 0.169921875 0.0966796875 0.0947265625
0 0.4619140625 0.1552734375 0.0830078125 0.1005859375
0 0.2119140625 0.0400390625 0.080078125 0.0400390625
0 0.171875 0.1318359375 0.076171875 0.087890625
0 0.10546875 0.2001953125 0.0947265625 0.0556640625
0 0.15234375 0.26171875 0.0712890625 0.05078125
0 0.029296875 0.2685546875 0.029296875 0.064453125
0 0.009765625 0.3095703125 0.009765625 0.046875
0 0.0283203125 0.6708984375 0.0283203125 0.0546875
0 0.146484375 0.65625 0.05859375 0.064453125
0 0.1015625 0.755859375 0.0771484375 0.0654296875
0 0.2763671875 0.787109375 0.142578125 0.08203125
0 0.3798828125 0.7841796875 0.115234375 0.06640625
0 0.25390625 0.6708984375 0.056640625 0.0751953125
0 0.287109375 0.677734375 0.052734375 0.076171875
0 0.36328125 0.6669921875 0.068359375 0.06640625
0 0.3759765625 0.71484375 0.099609375 0.0703125
0 0.4052734375 0.67578125 0.0517578125 0.0771484375
0 0.5771484375 0.560546875 0.0810546875 0.0927734375
0 0.642578125 0.48046875 0.0693359375 0.09765625
0 0.56640625 0.283203125 0.0859375 0.0458984375
0 0.48046875 0.25390625 0.0615234375 0.0732421875
0 0.671875 0.1865234375 0.048828125 0.0771484375
0 0.92578125 0.0576171875 0.08203125 0.0576171875
0 0.857421875 0.1923828125 0.0703125 0.0869140625
0 0.8310546875 0.2265625 0.111328125 0.0712890625
0 0.7587890625 0.2578125 0.10546875 0.0546875
0 0.98046875 0.169921875 0.064453125 0.072265625
0 0.9951171875 0.357421875 0.1259765625 0.083984375
0 0.865234375 0.302734375 0.16015625 0.05859375
0 0.8203125 0.3349609375 0.091796875 0.0537109375
0 1.0 0.41015625 0.080078125 0.052734375
0 0.806640625 0.5498046875 0.1259765625 0.0654296875
0 0.9228515625 0.537109375 0.0830078125 0.0859375
0 0.9560546875 0.5947265625 0.0888671875 0.0556640625
0 0.8857421875 0.619140625 0.0751953125 0.0546875
0 0.806640625 0.626953125 0.109375 0.0771484375
0 0.6494140625 0.6298828125 0.103515625 0.09375
0 0.5615234375 0.693359375 0.0556640625 0.0673828125
0 0.5791015625 0.7802734375 0.0458984375 0.0703125
0 0.6845703125 0.806640625 0.11328125 0.0947265625
0 0.8896484375 0.8388671875 0.115234375 0.0888671875
0 0.9052734375 0.7119140625 0.107421875 0.056640625
0 1.0 0.701171875 0.1181640625 0.087890625
0 0.7744140625 1.0 0.1298828125 0.0400390625
