0 0.080078125 0.08984375 0.080078125 0.08984375
0 0.1806640625 0.0166015625 0.0791015625 0.0166015625
0 0.2919921875 0.103515625 0.0634765625 0.0810546875
0 0.3671875 0.0166015625 0.0771484375 0.0166015625
0 0.12890625 0.2626953125 0.0908203125 0.1015625
0 0.2421875 0.328125 0.111328125 0.1689453125
0 0.125 0.4248046875 0.0732421875 0.0849609375
0 0.0224609375 0.431640625 0.0224609375 0.08984375
0 0.71484375 0.099609375 0.0791015625 0.0830078125
0 0.75390625 0.2431640625 0.0849609375 0.10546875
0 0.6396484375 0.216796875 0.0537109375 0.0654296875
0 0.626953125 0.2724609375 0.056640625 0.0634765625
0 0.5361328125 0.3857421875 0.0849609375 0.091796875
0 0.6201171875 0.36328125 0.078125 0.0615234375
0 0.6513671875 0.44921875 0.0634765625 0.0673828125
0 0.9130859375 0.25 0.09765625 0.0869140625
0 0.921875 0.0224609375 0.0751953125 0.0224609375
0 0.8671875 0.37890625 0.04296875 0.068359375
0 0.857421875 0.572265625 0.0693359375 0.0703125
0 0.818359375 0.8017578125 0.080078125 0.0888671875
0 0.08984375 0.5654296875 0.0771484375 0.125
0 0.1708984375 0.5244140625 0.0712890625 0.0615234375
0 0.0498046875 0.703125 0.0498046875 0.095703125
0 0.076171875 0.9287109375 0.0654296875 0.0673828125
0 0.205078125 0.7763671875 0.0693359375 0.083984375
0 0.232421875 0.8701171875 0.0810546875 0.072265625
0 0.203125 0.9951171875 0.08984375 0.08203125
0 0.1005859375 1.0 0.064453125 0.0576171875
0 0.451171875 0.7783203125 0.0830078125 0.0810546875
0 0.5283203125 0.880859375 0.0732421875 0.0966796875
0 0.3896484375 0.958984375 0.095703125 0.107421875
0 0.6357421875 0.935546875 0.0615234375 0.1015625
0 0.6806640625 0.876953125 0.0498046875 0.0791015625
0 0.990234375 0.849609375 0.0791015625 0.1044921875
0 1.0 0.7978515625 0.02734375 0.0673828125
0 1.0 0.4150390625 0.0283203125 0.0712890625
0 1.0 0.1748046875 0.01953125 0.0791015625
0 0.978515625 0.1455078125 0.0830078125 0.0712890625
0 0.208984375 0.1328125 0.1640625 0.06640625
0 0.369140625 0.46484375 0.0771484375 0.1142578125
0 0.2041015625 0.3388671875 0.083984375 0.0546875
0 0.2734375 0.173828125 0.0849609375 0.0791015625
0 0.251953125 0.072265625 0.08203125 0.072265625
0 0.82421875 0.279296875 0.0908203125 0.0859375
0 0.9091796875 0.6513671875 0.0625 0.0634765625
0 0.85546875 1.0 0.0732421875 0.0595703125
0 0.966796875 1.0 0.0888671875 0.048828125
0 1.0 0.8876953125 0.01953125 0.1142578125
