0 0.6591796875 0.63671875 0.0654296875 0.1279296875
0 0.6640625 0.4423828125 0.0654296875 0.080078125
0 0.654296875 0.34765625 0.083984375 0.072265625
0 0.7607421875 0.484375 0.033203125 0.18359375
0 0.751953125 0.8359375 0.09375 0.078125
0 0.5654296875 0.6962890625 0.068359375 0.068359375
0 0.6787109375 0.89453125 0.0712890625 0.1640625
0 0.0859375 0.451171875 0.060546875 0.0634765625
0 0.0615234375 0.658203125 0.0615234375 0.1552734375
0 0.9794921875 0.453125 0.1474609375 0.068359375
0 0.07421875 0.1083984375 0.072265625 0.0830078125
0 0.5478515625 0.4189453125 0.0810546875 0.0810546875
0 1.0 0.0966796875 0.0693359375 0.068359375
0 0.615234375 0.1279296875 0.134765625 0.076171875
0 0.1494140625 0.1015625 0.0703125 0.0546875
0 0.6259765625 0.88671875 0.08203125 0.3154296875
0 0.650390625 0.060546875 0.1064453125 0.060546875
0 1.0 0.6455078125 0.2109375 0.078125
0 0.46484375 0.939453125 0.1689453125 0.0849609375
0 0.0400390625 0.8642578125 0.0400390625 0.1015625
0 0.482421875 0.458984375 0.1015625 0.0712890625
0 0.3115234375 0.4345703125 0.0859375 0.06640625
0 0.7978515625 0.1826171875 0.1103515625 0.09765625
0 0.966796875 0.7392578125 0.1298828125 0.0771484375
0 0.8359375 0.7109375 0.1318359375 0.0732421875
0 0.90625 0.7841796875 0.2177734375 0.083984375
0 0.9951171875 0.8486328125 0.177734375 0.0712890625
0 0.8740234375 0.9033203125 0.1181640625 0.0673828125
0 0.9736328125 0.9189453125 0.1064453125 0.0556640625
0 0.9345703125 0.998046875 0.0703125 0.0595703125
0 1.0 0.9970703125 0.0673828125 0.068359375
0 0.751953125 0.4267578125 0.0673828125 0.0537109375
0 0.7490234375 0.365234375 0.052734375 0.041015625
0 0.7958984375 0.4111328125 0.0859375 0.0732421875
0 0.861328125 0.3193359375 0.1142578125 0.0537109375
0 0.837890625 0.2607421875 0.1064453125 0.07421875
0 0.365234375 0.0966796875 0.1796875 0.083984375
0 0.849609375 0.0205078125 0.0458984375 0.0205078125
0 0.1533203125 0.40625 0.0751953125 0.0634765625
0 0.0556640625 0.3896484375 0.0517578125 0.0703125
0 0.1953125 0.904296875 0.0478515625 0.03125
0 0.0302734375 1.0 0.0283203125 0.0146484375
0 0.07421875 0.0322265625 0.068359375 0.0322265625
