0 0.1298828125 0.1669921875 0.1298828125 0.087890625
0 0.6875 0.484375 0.11328125 0.1201171875
0 0.6748046875 0.220703125 0.16015625 0.109375
0 0.7392578125 0.0595703125 0.1171875 0.0595703125
0 0.3271484375 0.244140625 0.0927734375 0.1025390625
0 0.1171875 0.0625 0.1171875 0.0625
0 0.0869140625 0.314453125 0.0869140625 0.0771484375
0 0.072265625 0.8271484375 0.072265625 0.0927734375
0 0.90234375 0.9140625 0.0830078125 0.072265625
0 0.5341796875 0.9697265625 0.1171875 0.1123046875
0 0.912109375 0.814453125 0.1025390625 0.0751953125
0 0.9814453125 0.201171875 0.0986328125 0.0859375
0 0.439453125 0.7109375 0.1005859375 0.0703125
0 0.529296875 0.4443359375 0.08984375 0.080078125
