0 0.0244140625 0.080078125 0.0244140625 0.080078125
0 0.1396484375 0.2197265625 0.0888671875 0.076171875
0 0.1220703125 0.33203125 0.0791015625 0.0908203125
0 0.134765625 0.513671875 0.08984375 0.130859375
0 0.2744140625 0.431640625 0.0908203125 0.125
0 0.359375 0.4248046875 0.0712890625 0.083984375
0 0.322265625 0.3095703125 0.0947265625 0.1611328125
0 0.5 0.3251953125 0.0673828125 0.1357421875
0 0.5908203125 0.30078125 0.080078125 0.0859375
0 0.455078125 0.2001953125 0.099609375 0.1337890625
0 0.529296875 0.091796875 0.0908203125 0.06640625
0 0.6171875 0.158203125 0.06640625 0.0576171875
0 0.6767578125 0.234375 0.0498046875 0.05078125
0 0.736328125 0.259765625 0.0615234375 0.1044921875
0 0.74609375 0.3310546875 0.0634765625 0.0693359375
0 0.6201171875 0.42578125 0.1318359375 0.080078125
0 0.7685546875 0.427734375 0.1201171875 0.078125
0 0.75 0.4951171875 0.08203125 0.0625
0 0.6591796875 0.6044921875 0.1064453125 0.130859375
0 0.4755859375 0.5224609375 0.0888671875 0.0869140625
0 0.474609375 0.5634765625 0.0625 0.05078125
0 0.3955078125 0.640625 0.1982421875 0.1220703125
0 0.71484375 0.7158203125 0.09375 0.09375
0 0.521484375 0.736328125 0.0859375 0.060546875
0 0.7626953125 0.8134765625 0.119140625 0.0927734375
0 0.146484375 0.6796875 0.1015625 0.09375
0 0.16796875 0.7470703125 0.1162109375 0.05859375
0 0.2255859375 0.8369140625 0.123046875 0.0654296875
0 0.423828125 0.87109375 0.103515625 0.09765625
0 0.361328125 1.0 0.0830078125 0.1162109375
0 0.2939453125 1.0 0.1103515625 0.0166015625
0 0.18359375 1.0 0.0810546875 0.0224609375
0 0.1640625 0.892578125 0.103515625 0.060546875
0 0.0380859375 0.9150390625 0.0380859375 0.072265625
0 0.60546875 0.8505859375 0.0615234375 0.0517578125
0 0.5771484375 1.0 0.0751953125 0.1337890625
0 0.67578125 0.9970703125 0.068359375 0.107421875
0 0.8232421875 0.9521484375 0.1416015625 0.1005859375
0 1.0 0.9873046875 0.0537109375 0.0810546875
0 0.9033203125 0.970703125 0.080078125 0.15625
0 0.984375 0.833984375 0.1123046875 0.123046875
0 1.0 0.73828125 0.109375 0.166015625
0 1.0 0.5439453125 0.12109375 0.0703125
0 1.0 0.4443359375 0.130859375 0.0947265625
0 0.6826171875 0.0791015625 0.0732421875 0.0556640625
0 0.62109375 0.2158203125 0.0791015625 0.0546875
0 0.310546875 0.787109375 0.0693359375 0.095703125
0 0.2548828125 0.8115234375 0.19921875 0.119140625
0 0.4921875 0.234375 0.125 0.083984375
0 0.8974609375 0.2314453125 0.1103515625 0.126953125
0 0.8564453125 0.2978515625 0.11328125 0.08203125
0 0.599609375 0.5048828125 0.087890625 0.064453125
0 0.904296875 0.060546875 0.0849609375 0.060546875
