0 1.0 0.310546875 0.0771484375 0.06640625
0 1.0 0.181640625 0.0400390625 0.0810546875
0 1.0 0.0771484375 0.0595703125 0.05859375
0 1.0 0.9033203125 0.068359375 0.08984375
0 0.828125 0.2255859375 0.07421875 0.08984375
0 0.9296875 0.177734375 0.0615234375 0.087890625
0 0.875 0.31640625 0.0791015625 0.109375
0 0.8056640625 0.291015625 0.05078125 0.060546875
0 0.650390625 0.279296875 0.0771484375 0.0908203125
0 0.5439453125 0.3388671875 0.095703125 0.0732421875
0 0.7841796875 0.4873046875 0.068359375 0.1044921875
0 0.8857421875 0.4921875 0.0830078125 0.099609375
0 1.0 0.51171875 0.0595703125 0.08203125
0 0.984375 0.41796875 0.0771484375 0.0673828125
0 0.701171875 0.5712890625 0.0654296875 0.10546875
0 0.7685546875 0.7431640625 0.0791015625 0.1171875
0 0.751953125 0.8203125 0.056640625 0.068359375
0 0.6171875 0.8427734375 0.109375 0.0654296875
0 0.9560546875 0.6953125 0.083984375 0.052734375
0 0.8720703125 0.6904296875 0.0634765625 0.07421875
0 0.94921875 0.9443359375 0.0556640625 0.0576171875
0 0.9814453125 1.0 0.078125 0.048828125
0 0.8798828125 1.0 0.0654296875 0.0439453125
0 0.583984375 1.0 0.103515625 0.0810546875
0 0.2158203125 0.94140625 0.056640625 0.0908203125
0 0.4453125 0.958984375 0.1015625 0.11328125
0 0.310546875 0.7958984375 0.0947265625 0.0517578125
0 0.236328125 0.76171875 0.083984375 0.0517578125
0 0.1865234375 0.7294921875 0.169921875 0.0791015625
0 0.17578125 0.5771484375 0.06640625 0.05859375
0 0.2177734375 0.5546875 0.056640625 0.048828125
0 0.2939453125 0.5283203125 0.1201171875 0.0771484375
0 0.1484375 0.513671875 0.068359375 0.12109375
0 0.3349609375 0.484375 0.072265625 0.111328125
0 0.4013671875 0.494140625 0.078125 0.1103515625
0 0.5693359375 0.560546875 0.078125 0.09765625
0 0.306640625 0.337890625 0.0732421875 0.068359375
0 0.2265625 0.21875 0.0625 0.0771484375
0 0.130859375 0.2548828125 0.041015625 0.0830078125
0 0.2041015625 0.1630859375 0.0986328125 0.0908203125
0 0.4814453125 0.224609375 0.091796875 0.1220703125
0 0.5107421875 0.14453125 0.072265625 0.09375
0 0.6474609375 0.029296875 0.0703125 0.029296875
0 0.2734375 0.0419921875 0.1103515625 0.0419921875
0 0.5810546875 0.70703125 0.0546875 0.0576171875
0 0.517578125 0.65625 0.05859375 0.05078125
0 0.287109375 0.66015625 0.0546875 0.046875
0 0.349609375 0.9326171875 0.0498046875 0.0556640625
0 0.2607421875 0.8720703125 0.0888671875 0.0517578125
0 0.23046875 0.9638671875 0.05859375 0.05859375
0 0.255859375 0.5126953125 0.0751953125 0.1171875
0 0.8603515625 0.5283203125 0.0703125 0.064453125
