0 0.9287109375 0.1181640625 0.0693359375 0.1142578125
0 0.84375 0.0400390625 0.0576171875 0.0400390625
0 0.625 0.1376953125 0.0693359375 0.0703125
0 0.7587890625 0.1923828125 0.1318359375 0.0908203125
0 0.9130859375 0.2607421875 0.11328125 0.0859375
0 0.966796875 0.4150390625 0.0947265625 0.0634765625
0 0.734375 0.365234375 0.1162109375 0.0771484375
0 0.751953125 0.2978515625 0.0771484375 0.0791015625
0 0.580078125 0.2626953125 0.0693359375 0.087890625
0 0.453125 0.2431640625 0.0830078125 0.0859375
0 0.3837890625 0.36328125 0.06640625 0.0693359375
0 0.705078125 0.55859375 0.119140625 0.08984375
0 0.599609375 0.630859375 0.109375 0.072265625
0 0.853515625 0.697265625 0.12890625 0.109375
0 0.6416015625 0.7861328125 0.0859375 0.12109375
0 0.572265625 0.8359375 0.083984375 0.095703125
0 0.251953125 0.7939453125 0.123046875 0.0751953125
0 0.1318359375 0.8017578125 0.1318359375 0.080078125
0 0.1728515625 0.6201171875 0.138671875 0.076171875
0 0.330078125 0.5205078125 0.126953125 0.0869140625
0 0.380859375 0.6630859375 0.0966796875 0.115234375
0 0.435546875 0.6357421875 0.078125 0.080078125
0 0.7880859375 0.87890625 0.0810546875 0.1025390625
0 1.0 0.8681640625 0.0927734375 0.08203125
0 0.70703125 0.9970703125 0.1982421875 0.072265625
0 0.11328125 0.5087890625 0.11328125 0.0947265625
0 0.1201171875 0.3876953125 0.1201171875 0.044921875
0 0.1513671875 0.333984375 0.099609375 0.0537109375
0 0.234375 0.2265625 0.1484375 0.0654296875
0 0.328125 0.1494140625 0.109375 0.0517578125
0 1.0 0.556640625 0.033203125 0.1162109375
0 0.33203125 0.837890625 0.0888671875 0.0810546875
0 0.2451171875 0.8994140625 0.109375 0.1103515625
0 0.470703125 0.1201171875 0.0810546875 0.0634765625
0 1.0 0.298828125 0.03125 0.0517578125
