0 0.0546875 0.744140625 0.0546875 0.08203125
0 0.6767578125 0.3818359375 0.15234375 0.0869140625
0 0.0966796875 0.216796875 0.0966796875 0.1171875
0 0.6572265625 0.5947265625 0.1181640625 0.1279296875
0 0.6162109375 0.7470703125 0.125 0.1025390625
0 0.5146484375 0.537109375 0.1123046875 0.099609375
0 0.0361328125 0.515625 0.0361328125 0.0703125
0 0.39453125 0.931640625 0.09765625 0.080078125
0 0.046875 0.125 0.046875 0.080078125
0 0.9658203125 0.3154296875 0.2138671875 0.0986328125
0 0.3994140625 0.822265625 0.0478515625 0.0673828125
0 0.4697265625 0.6396484375 0.15234375 0.080078125
0 0.279296875 0.94921875 0.14453125 0.1005859375
0 0.123046875 0.87109375 0.0947265625 0.0771484375
0 0.017578125 0.9189453125 0.017578125 0.064453125
0 0.3408203125 0.048828125 0.09765625 0.048828125
0 0.7919921875 0.6474609375 0.0673828125 0.0654296875
0 0.8525390625 0.2177734375 0.125 0.107421875
0 0.3994140625 1.0 0.08984375 0.09765625
0 0.27734375 0.4765625 0.09765625 0.0498046875
0 0.8857421875 0.904296875 0.0849609375 0.0693359375
