0 0.63671875 0.244140625 0.0908203125 0.1796875
0 0.7822265625 0.38671875 0.1123046875 0.1171875
0 0.703125 0.2939453125 0.0888671875 0.1123046875
0 0.2919921875 1.0 0.1044921875 0.0703125
0 0.318359375 0.5654296875 0.1591796875 0.2109375
0 0.1220703125 0.6728515625 0.0947265625 0.1005859375
0 0.181640625 0.890625 0.0771484375 0.138671875
0 0.7412109375 0.669921875 0.125 0.162109375
0 0.248046875 0.33984375 0.0810546875 0.1025390625
0 0.7958984375 0.51953125 0.0966796875 0.109375
0 0.322265625 0.9248046875 0.080078125 0.0751953125
0 0.1279296875 0.9140625 0.087890625 0.072265625
0 0.166015625 0.5107421875 0.0927734375 0.0966796875
0 0.1591796875 0.4296875 0.107421875 0.1171875
0 0.115234375 0.2197265625 0.11328125 0.109375
0 0.2548828125 0.6044921875 0.0673828125 0.0625
0 0.0947265625 0.4619140625 0.080078125 0.1171875
0 0.0966796875 0.1337890625 0.09375 0.1103515625
0 0.8154296875 0.4658203125 0.1123046875 0.0927734375
0 0.046875 0.8037109375 0.046875 0.111328125
0 0.068359375 0.4580078125 0.068359375 0.0966796875
0 0.794921875 0.6279296875 0.0693359375 0.115234375
