0 0.505859375 0.966796875 0.0966796875 0.1630859375
0 0.6787109375 0.9892578125 0.171875 0.080078125
0 0.6591796875 0.9150390625 0.162109375 0.080078125
0 0.2783203125 0.9677734375 0.080078125 0.0556640625
0 0.9482421875 0.8271484375 0.1806640625 0.1640625
0 0.7978515625 1.0 0.0673828125 0.2109375
0 0.6796875 0.912109375 0.0576171875 0.1416015625
0 0.998046875 0.9990234375 0.1044921875 0.1171875
0 0.9375 0.9990234375 0.1044921875 0.212890625
0 0.88671875 0.9521484375 0.09375 0.1005859375
0 0.74609375 1.0 0.0771484375 0.1025390625
0 0.3154296875 1.0 0.0947265625 0.033203125
0 0.7666015625 0.7734375 0.03515625 0.06640625
