0 0.78515625 0.037109375 0.0634765625 0.037109375
0 0.7099609375 0.28515625 0.138671875 0.1064453125
0 0.642578125 0.294921875 0.1611328125 0.1337890625
0 0.916015625 0.3984375 0.0703125 0.119140625
0 0.7919921875 0.3671875 0.0634765625 0.0751953125
0 0.8388671875 0.4404296875 0.1103515625 0.08203125
0 0.837890625 0.357421875 0.0458984375 0.05859375
0 0.7109375 0.412109375 0.08984375 0.1103515625
0 0.5419921875 0.36328125 0.1328125 0.0693359375
0 0.49609375 0.287109375 0.07421875 0.068359375
0 0.3798828125 0.2373046875 0.078125 0.0888671875
0 0.1474609375 0.2978515625 0.0634765625 0.12109375
0 0.091796875 0.3583984375 0.091796875 0.0537109375
0 0.21875 0.4189453125 0.1201171875 0.06640625
0 0.265625 0.4853515625 0.0546875 0.076171875
0 0.3779296875 0.3818359375 0.080078125 0.076171875
0 0.4306640625 0.365234375 0.1064453125 0.05859375
0 0.4951171875 0.419921875 0.1162109375 0.0712890625
0 0.2763671875 0.3408203125 0.0595703125 0.056640625
0 0.5029296875 0.56640625 0.080078125 0.0791015625
0 0.4482421875 0.638671875 0.076171875 0.1181640625
0 0.6162109375 0.6669921875 0.0595703125 0.0859375
0 0.7119140625 0.62109375 0.1396484375 0.1025390625
0 0.751953125 0.58984375 0.1572265625 0.1005859375
0 0.8681640625 0.611328125 0.06640625 0.0654296875
0 1.0 0.6064453125 0.0927734375 0.1474609375
0 1.0 0.7060546875 0.0400390625 0.1162109375
0 0.353515625 0.7001953125 0.1162109375 0.0654296875
0 0.1337890625 0.6884765625 0.1337890625 0.0615234375
0 0.19921875 0.7626953125 0.1748046875 0.0625
0 0.3642578125 0.7724609375 0.0849609375 0.0576171875
0 0.349609375 0.8203125 0.08984375 0.0615234375
0 0.6806640625 1.0 0.107421875 0.0673828125
0 0.0712890625 0.3974609375 0.0712890625 0.04296875
0 0.15625 0.296875 0.083984375 0.04296875
0 0.3203125 0.3876953125 0.046875 0.0380859375
0 0.37109375 0.419921875 0.060546875 0.0439453125
0 0.751953125 0.7529296875 0.0546875 0.0537109375
0 0.3427734375 0.85546875 0.044921875 0.0537109375
0 0.9423828125 0.65234375 0.05859375 0.083984375
