0 0.0361328125 0.8984375 0.0361328125 0.1083984375
0 0.052734375 0.75 0.052734375 0.05859375
0 0.1318359375 0.78125 0.056640625 0.0556640625
0 0.099609375 0.609375 0.091796875 0.0576171875
0 0.1083984375 0.6845703125 0.0654296875 0.0625
0 0.20703125 0.689453125 0.0634765625 0.111328125
0 0.22265625 0.5263671875 0.072265625 0.1552734375
0 0.1279296875 0.4833984375 0.0556640625 0.1181640625
0 0.0615234375 0.4658203125 0.0615234375 0.126953125
0 0.3671875 0.71484375 0.0595703125 0.0888671875
0 0.470703125 0.59765625 0.064453125 0.0517578125
0 0.4462890625 0.796875 0.0869140625 0.06640625
0 0.560546875 0.5244140625 0.0673828125 0.0908203125
0 0.6494140625 0.5068359375 0.0751953125 0.0703125
0 0.7216796875 0.60546875 0.0693359375 0.0712890625
0 0.7890625 0.591796875 0.0654296875 0.0693359375
0 0.591796875 0.7724609375 0.06640625 0.109375
0 0.6669921875 0.70703125 0.0703125 0.0751953125
0 0.8095703125 0.71484375 0.060546875 0.0693359375
0 0.931640625 0.6943359375 0.0830078125 0.078125
0 0.90234375 0.78125 0.1103515625 0.087890625
0 0.5517578125 0.958984375 0.1181640625 0.0751953125
0 0.6240234375 0.93359375 0.06640625 0.091796875
0 0.73828125 0.9365234375 0.0986328125 0.1005859375
0 0.8603515625 0.90625 0.095703125 0.07421875
0 0.9296875 1.0 0.0654296875 0.068359375
0 1.0 0.859375 0.0634765625 0.0625
0 0.56640625 0.4501953125 0.0673828125 0.0849609375
0 0.0361328125 0.3671875 0.0361328125 0.0849609375
0 0.8486328125 0.9814453125 0.0849609375 0.068359375
0 0.7626953125 0.9814453125 0.0380859375 0.0400390625
0 0.509765625 0.55078125 0.0556640625 0.056640625
