0 0.7314453125 0.9990234375 0.0712890625 0.1220703125
0 0.892578125 0.935546875 0.0849609375 0.087890625
0 0.8798828125 0.845703125 0.076171875 0.07421875
0 0.7626953125 0.8486328125 0.1220703125 0.125
0 0.7666015625 0.763671875 0.0791015625 0.1142578125
0 0.744140625 0.64453125 0.091796875 0.06640625
0 0.509765625 0.734375 0.080078125 0.076171875
0 0.4619140625 0.6787109375 0.080078125 0.107421875
0 0.1181640625 0.6640625 0.1181640625 0.095703125
0 0.267578125 0.71875 0.0927734375 0.0986328125
0 0.3359375 0.7822265625 0.125 0.0869140625
0 0.349609375 0.7255859375 0.0498046875 0.048828125
0 0.21875 0.8046875 0.0732421875 0.0751953125
0 0.259765625 0.8720703125 0.0869140625 0.068359375
0 0.30078125 0.607421875 0.05078125 0.08203125
0 0.85546875 0.6416015625 0.078125 0.0615234375
0 0.9287109375 0.673828125 0.087890625 0.0888671875
0 0.95703125 0.49609375 0.0595703125 0.1123046875
0 0.498046875 0.4375 0.0751953125 0.060546875
0 0.7705078125 0.2998046875 0.0966796875 0.0703125
0 0.5478515625 0.251953125 0.0673828125 0.083984375
0 0.51171875 0.326171875 0.1015625 0.0849609375
0 0.341796875 0.26171875 0.095703125 0.0654296875
0 0.384765625 0.296875 0.1044921875 0.0615234375
0 0.21484375 0.3134765625 0.0625 0.0673828125
0 0.4013671875 0.15234375 0.0791015625 0.1142578125
0 0.2080078125 0.2021484375 0.087890625 0.0810546875
0 0.11328125 0.0947265625 0.06640625 0.0712890625
0 0.43359375 0.8369140625 0.072265625 0.0615234375
0 0.3798828125 0.0537109375 0.068359375 0.0537109375
0 0.6103515625 0.0224609375 0.0546875 0.0224609375
0 0.556640625 0.0234375 0.05078125 0.0234375
0 0.0810546875 0.8076171875 0.06640625 0.056640625
