0 0.23828125 1.0 0.1064453125 0.0595703125
0 0.326171875 1.0 0.091796875 0.021484375
0 0.7685546875 0.9384765625 0.087890625 0.0908203125
0 0.3857421875 0.859375 0.1953125 0.107421875
0 0.451171875 0.826171875 0.0810546875 0.0859375
0 0.0341796875 0.853515625 0.0341796875 0.0947265625
0 0.6533203125 0.7421875 0.107421875 0.0810546875
0 0.693359375 0.6474609375 0.078125 0.0751953125
0 0.615234375 0.595703125 0.0712890625 0.0849609375
0 0.849609375 0.5400390625 0.1572265625 0.0849609375
0 0.466796875 0.5380859375 0.0966796875 0.0947265625
0 1.0 0.9208984375 0.0712890625 0.0712890625
0 0.181640625 0.55859375 0.1015625 0.068359375
0 0.2607421875 0.490234375 0.11328125 0.0654296875
0 0.2470703125 0.3818359375 0.0634765625 0.08203125
0 0.2587890625 0.2861328125 0.0732421875 0.0751953125
0 0.2978515625 0.228515625 0.123046875 0.099609375
0 0.09375 0.205078125 0.09375 0.1015625
0 0.34765625 0.109375 0.1005859375 0.109375
0 0.5654296875 0.1708984375 0.0927734375 0.0888671875
0 0.705078125 0.2802734375 0.10546875 0.138671875
0 0.609375 0.4423828125 0.1025390625 0.1201171875
0 0.880859375 0.33984375 0.1064453125 0.107421875
0 1.0 0.431640625 0.119140625 0.099609375
0 0.865234375 0.197265625 0.1201171875 0.119140625
0 0.978515625 0.09765625 0.1484375 0.0869140625
0 0.5224609375 0.9169921875 0.0751953125 0.0693359375
