0 0.74609375 0.80859375 0.0810546875 0.0927734375
0 1.0 0.3271484375 0.0537109375 0.080078125
0 0.3818359375 0.376953125 0.0966796875 0.0732421875
0 0.16796875 0.111328125 0.1337890625 0.109375
0 0.431640625 0.7080078125 0.09375 0.0634765625
0 0.873046875 0.95703125 0.125 0.080078125
0 0.998046875 0.34765625 0.0830078125 0.076171875
0 0.697265625 0.2939453125 0.08984375 0.0986328125
0 0.8603515625 0.8896484375 0.087890625 0.056640625
0 0.5419921875 0.296875 0.0986328125 0.1064453125
0 0.607421875 0.9580078125 0.09765625 0.0595703125
0 0.4033203125 0.3271484375 0.099609375 0.0888671875
0 0.6806640625 0.5166015625 0.087890625 0.1142578125
0 0.1572265625 0.4345703125 0.0986328125 0.0830078125
0 0.6669921875 0.9189453125 0.103515625 0.0712890625
0 0.7392578125 0.6376953125 0.1181640625 0.0673828125
0 0.826171875 0.6220703125 0.095703125 0.080078125
0 0.9833984375 0.869140625 0.103515625 0.06640625
0 0.7392578125 0.287109375 0.091796875 0.08203125
0 0.755859375 0.275390625 0.052734375 0.080078125
0 0.7490234375 0.9833984375 0.126953125 0.07421875
0 0.9248046875 0.24609375 0.0869140625 0.083984375
0 0.826171875 0.3818359375 0.09375 0.052734375
0 0.9697265625 0.3525390625 0.138671875 0.078125
0 0.3076171875 0.2197265625 0.06640625 0.103515625
0 0.7744140625 0.458984375 0.0771484375 0.0517578125
0 0.732421875 0.7099609375 0.07421875 0.0947265625
0 0.4755859375 0.6005859375 0.13671875 0.0625
0 0.125 0.3291015625 0.0830078125 0.11328125
0 0.78125 0.1552734375 0.0947265625 0.095703125
0 0.5068359375 0.115234375 0.072265625 0.056640625
0 0.2119140625 0.9970703125 0.1171875 0.0576171875
0 0.6435546875 0.6220703125 0.0654296875 0.072265625
0 0.6533203125 0.6513671875 0.0791015625 0.05078125
0 0.939453125 0.63671875 0.0927734375 0.0576171875
0 0.24609375 0.7900390625 0.1171875 0.1533203125
0 0.173828125 0.24609375 0.0859375 0.146484375
0 0.607421875 0.0615234375 0.10546875 0.060546875
0 0.541015625 0.3740234375 0.091796875 0.044921875
0 0.44921875 0.998046875 0.0859375 0.0302734375
0 0.4287109375 0.9638671875 0.12890625 0.0458984375
0 0.421875 0.314453125 0.0703125 0.0751953125
0 0.806640625 0.2138671875 0.0859375 0.0947265625
0 0.880859375 1.0 0.0849609375 0.0244140625
0 0.3271484375 0.3037109375 0.083984375 0.0458984375
0 0.6328125 0.7373046875 0.09375 0.0478515625
0 0.173828125 0.9384765625 0.1201171875 0.09765625
0 0.509765625 0.32421875 0.095703125 0.04296875
0 0.984375 0.115234375 0.0439453125 0.033203125
0 0.142578125 0.4404296875 0.1025390625 0.0546875
0 0.228515625 0.8525390625 0.060546875 0.0859375
0 0.8564453125 0.671875 0.1171875 0.0458984375
0 0.9892578125 0.9150390625 0.1201171875 0.08984375
0 0.3916015625 0.9345703125 0.0830078125 0.048828125
0 0.5654296875 0.43359375 0.1025390625 0.0478515625
0 0.798828125 0.705078125 0.17578125 0.0498046875
0 0.2568359375 0.3486328125 0.08984375 0.048828125
0 0.7705078125 0.03515625 0.0439453125 0.0341796875
0 0.48046875 0.59375 0.0771484375 0.0634765625
0 0.0390625 0.28515625 0.0390625 0.0625
0 0.6865234375 0.7802734375 0.080078125 0.0341796875
0 0.6005859375 0.998046875 0.0732421875 0.0234375
0 0.3857421875 0.896484375 0.048828125 0.052734375
0 0.974609375 1.0 0.1005859375 0.0390625
0 0.0517578125 0.4033203125 0.0517578125 0.05859375
0 0.6611328125 0.833984375 0.0673828125 0.02734375
0 0.251953125 0.3076171875 0.0966796875 0.0791015625
0 0.3583984375 0.806640625 0.078125 0.0390625
0 0.0595703125 0.513671875 0.0595703125 0.0439453125
0 0.0712890625 0.9599609375 0.0712890625 0.044921875
