0 0.9287109375 0.1318359375 0.1123046875 0.080078125
0 0.1591796875 0.9619140625 0.080078125 0.072265625
0 0.98046875 0.6015625 0.1298828125 0.0849609375
0 0.84375 0.65234375 0.08984375 0.0703125
0 0.05078125 0.7001953125 0.05078125 0.0576171875
0 0.0810546875 0.7578125 0.068359375 0.056640625
0 0.9853515625 0.390625 0.1201171875 0.0771484375
0 1.0 0.4169921875 0.0830078125 0.0703125
0 1.0 0.25390625 0.08984375 0.0859375
0 0.1064453125 1.0 0.0673828125 0.0517578125
0 1.0 0.0888671875 0.0712890625 0.072265625
0 0.099609375 0.64453125 0.0966796875 0.056640625
0 1.0 0.626953125 0.0498046875 0.0791015625
0 0.078125 0.84765625 0.078125 0.09375
