0 0.0869140625 0.3896484375 0.0625 0.0693359375
0 0.0400390625 0.4111328125 0.0400390625 0.068359375
0 0.044921875 0.490234375 0.044921875 0.0888671875
0 0.1474609375 0.521484375 0.0712890625 0.0654296875
0 0.16796875 0.4111328125 0.0634765625 0.07421875
0 0.06640625 0.2431640625 0.06640625 0.0595703125
0 0.0361328125 0.08203125 0.0361328125 0.060546875
0 0.287109375 0.1484375 0.078125 0.0712890625
0 0.044921875 0.9580078125 0.044921875 0.0791015625
0 1.0 0.9677734375 0.0458984375 0.0888671875
0 0.9560546875 0.955078125 0.0927734375 0.076171875
0 0.8505859375 0.9501953125 0.0869140625 0.0625
0 0.7783203125 1.0 0.068359375 0.0537109375
0 0.6787109375 0.9453125 0.0869140625 0.08203125
0 0.5966796875 0.9482421875 0.087890625 0.0869140625
0 0.5576171875 0.8759765625 0.0595703125 0.0703125
0 0.5263671875 0.849609375 0.078125 0.0859375
0 0.375 0.9384765625 0.0712890625 0.068359375
0 0.404296875 0.974609375 0.0634765625 0.0712890625
0 0.47265625 0.9716796875 0.0654296875 0.1044921875
0 0.4560546875 1.0 0.091796875 0.0341796875
0 0.767578125 0.8173828125 0.0830078125 0.0712890625
0 0.544921875 0.7763671875 0.0771484375 0.0791015625
0 0.994140625 0.8271484375 0.0625 0.09375
0 0.9404296875 0.7119140625 0.080078125 0.0849609375
0 0.8974609375 0.6298828125 0.0791015625 0.06640625
0 0.8203125 0.5771484375 0.0693359375 0.0732421875
0 0.9609375 0.58203125 0.0595703125 0.1123046875
0 0.9150390625 0.51171875 0.078125 0.0712890625
0 1.0 0.4990234375 0.0341796875 0.1171875
0 0.9658203125 0.4599609375 0.076171875 0.078125
0 0.1748046875 0.7158203125 0.0810546875 0.087890625
0 0.2568359375 0.7607421875 0.0888671875 0.0986328125
0 0.25 0.669921875 0.0732421875 0.0693359375
0 0.4296875 0.6572265625 0.09375 0.076171875
0 0.62890625 0.595703125 0.083984375 0.080078125
0 0.4638671875 0.5087890625 0.080078125 0.09765625
0 0.5615234375 0.5029296875 0.076171875 0.0625
0 0.5615234375 0.4443359375 0.0810546875 0.087890625
0 0.677734375 0.455078125 0.0927734375 0.1015625
0 0.7109375 0.38671875 0.07421875 0.06640625
0 0.775390625 0.41796875 0.0947265625 0.068359375
0 0.6455078125 0.50390625 0.08203125 0.0634765625
0 0.677734375 0.314453125 0.0703125 0.078125
0 0.611328125 0.375 0.0693359375 0.0712890625
0 0.3681640625 0.3515625 0.0771484375 0.109375
0 0.7158203125 0.2392578125 0.0654296875 0.0537109375
0 0.5859375 0.201171875 0.0654296875 0.05859375
0 0.744140625 0.2001953125 0.068359375 0.0556640625
0 0.83984375 0.2900390625 0.068359375 0.0654296875
0 0.6337890625 0.0986328125 0.142578125 0.0869140625
0 0.337890625 0.0810546875 0.0625 0.0556640625
0 0.6943359375 0.05859375 0.05078125 0.0556640625
0 1.0 0.052734375 0.037109375 0.052734375
0 0.970703125 0.0517578125 0.0703125 0.0517578125
0 0.669921875 0.5703125 0.056640625 0.0546875
0 0.8681640625 0.5947265625 0.0595703125 0.068359375
0 0.06640625 0.033203125 0.06640625 0.033203125
0 0.2490234375 0.0302734375 0.0732421875 0.0302734375
0 0.5625 0.0234375 0.0927734375 0.0234375
0 0.8310546875 0.01953125 0.0458984375 0.01953125
0 0.876953125 0.0166015625 0.041015625 0.0166015625
0 0.9541015625 0.083984375 0.07421875 0.05859375
