0 0.150390625 0.408203125 0.099609375 0.1513671875
0 0.1953125 0.158203125 0.06640625 0.0849609375
0 0.3876953125 0.3232421875 0.06640625 0.107421875
0 0.4287109375 0.3798828125 0.0791015625 0.0634765625
0 0.3505859375 0.4970703125 0.1396484375 0.1142578125
0 0.2333984375 0.6484375 0.1279296875 0.1533203125
0 0.1328125 0.77734375 0.1328125 0.0947265625
0 0.7392578125 1.0 0.0859375 0.0322265625
0 0.6298828125 0.994140625 0.095703125 0.09375
0 0.7392578125 0.88671875 0.1259765625 0.1015625
0 0.3037109375 0.947265625 0.150390625 0.1005859375
0 0.2294921875 0.771484375 0.0771484375 0.091796875
0 0.5009765625 0.8544921875 0.1513671875 0.1572265625
0 0.486328125 0.697265625 0.087890625 0.1015625
0 0.3193359375 0.5966796875 0.07421875 0.107421875
0 0.5869140625 0.564453125 0.083984375 0.103515625
0 0.7041015625 0.5107421875 0.125 0.1162109375
0 0.7900390625 0.5498046875 0.11328125 0.142578125
0 0.8798828125 0.50390625 0.076171875 0.1005859375
0 0.830078125 0.7880859375 0.0791015625 0.0703125
0 0.830078125 0.953125 0.08203125 0.07421875
0 0.921875 1.0 0.080078125 0.01953125
0 0.732421875 0.6630859375 0.1171875 0.123046875
0 0.7021484375 0.2734375 0.0869140625 0.091796875
0 0.4462890625 0.2021484375 0.0634765625 0.064453125
0 0.81640625 0.1328125 0.0703125 0.0986328125
0 0.93359375 0.2509765625 0.1171875 0.09765625
0 0.919921875 0.05078125 0.0595703125 0.05078125
0 0.716796875 0.048828125 0.109375 0.048828125
0 0.2353515625 0.267578125 0.0947265625 0.177734375
0 0.3486328125 0.03515625 0.109375 0.03515625
0 0.3603515625 0.7919921875 0.0546875 0.080078125
0 0.46875 0.2607421875 0.083984375 0.078125
