0 0.994140625 0.99609375 0.0849609375 0.1171875
0 0.8984375 0.8173828125 0.111328125 0.115234375
0 0.5625 0.1865234375 0.1455078125 0.1572265625
0 0.2998046875 0.3544921875 0.078125 0.115234375
0 0.2548828125 0.13671875 0.1103515625 0.134765625
0 0.2060546875 0.44140625 0.1787109375 0.13671875
0 0.806640625 0.9921875 0.0849609375 0.1298828125
0 0.9462890625 0.525390625 0.095703125 0.1474609375
0 0.7548828125 0.431640625 0.0703125 0.2568359375
0 0.498046875 0.7880859375 0.0771484375 0.09765625
0 0.6923828125 0.6240234375 0.125 0.1142578125
0 0.376953125 0.2890625 0.1103515625 0.1220703125
0 1.0 0.6318359375 0.076171875 0.1845703125
0 0.55078125 0.4541015625 0.119140625 0.1796875
0 0.5322265625 0.669921875 0.1103515625 0.1357421875
0 0.12890625 0.259765625 0.1279296875 0.095703125
0 0.1513671875 0.638671875 0.1416015625 0.2216796875
0 0.3154296875 0.5810546875 0.0927734375 0.1455078125
0 0.6064453125 0.4267578125 0.1044921875 0.138671875
0 0.5224609375 0.318359375 0.09765625 0.1025390625
0 0.1416015625 0.8173828125 0.1396484375 0.1376953125
0 0.869140625 0.279296875 0.1572265625 0.1318359375
0 0.349609375 0.4677734375 0.1025390625 0.1328125
0 0.6396484375 1.0 0.1328125 0.078125
0 0.556640625 0.751953125 0.107421875 0.1220703125
0 0.1767578125 0.759765625 0.1748046875 0.1279296875
0 0.8359375 0.8271484375 0.0849609375 0.068359375
0 0.302734375 0.4580078125 0.0908203125 0.0693359375
0 0.697265625 0.3701171875 0.052734375 0.1708984375
0 0.0703125 1.0 0.0703125 0.0751953125
0 1.0 0.2490234375 0.0546875 0.0810546875
0 0.59375 0.3095703125 0.083984375 0.1103515625
