0 0.869140625 0.251953125 0.0546875 0.03515625
0 0.34765625 0.591796875 0.126953125 0.056640625
0 0.4404296875 0.6484375 0.072265625 0.15625
0 0.9208984375 0.197265625 0.1064453125 0.1044921875
0 0.146484375 0.2548828125 0.12109375 0.1142578125
0 0.671875 0.4814453125 0.1162109375 0.1083984375
0 0.130859375 0.6318359375 0.080078125 0.0439453125
0 0.7314453125 0.3681640625 0.119140625 0.0732421875
0 0.46875 0.4384765625 0.06640625 0.080078125
0 0.9853515625 0.3154296875 0.0546875 0.1005859375
0 0.15234375 0.1982421875 0.123046875 0.1298828125
0 0.0791015625 0.5732421875 0.044921875 0.044921875
0 0.21484375 0.1396484375 0.1142578125 0.0810546875
0 0.5146484375 0.0927734375 0.107421875 0.0888671875
0 0.8623046875 0.3828125 0.1162109375 0.0908203125
0 0.5830078125 0.18359375 0.056640625 0.126953125
0 0.25390625 0.341796875 0.1181640625 0.07421875
0 0.5654296875 0.681640625 0.115234375 0.0625
0 0.3203125 0.6923828125 0.1103515625 0.0732421875
0 0.2548828125 0.9296875 0.1240234375 0.0478515625
0 0.8046875 0.5791015625 0.0849609375 0.046875
0 0.3271484375 0.953125 0.0419921875 0.044921875
0 0.083984375 0.8642578125 0.083984375 0.056640625
0 0.3720703125 0.111328125 0.0556640625 0.068359375
0 0.7607421875 0.837890625 0.11328125 0.0625
0 0.3916015625 0.783203125 0.07421875 0.0703125
0 0.2236328125 0.609375 0.072265625 0.068359375
0 0.8330078125 0.90234375 0.068359375 0.0888671875
0 0.5927734375 0.263671875 0.0712890625 0.21875
0 0.2548828125 0.4091796875 0.103515625 0.134765625
0 0.1787109375 0.3076171875 0.080078125 0.0732421875
0 0.6474609375 0.40234375 0.078125 0.0810546875
0 0.125 0.62109375 0.08984375 0.0400390625
0 0.044921875 0.544921875 0.044921875 0.0693359375
0 0.07421875 0.529296875 0.0498046875 0.05859375
0 0.29296875 0.7451171875 0.13671875 0.072265625
0 0.298828125 0.767578125 0.1015625 0.08203125
0 0.9443359375 0.8154296875 0.1123046875 0.154296875
0 0.9541015625 0.80078125 0.0712890625 0.1171875
0 0.2509765625 0.8876953125 0.080078125 0.0419921875
0 0.8076171875 0.994140625 0.2099609375 0.1328125
0 0.787109375 1.0 0.1279296875 0.037109375
0 0.958984375 0.87890625 0.0224609375 0.0302734375
0 0.8017578125 0.78515625 0.2158203125 0.0791015625
0 0.6318359375 0.2607421875 0.0703125 0.1181640625
0 0.978515625 0.232421875 0.0556640625 0.0439453125
0 0.255859375 0.44921875 0.044921875 0.01953125
