0 0.13671875 0.099609375 0.109375 0.07421875
0 0.0556640625 0.287109375 0.0556640625 0.0859375
0 0.134765625 0.3671875 0.091796875 0.0859375
0 0.16796875 0.263671875 0.060546875 0.0830078125
0 0.3720703125 0.3037109375 0.0810546875 0.1240234375
0 0.4326171875 0.1650390625 0.0703125 0.1044921875
0 0.3427734375 0.1337890625 0.0732421875 0.0712890625
0 0.3154296875 0.060546875 0.064453125 0.060546875
0 0.1162109375 0.033203125 0.0595703125 0.033203125
0 0.2119140625 0.052734375 0.06640625 0.052734375
0 0.6630859375 0.048828125 0.0859375 0.048828125
0 0.96484375 0.16796875 0.0556640625 0.0830078125
0 0.98828125 0.0693359375 0.0634765625 0.060546875
0 0.892578125 0.0966796875 0.0654296875 0.0712890625
0 0.822265625 0.2197265625 0.056640625 0.0849609375
0 0.6259765625 0.3271484375 0.1005859375 0.064453125
0 0.5810546875 0.408203125 0.078125 0.05078125
0 0.62890625 0.4853515625 0.0830078125 0.0634765625
0 0.4833984375 0.48046875 0.064453125 0.0703125
0 0.78515625 0.4423828125 0.0625 0.07421875
0 0.83984375 0.388671875 0.080078125 0.0595703125
0 0.767578125 0.345703125 0.06640625 0.0654296875
0 0.8076171875 0.3017578125 0.080078125 0.056640625
0 0.92578125 0.3828125 0.064453125 0.0947265625
0 1.0 0.4150390625 0.0556640625 0.0712890625
0 1.0 0.501953125 0.05859375 0.0673828125
0 0.8603515625 0.6494140625 0.080078125 0.1376953125
0 0.94921875 0.6298828125 0.0693359375 0.076171875
0 1.0 0.72265625 0.078125 0.0947265625
0 0.6259765625 0.6953125 0.07421875 0.0869140625
0 0.68359375 0.7412109375 0.0712890625 0.0654296875
0 0.740234375 0.7890625 0.060546875 0.1142578125
0 0.7958984375 0.7216796875 0.05078125 0.0966796875
0 0.708984375 0.943359375 0.083984375 0.0849609375
0 0.3984375 0.6767578125 0.0947265625 0.1015625
0 0.41015625 0.759765625 0.0712890625 0.1201171875
0 0.501953125 0.884765625 0.0849609375 0.0517578125
0 0.5283203125 0.93359375 0.0625 0.0595703125
0 0.7060546875 1.0 0.083984375 0.0341796875
0 0.8388671875 1.0 0.0771484375 0.0498046875
0 0.9248046875 1.0 0.0859375 0.068359375
0 0.609375 0.9873046875 0.0654296875 0.0537109375
0 0.3115234375 0.875 0.125 0.1181640625
0 0.064453125 0.953125 0.056640625 0.0791015625
0 0.1435546875 0.9638671875 0.056640625 0.064453125
0 0.23046875 0.5625 0.134765625 0.091796875
0 0.2822265625 1.0 0.0771484375 0.0537109375
0 0.90625 0.1240234375 0.05859375 0.0703125
0 0.037109375 0.6845703125 0.03515625 0.068359375
0 0.958984375 0.7958984375 0.0458984375 0.048828125
0 0.181640625 0.294921875 0.029296875 0.072265625
0 0.3232421875 0.6396484375 0.0498046875 0.068359375
