0 0.8544921875 0.4736328125 0.1005859375 0.140625
0 0.21484375 0.517578125 0.14453125 0.09375
0 0.8447265625 0.103515625 0.0751953125 0.103515625
0 0.4287109375 0.890625 0.0732421875 0.1064453125
0 0.5126953125 1.0 0.0625 0.0732421875
0 0.845703125 0.783203125 0.0830078125 0.0869140625
0 0.6748046875 1.0 0.05078125 0.078125
0 0.2412109375 0.7294921875 0.0751953125 0.0498046875
0 0.3798828125 0.451171875 0.0361328125 0.091796875
0 0.3994140625 0.537109375 0.046875 0.0830078125
0 0.978515625 0.681640625 0.072265625 0.0576171875
0 0.3544921875 0.6982421875 0.142578125 0.1279296875
0 0.384765625 0.74609375 0.091796875 0.0849609375
0 0.7421875 1.0 0.0546875 0.0751953125
0 0.4716796875 0.5263671875 0.0654296875 0.0947265625
0 0.3740234375 0.24609375 0.208984375 0.0771484375
0 0.390625 0.45703125 0.03125 0.09375
0 0.7490234375 0.552734375 0.05078125 0.048828125
0 0.861328125 0.607421875 0.0634765625 0.0576171875
0 0.4658203125 0.4775390625 0.0654296875 0.095703125
0 0.087890625 0.7646484375 0.068359375 0.05859375
0 1.0 0.853515625 0.06640625 0.0732421875
0 0.6728515625 0.083984375 0.0693359375 0.03125
0 0.3125 0.033203125 0.07421875 0.033203125
0 0.5986328125 0.681640625 0.0439453125 0.0712890625
0 0.599609375 0.767578125 0.04296875 0.0546875
0 0.2734375 0.8720703125 0.1630859375 0.048828125
0 0.4462890625 0.1083984375 0.1416015625 0.1083984375
0 0.5087890625 0.650390625 0.0517578125 0.0390625
0 0.3115234375 0.6201171875 0.08203125 0.1376953125
0 0.697265625 0.669921875 0.1025390625 0.064453125
0 1.0 0.6103515625 0.0361328125 0.0478515625
0 0.5634765625 0.4765625 0.0595703125 0.0400390625
0 0.8779296875 1.0 0.0322265625 0.0322265625
0 0.177734375 0.5703125 0.099609375 0.052734375
0 0.6650390625 0.9482421875 0.16015625 0.0439453125
0 0.78125 0.2578125 0.0908203125 0.0556640625
0 0.56640625 0.5810546875 0.0908203125 0.0693359375
0 1.0 0.193359375 0.0224609375 0.0302734375
0 0.8359375 1.0 0.0771484375 0.041015625
0 0.7138671875 0.6923828125 0.0556640625 0.03125
0 0.390625 1.0 0.087890625 0.068359375
0 1.0 0.51171875 0.0341796875 0.05859375
0 0.53125 0.1123046875 0.087890625 0.1123046875
0 0.51171875 0.6376953125 0.0546875 0.03515625
0 0.263671875 0.0302734375 0.0361328125 0.0302734375
0 0.75390625 0.5419921875 0.046875 0.0400390625
0 0.5927734375 0.03515625 0.0732421875 0.03515625
0 0.205078125 0.9091796875 0.060546875 0.03515625
0 0.5390625 0.2294921875 0.2373046875 0.0830078125
0 0.916015625 0.6748046875 0.046875 0.03515625
0 0.0322265625 0.8408203125 0.0322265625 0.041015625
