0 0.2177734375 0.98046875 0.0634765625 0.0859375
0 0.072265625 0.96484375 0.072265625 0.078125
0 0.615234375 0.9697265625 0.0947265625 0.0537109375
0 0.41015625 0.2197265625 0.095703125 0.0859375
0 0.6005859375 0.3984375 0.0595703125 0.0693359375
0 0.3984375 0.6630859375 0.091796875 0.0712890625
0 0.3388671875 0.2841796875 0.1083984375 0.0625
0 0.146484375 0.138671875 0.1162109375 0.0439453125
0 0.1767578125 0.3779296875 0.1171875 0.1015625
0 0.267578125 0.6572265625 0.0810546875 0.076171875
0 0.46875 0.150390625 0.07421875 0.0537109375
0 0.474609375 0.4130859375 0.076171875 0.0439453125
0 0.287109375 0.1083984375 0.078125 0.0498046875
0 0.078125 0.525390625 0.078125 0.0673828125
0 0.775390625 0.845703125 0.072265625 0.0712890625
0 0.2314453125 0.5126953125 0.07421875 0.0849609375
0 0.30078125 0.48046875 0.0576171875 0.05859375
0 1.0 0.423828125 0.01953125 0.0380859375
0 0.6220703125 0.216796875 0.0634765625 0.0517578125
0 0.1689453125 0.4296875 0.0615234375 0.0390625
0 0.421875 0.5927734375 0.06640625 0.0390625
0 0.80078125 0.0478515625 0.0576171875 0.046875
0 0.2470703125 0.58984375 0.109375 0.041015625
0 0.98046875 0.9970703125 0.0625 0.0625
0 0.0888671875 0.5927734375 0.0400390625 0.0654296875
0 0.34375 0.1220703125 0.0615234375 0.0517578125
0 0.7744140625 0.4658203125 0.0625 0.03125
0 0.5009765625 0.07421875 0.0498046875 0.03515625
0 0.78515625 0.7021484375 0.0478515625 0.0693359375
0 0.3330078125 0.423828125 0.0576171875 0.046875
0 0.337890625 0.8876953125 0.08984375 0.0341796875
0 0.892578125 0.39453125 0.0673828125 0.0498046875
0 1.0 0.787109375 0.0595703125 0.0478515625
0 0.681640625 0.1875 0.0400390625 0.0810546875
0 0.9755859375 0.0244140625 0.0703125 0.0244140625
0 0.4365234375 0.501953125 0.0625 0.0439453125
0 0.8583984375 0.1044921875 0.03515625 0.0625
0 0.58984375 0.24609375 0.0634765625 0.0400390625
0 0.447265625 0.3125 0.0595703125 0.0361328125
0 0.326171875 0.943359375 0.0810546875 0.0380859375
0 1.0 0.384765625 0.0576171875 0.0576171875
0 0.076171875 1.0 0.0732421875 0.03125
0 0.90234375 0.76953125 0.0654296875 0.044921875
0 0.904296875 0.3759765625 0.0625 0.0400390625
0 0.7666015625 0.138671875 0.0419921875 0.0546875
0 0.1455078125 0.64453125 0.115234375 0.046875
0 0.375 0.529296875 0.0810546875 0.0478515625
0 0.5341796875 0.875 0.0625 0.0361328125
0 0.078125 0.44921875 0.064453125 0.046875
0 0.724609375 0.3837890625 0.1005859375 0.041015625
0 0.5048828125 0.546875 0.0771484375 0.0595703125
0 0.0859375 0.3330078125 0.080078125 0.0712890625
0 0.2939453125 0.8720703125 0.07421875 0.0400390625
0 0.658203125 0.359375 0.05078125 0.07421875
0 0.6904296875 0.548828125 0.0712890625 0.041015625
0 0.49609375 0.9970703125 0.1103515625 0.0478515625
0 0.4443359375 0.732421875 0.103515625 0.05078125
0 0.728515625 0.9306640625 0.0693359375 0.05078125
0 1.0 0.7119140625 0.064453125 0.04296875
0 0.0556640625 0.6806640625 0.0556640625 0.046875
0 0.3330078125 0.9208984375 0.0859375 0.0322265625
0 0.95703125 0.451171875 0.0927734375 0.05078125
0 0.7197265625 0.2001953125 0.046875 0.044921875
0 0.4638671875 0.373046875 0.0458984375 0.0458984375
0 0.28125 0.8603515625 0.0830078125 0.0419921875
0 0.376953125 0.4150390625 0.0458984375 0.060546875
0 0.8896484375 0.5546875 0.0859375 0.0458984375
0 0.537109375 0.380859375 0.046875 0.0361328125
0 0.728515625 0.7666015625 0.078125 0.0439453125
0 1.0 0.69140625 0.0673828125 0.0302734375
0 0.9345703125 0.9287109375 0.0419921875 0.04296875
0 0.3837890625 0.0166015625 0.0380859375 0.0166015625
0 0.6044921875 1.0 0.052734375 0.0146484375
0 0.1953125 0.74609375 0.0791015625 0.0419921875
0 0.0966796875 0.787109375 0.09375 0.0458984375
0 0.2978515625 0.9658203125 0.0849609375 0.03515625
0 0.6640625 0.1103515625 0.0556640625 0.037109375
0 0.5576171875 0.70703125 0.0703125 0.033203125
0 0.5341796875 0.6748046875 0.087890625 0.041015625
0 0.8623046875 0.60546875 0.083984375 0.05078125
0 0.7001953125 0.5986328125 0.0458984375 0.0537109375
0 0.7294921875 0.5654296875 0.037109375 0.0478515625
0 0.755859375 0.5732421875 0.033203125 0.03515625
0 0.7333984375 0.349609375 0.05078125 0.0341796875
0 0.7265625 0.359375 0.0517578125 0.0263671875
0 0.5537109375 0.5517578125 0.0498046875 0.0498046875
0 0.98828125 0.6201171875 0.083984375 0.0478515625
0 0.802734375 0.1640625 0.09375 0.046875
