0 0.8642578125 0.2294921875 0.2724609375 0.2294921875
0 0.0341796875 0.5966796875 0.0341796875 0.099609375
0 0.9365234375 0.6865234375 0.2451171875 0.16796875
0 0.4921875 0.0517578125 0.16015625 0.0517578125
0 0.65625 0.392578125 0.1748046875 0.125
0 0.607421875 0.7275390625 0.1220703125 0.0869140625
0 0.7021484375 0.654296875 0.1572265625 0.1669921875
0 0.2841796875 0.5517578125 0.189453125 0.15234375
0 0.412109375 0.7470703125 0.15234375 0.1904296875
0 0.7744140625 1.0 0.1572265625 0.177734375
0 0.83984375 0.869140625 0.099609375 0.0966796875
0 0.5380859375 0.251953125 0.0947265625 0.08984375
0 0.1171875 0.83203125 0.1171875 0.142578125
0 0.2978515625 0.2509765625 0.11328125 0.1298828125
0 1.0 0.2197265625 0.10546875 0.1025390625
0 1.0 0.466796875 0.1015625 0.1455078125
0 0.306640625 0.9375 0.2216796875 0.41015625
0 0.98046875 0.845703125 0.126953125 0.1474609375
0 0.501953125 0.77734375 0.087890625 0.0849609375
0 0.9990234375 0.15234375 0.1640625 0.0859375
