0 0.056640625 0.091796875 0.056640625 0.091796875
0 0.3134765625 0.1181640625 0.0810546875 0.064453125
0 0.583984375 0.1171875 0.140625 0.11328125
0 0.591796875 0.201171875 0.111328125 0.099609375
0 0.4423828125 0.306640625 0.126953125 0.1337890625
0 0.197265625 0.25390625 0.0751953125 0.0830078125
0 0.130859375 0.2900390625 0.1181640625 0.115234375
0 0.2626953125 0.46875 0.119140625 0.08984375
0 0.1455078125 0.443359375 0.12890625 0.0859375
0 0.7822265625 0.3701171875 0.1015625 0.10546875
0 0.9111328125 0.251953125 0.115234375 0.0888671875
0 0.9453125 0.5185546875 0.103515625 0.111328125
0 0.94921875 0.6455078125 0.111328125 0.0771484375
0 0.8017578125 0.6884765625 0.125 0.1162109375
0 0.6689453125 0.5302734375 0.0751953125 0.0986328125
0 0.7626953125 0.462890625 0.0703125 0.0908203125
0 0.4287109375 0.5498046875 0.134765625 0.0966796875
0 0.5205078125 0.630859375 0.091796875 0.0810546875
0 0.087890625 0.734375 0.0615234375 0.0712890625
0 0.0654296875 0.6513671875 0.0654296875 0.0908203125
0 0.1650390625 0.830078125 0.123046875 0.08984375
0 0.216796875 0.947265625 0.1015625 0.140625
0 0.3154296875 0.85546875 0.0830078125 0.0986328125
0 0.443359375 0.8359375 0.08984375 0.09765625
0 0.7587890625 0.7587890625 0.1591796875 0.06640625
0 0.740234375 0.8974609375 0.111328125 0.0908203125
0 0.751953125 1.0 0.0703125 0.064453125
0 0.47265625 1.0 0.146484375 0.0927734375
0 0.3173828125 0.95703125 0.0615234375 0.0732421875
0 1.0 0.8916015625 0.1083984375 0.076171875
0 0.9072265625 0.8037109375 0.0810546875 0.0693359375
0 0.98828125 0.7919921875 0.0908203125 0.115234375
