0 0.130859375 0.7880859375 0.0703125 0.138671875
0 0.072265625 1.0 0.072265625 0.0712890625
0 0.0908203125 0.5966796875 0.0712890625 0.0712890625
0 0.2685546875 0.6611328125 0.072265625 0.0751953125
0 0.11328125 0.458984375 0.076171875 0.0654296875
0 0.1103515625 0.3955078125 0.1005859375 0.072265625
0 0.158203125 0.3232421875 0.1044921875 0.076171875
0 0.12109375 0.18359375 0.099609375 0.076171875
0 0.2763671875 0.3388671875 0.083984375 0.07421875
0 0.3310546875 0.25390625 0.1201171875 0.126953125
0 0.220703125 0.572265625 0.0576171875 0.05859375
0 0.4560546875 0.47265625 0.0830078125 0.05859375
0 0.36328125 0.4443359375 0.0654296875 0.0693359375
0 0.4296875 0.234375 0.0673828125 0.1025390625
0 0.3994140625 0.1328125 0.07421875 0.0595703125
0 0.26171875 0.755859375 0.068359375 0.078125
0 0.220703125 0.84765625 0.0498046875 0.076171875
0 0.298828125 0.8583984375 0.06640625 0.1015625
0 0.431640625 0.85546875 0.078125 0.06640625
0 0.3388671875 0.91796875 0.07421875 0.068359375
0 0.4638671875 0.962890625 0.0625 0.091796875
0 0.4130859375 0.9990234375 0.0712890625 0.080078125
0 0.701171875 1.0 0.0859375 0.02734375
0 0.98046875 1.0 0.0654296875 0.05078125
0 1.0 0.935546875 0.056640625 0.07421875
0 0.94140625 0.9443359375 0.0791015625 0.091796875
0 0.787109375 0.91015625 0.1025390625 0.068359375
0 0.7041015625 0.828125 0.0751953125 0.0537109375
0 0.5908203125 0.8212890625 0.056640625 0.052734375
0 0.53515625 0.736328125 0.103515625 0.099609375
0 0.6630859375 0.7197265625 0.0693359375 0.0654296875
0 0.9443359375 0.7431640625 0.091796875 0.072265625
0 0.791015625 0.638671875 0.0712890625 0.072265625
0 0.96875 0.5869140625 0.1103515625 0.064453125
0 0.6279296875 0.62109375 0.0927734375 0.0771484375
0 0.6474609375 0.5419921875 0.0830078125 0.0595703125
0 0.658203125 0.4853515625 0.0791015625 0.0654296875
0 0.5224609375 0.4052734375 0.0703125 0.0908203125
0 0.6103515625 0.3369140625 0.0693359375 0.072265625
0 0.8017578125 0.4619140625 0.091796875 0.0703125
0 0.8818359375 0.4423828125 0.0771484375 0.0546875
0 0.9462890625 0.369140625 0.08984375 0.0908203125
0 0.8134765625 0.185546875 0.0576171875 0.052734375
0 0.638671875 0.181640625 0.0673828125 0.0654296875
0 0.98828125 0.1083984375 0.056640625 0.0576171875
0 0.853515625 0.076171875 0.103515625 0.076171875
0 0.7333984375 0.099609375 0.056640625 0.0986328125
0 0.5185546875 0.265625 0.0830078125 0.1259765625
0 0.3583984375 0.2939453125 0.078125 0.052734375
0 0.9384765625 0.21484375 0.0712890625 0.0478515625
0 0.5068359375 0.6220703125 0.068359375 0.052734375
0 0.447265625 0.0849609375 0.0634765625 0.06640625
0 0.5146484375 0.095703125 0.05859375 0.064453125
0 0.2275390625 0.9482421875 0.0654296875 0.0625
0 0.0244140625 0.4716796875 0.0244140625 0.0693359375
0 0.0234375 0.7646484375 0.0224609375 0.0537109375
0 0.0751953125 0.947265625 0.044921875 0.041015625
0 0.2822265625 0.9931640625 0.0859375 0.05859375
0 0.3076171875 0.9580078125 0.09375 0.0751953125
0 0.30078125 0.046875 0.0439453125 0.046875
0 0.1025390625 0.0322265625 0.041015625 0.0322265625
0 0.6513671875 0.01953125 0.037109375 0.01953125
0 0.8466796875 0.025390625 0.0517578125 0.025390625
0 0.3330078125 0.8623046875 0.04296875 0.041015625
0 0.4091796875 1.0 0.0322265625 0.0146484375
0 0.4375 0.5859375 0.0419921875 0.037109375
0 0.8466796875 0.67578125 0.041015625 0.07421875
0 0.7646484375 0.845703125 0.046875 0.052734375
0 0.6904296875 0.9765625 0.04296875 0.04296875
