0 1.0 0.546875 0.041015625 0.083984375
0 0.3037109375 0.1923828125 0.09375 0.1513671875
0 0.2666015625 0.6171875 0.1337890625 0.0791015625
0 0.91796875 0.453125 0.125 0.13671875
0 0.1748046875 0.1748046875 0.0986328125 0.0771484375
0 0.2373046875 0.787109375 0.1240234375 0.14453125
0 0.998046875 0.208984375 0.033203125 0.09375
0 0.9599609375 0.7138671875 0.1064453125 0.0576171875
0 0.494140625 0.4833984375 0.06640625 0.138671875
0 0.76953125 0.6376953125 0.1396484375 0.05859375
0 0.4794921875 0.9306640625 0.087890625 0.0390625
0 0.9453125 0.298828125 0.0712890625 0.0849609375
0 0.705078125 0.158203125 0.052734375 0.1533203125
0 0.953125 0.7294921875 0.1416015625 0.046875
0 0.7412109375 0.986328125 0.1162109375 0.1064453125
0 0.93359375 0.7939453125 0.1748046875 0.056640625
0 0.39453125 0.9130859375 0.0419921875 0.0966796875
0 0.5986328125 0.16796875 0.0859375 0.080078125
0 0.7919921875 0.1767578125 0.060546875 0.0615234375
0 0.9833984375 0.416015625 0.0615234375 0.1416015625
0 0.5791015625 0.560546875 0.126953125 0.1318359375
0 0.43359375 0.11328125 0.041015625 0.11328125
0 0.9130859375 1.0 0.0771484375 0.0341796875
0 0.412109375 0.83984375 0.1484375 0.087890625
0 0.595703125 0.6064453125 0.0634765625 0.0966796875
0 0.2197265625 0.947265625 0.076171875 0.0458984375
0 0.5654296875 0.896484375 0.1572265625 0.03515625
0 0.6826171875 0.814453125 0.0966796875 0.0654296875
0 0.681640625 0.3935546875 0.216796875 0.1318359375
0 0.099609375 0.0419921875 0.0693359375 0.0380859375
0 0.091796875 0.298828125 0.091796875 0.056640625
0 0.791015625 0.966796875 0.0615234375 0.0400390625
0 0.3310546875 0.873046875 0.2109375 0.044921875
0 0.55859375 0.8701171875 0.0537109375 0.0390625
0 0.6845703125 0.2587890625 0.1337890625 0.0546875
0 0.646484375 0.662109375 0.0634765625 0.1982421875
0 0.1787109375 0.736328125 0.1787109375 0.0908203125
0 0.6728515625 1.0 0.126953125 0.033203125
0 0.4267578125 0.5927734375 0.0693359375 0.048828125
0 0.873046875 0.751953125 0.0517578125 0.0283203125
0 0.7548828125 0.4736328125 0.2138671875 0.146484375
0 0.8193359375 0.9228515625 0.048828125 0.046875
0 0.4033203125 0.7705078125 0.0869140625 0.283203125
0 0.21875 0.994140625 0.18359375 0.048828125
0 0.9755859375 0.919921875 0.244140625 0.095703125
0 0.04296875 0.7841796875 0.04296875 0.0439453125
0 0.36328125 1.0 0.06640625 0.0302734375
0 1.0 0.4599609375 0.0556640625 0.0380859375
0 1.0 0.5302734375 0.048828125 0.0556640625
0 0.91015625 0.4287109375 0.1240234375 0.1015625
0 0.5458984375 0.5546875 0.1298828125 0.087890625
0 0.1259765625 0.580078125 0.0615234375 0.0771484375
0 0.189453125 0.5205078125 0.12890625 0.083984375
0 0.2314453125 0.5009765625 0.2314453125 0.0400390625
0 0.140625 0.458984375 0.140625 0.05859375
0 0.091796875 0.326171875 0.05078125 0.0322265625
0 0.1611328125 0.1826171875 0.1611328125 0.1826171875
0 0.3642578125 0.294921875 0.0712890625 0.0458984375
0 0.3291015625 0.263671875 0.0791015625 0.0693359375
0 0.3662109375 0.24609375 0.072265625 0.0556640625
0 0.3623046875 0.037109375 0.0517578125 0.037109375
0 0.5234375 0.0927734375 0.095703125 0.0927734375
0 0.341796875 0.1328125 0.064453125 0.0283203125
0 0.5302734375 0.0595703125 0.048828125 0.0439453125
