0 0.9755859375 0.1044921875 0.1376953125 0.0908203125
0 0.861328125 0.134765625 0.0556640625 0.0673828125
0 0.873046875 0.1953125 0.0693359375 0.0673828125
0 1.0 0.16015625 0.0380859375 0.0546875
0 0.4873046875 0.0849609375 0.0830078125 0.072265625
0 0.5654296875 0.1572265625 0.072265625 0.140625
0 0.7138671875 0.138671875 0.0625 0.091796875
0 0.765625 0.2568359375 0.083984375 0.1162109375
0 0.84765625 0.3037109375 0.1279296875 0.0849609375
0 0.9365234375 0.318359375 0.091796875 0.0673828125
0 0.9638671875 0.3505859375 0.0654296875 0.0615234375
0 0.3505859375 0.09375 0.1044921875 0.05859375
0 0.24609375 0.0654296875 0.0791015625 0.0654296875
0 0.123046875 0.0625 0.095703125 0.0625
0 0.2431640625 0.17578125 0.068359375 0.0576171875
0 0.154296875 0.1650390625 0.0771484375 0.052734375
0 0.1025390625 0.21875 0.076171875 0.072265625
0 0.3056640625 0.255859375 0.0703125 0.05078125
0 0.2890625 0.2900390625 0.0908203125 0.0498046875
0 0.0908203125 0.30859375 0.0908203125 0.08203125
0 0.3896484375 0.3681640625 0.1396484375 0.0927734375
0 0.3408203125 0.4599609375 0.0615234375 0.1044921875
0 0.27734375 0.482421875 0.0791015625 0.05078125
0 0.2373046875 0.3818359375 0.0908203125 0.060546875
0 0.2041015625 0.4775390625 0.142578125 0.076171875
0 0.087890625 0.5712890625 0.0849609375 0.091796875
0 0.1669921875 0.6640625 0.0849609375 0.0927734375
0 0.3232421875 0.591796875 0.0517578125 0.072265625
0 0.623046875 0.4912109375 0.171875 0.0615234375
0 0.689453125 0.40625 0.0947265625 0.060546875
0 0.7529296875 0.57421875 0.0908203125 0.1044921875
0 0.8681640625 0.5869140625 0.056640625 0.044921875
0 0.8271484375 0.611328125 0.0556640625 0.05859375
0 0.8349609375 0.421875 0.06640625 0.056640625
0 1.0 0.4716796875 0.07421875 0.0849609375
0 0.59375 0.564453125 0.1630859375 0.060546875
0 0.5498046875 0.671875 0.087890625 0.0634765625
0 0.4755859375 0.6337890625 0.0673828125 0.0498046875
0 0.431640625 0.5703125 0.0791015625 0.0810546875
0 0.35546875 0.76171875 0.109375 0.060546875
0 0.2021484375 0.7802734375 0.0478515625 0.064453125
0 0.2197265625 0.880859375 0.1484375 0.080078125
0 0.5791015625 0.7939453125 0.1689453125 0.0830078125
0 0.638671875 0.8505859375 0.1201171875 0.09765625
0 0.765625 0.7451171875 0.095703125 0.08984375
0 0.83203125 0.7763671875 0.0888671875 0.0986328125
0 1.0 0.828125 0.0693359375 0.078125
0 0.736328125 0.9892578125 0.1162109375 0.0634765625
0 0.51171875 0.9658203125 0.083984375 0.048828125
0 0.404296875 0.8388671875 0.0751953125 0.0625
0 0.3994140625 0.98046875 0.1015625 0.0546875
0 0.5 0.857421875 0.1328125 0.0654296875
0 0.4140625 0.8916015625 0.072265625 0.0625
0 1.0 0.9931640625 0.0341796875 0.1064453125
0 0.4443359375 0.4296875 0.0791015625 0.064453125
0 0.755859375 0.4716796875 0.095703125 0.083984375
0 0.2119140625 0.234375 0.1103515625 0.0634765625
0 0.46875 0.9560546875 0.0732421875 0.0546875
0 0.4033203125 0.765625 0.0712890625 0.07421875
0 0.0634765625 0.947265625 0.0634765625 0.0830078125
0 0.232421875 0.6181640625 0.078125 0.0712890625
0 0.619140625 0.15625 0.06640625 0.0595703125
