0 0.896484375 0.76171875 0.08203125 0.0673828125
0 0.935546875 0.6875 0.0986328125 0.072265625
0 0.1181640625 0.5126953125 0.09375 0.0634765625
0 0.4248046875 0.1376953125 0.0771484375 0.07421875
0 0.341796875 0.9599609375 0.0634765625 0.0966796875
0 0.36328125 0.9140625 0.0625 0.083984375
0 0.1357421875 0.6845703125 0.11328125 0.0947265625
0 0.6298828125 0.4619140625 0.076171875 0.05859375
0 0.3212890625 0.3017578125 0.0869140625 0.0751953125
0 0.333984375 0.6923828125 0.1171875 0.103515625
0 0.6689453125 0.677734375 0.1455078125 0.07421875
0 0.2333984375 0.9912109375 0.08203125 0.0810546875
0 0.4130859375 0.6826171875 0.1123046875 0.08203125
0 0.5859375 0.57421875 0.0595703125 0.0947265625
0 0.7236328125 0.263671875 0.0751953125 0.0908203125
0 0.4150390625 0.732421875 0.0703125 0.0712890625
0 0.123046875 0.9697265625 0.08203125 0.0458984375
0 0.9951171875 0.75390625 0.07421875 0.0595703125
0 0.453125 0.041015625 0.138671875 0.0400390625
0 0.859375 0.123046875 0.0537109375 0.0869140625
0 0.7724609375 0.4365234375 0.095703125 0.1064453125
0 0.234375 0.123046875 0.0908203125 0.0986328125
0 0.48046875 0.4404296875 0.0625 0.087890625
0 0.8349609375 0.6640625 0.1279296875 0.0654296875
0 0.3046875 0.9931640625 0.0595703125 0.046875
0 0.2197265625 0.625 0.1123046875 0.0986328125
0 0.9169921875 0.330078125 0.103515625 0.0810546875
0 0.62109375 0.2451171875 0.076171875 0.0537109375
0 0.2939453125 0.5732421875 0.1064453125 0.068359375
0 0.240234375 0.763671875 0.125 0.0693359375
0 0.7724609375 0.396484375 0.048828125 0.05859375
0 0.3525390625 0.087890625 0.05859375 0.03515625
0 0.361328125 0.212890625 0.1220703125 0.09375
0 0.3818359375 0.8984375 0.05078125 0.0732421875
0 1.0 0.1884765625 0.01953125 0.08203125
0 0.9150390625 0.3916015625 0.037109375 0.072265625
0 0.140625 0.7666015625 0.095703125 0.0439453125
0 0.951171875 0.6640625 0.046875 0.068359375
0 0.6435546875 0.80078125 0.0478515625 0.04296875
0 1.0 0.6796875 0.015625 0.072265625
0 0.4462890625 0.3486328125 0.1044921875 0.025390625
0 0.640625 0.9970703125 0.107421875 0.03515625
0 0.919921875 0.6552734375 0.05859375 0.0654296875
0 0.7412109375 0.431640625 0.0908203125 0.087890625
0 0.076171875 0.701171875 0.076171875 0.044921875
0 0.0966796875 0.3251953125 0.080078125 0.04296875
0 0.52734375 0.0498046875 0.048828125 0.0498046875
0 0.0634765625 0.384765625 0.0634765625 0.048828125
0 0.5537109375 0.998046875 0.0693359375 0.0400390625
0 0.4306640625 0.2783203125 0.1005859375 0.1015625
0 0.0517578125 0.1044921875 0.0517578125 0.05859375
0 0.51171875 0.6875 0.05078125 0.0400390625
0 0.2978515625 0.8330078125 0.0888671875 0.033203125
0 0.2763671875 0.33984375 0.1083984375 0.048828125
0 0.1884765625 0.1591796875 0.0625 0.01953125
0 0.35546875 0.9365234375 0.0654296875 0.095703125
0 0.8671875 0.677734375 0.0498046875 0.0361328125
0 0.220703125 0.361328125 0.205078125 0.07421875
0 0.6435546875 0.044921875 0.0498046875 0.044921875
0 0.8984375 0.123046875 0.0546875 0.0458984375
0 0.267578125 0.0322265625 0.0400390625 0.0322265625
0 0.296875 0.025390625 0.0322265625 0.025390625
