0 0.0458984375 0.1171875 0.0458984375 0.1171875
0 0.1845703125 0.0263671875 0.060546875 0.0263671875
0 0.3916015625 0.0224609375 0.064453125 0.0224609375
0 0.6064453125 0.0712890625 0.072265625 0.0595703125
0 0.462890625 0.1552734375 0.0927734375 0.1279296875
0 0.3642578125 0.2412109375 0.0830078125 0.0576171875
0 0.3984375 0.279296875 0.06640625 0.0576171875
0 0.33203125 0.298828125 0.0732421875 0.0615234375
0 0.095703125 0.4052734375 0.0908203125 0.083984375
0 0.1123046875 0.689453125 0.078125 0.0830078125
0 0.2060546875 0.6201171875 0.0751953125 0.0693359375
0 0.169921875 0.5302734375 0.064453125 0.08203125
0 0.2294921875 0.513671875 0.0654296875 0.060546875
0 0.25 0.46484375 0.0625 0.06640625
0 0.126953125 1.0 0.0888671875 0.0419921875
0 0.13671875 0.978515625 0.0810546875 0.08203125
0 0.1904296875 1.0 0.0751953125 0.0595703125
0 0.3251953125 1.0 0.1123046875 0.068359375
0 0.1767578125 0.8740234375 0.072265625 0.0908203125
0 0.470703125 1.0 0.119140625 0.0810546875
0 0.486328125 0.97265625 0.083984375 0.095703125
0 0.623046875 0.98828125 0.07421875 0.083984375
0 0.705078125 0.97265625 0.1025390625 0.0595703125
0 0.333984375 0.7939453125 0.0751953125 0.1162109375
0 0.3916015625 0.7490234375 0.0732421875 0.078125
0 0.40625 0.814453125 0.0615234375 0.068359375
0 0.46484375 0.7880859375 0.0576171875 0.0615234375
0 0.8134765625 0.7568359375 0.0947265625 0.0634765625
0 0.87109375 0.869140625 0.0693359375 0.060546875
0 0.2197265625 0.849609375 0.052734375 0.04296875
0 0.8642578125 0.712890625 0.078125 0.103515625
0 0.7822265625 0.630859375 0.0703125 0.060546875
0 0.5244140625 0.5498046875 0.056640625 0.06640625
0 0.40625 0.544921875 0.064453125 0.0888671875
0 0.47265625 0.5087890625 0.0771484375 0.072265625
0 0.533203125 0.4345703125 0.0791015625 0.0625
0 0.744140625 0.396484375 0.111328125 0.064453125
0 0.50390625 0.333984375 0.0634765625 0.05859375
0 0.59375 0.31640625 0.0615234375 0.0400390625
0 0.890625 0.41796875 0.0751953125 0.0546875
0 0.9599609375 0.390625 0.0947265625 0.0556640625
0 1.0 0.4609375 0.013671875 0.0634765625
0 0.9990234375 0.6279296875 0.0625 0.0927734375
0 0.984375 0.7666015625 0.0625 0.068359375
0 1.0 0.326171875 0.060546875 0.068359375
0 1.0 0.2705078125 0.0517578125 0.0498046875
0 1.0 0.25390625 0.10546875 0.09375
0 1.0 0.10546875 0.0830078125 0.0732421875
0 0.9365234375 0.0576171875 0.1005859375 0.0478515625
0 0.638671875 0.248046875 0.0625 0.0703125
0 0.654296875 0.3076171875 0.060546875 0.0546875
0 0.5947265625 0.287109375 0.064453125 0.041015625
0 1.0 0.84375 0.08984375 0.0546875
0 0.9912109375 0.044921875 0.046875 0.044921875
0 0.6572265625 0.7080078125 0.048828125 0.0556640625
0 0.115234375 0.953125 0.0703125 0.07421875
0 0.69921875 0.9990234375 0.0751953125 0.0400390625
0 0.8779296875 0.88671875 0.0673828125 0.078125
