0 0.443359375 0.248046875 0.1201171875 0.1015625
0 0.841796875 0.26171875 0.0888671875 0.064453125
0 0.548828125 0.83984375 0.09736328124999999 0.06044921874999998
0 0.7431640625 0.9541015625 0.0966796875 0.04296875
0 0.75390625 0.326171875 0.1162109375 0.0791015625
0 0.896484375 0.2421875 0.109375 0.125
0 0.642578125 0.31640625 0.0859375 0.0458984375
0 0.6396484375 0.0986328125 0.083984375 0.078125
0 0.5703125 0.1943359375 0.087890625 0.08984375
0 0.1083984375 0.2939453125 0.1083984375 0.0693359375
0 0.359375 0.048828125 0.083984375 0.0439453125
0 0.5771484375 0.5224609375 0.0390625 0.080078125
0 0.80078125 0.4912109375 0.0986328125 0.107421875
0 0.4658203125 0.3447265625 0.0849609375 0.044921875
0 0.333984375 0.720703125 0.0556640625 0.0703125
0 0.7099609375 0.212890625 0.0869140625 0.0712890625
0 0.1962890625 0.953125 0.1044921875 0.0556640625
0 0.7060546875 0.4833984375 0.05859375 0.0625
0 0.41015625 0.970703125 0.115234375 0.0625
0 0.2353515625 0.25 0.10546875 0.0576171875
0 0.6953125 0.669921875 0.072265625 0.0439453125
0 0.845703125 0.826171875 0.0849609375 0.041015625
0 0.8857421875 0.923828125 0.064453125 0.0400390625
0 1.0 0.3076171875 0.046875 0.037109375
0 0.9658203125 0.0556640625 0.078125 0.0556640625
0 0.57421875 0.6484375 0.0703125 0.0458984375
0 0.2890625 0.734375 0.0712890625 0.04296875
0 0.2685546875 0.6435546875 0.1142578125 0.0625
0 0.095703125 0.1923828125 0.095703125 0.0517578125
0 0.5498046875 0.7783203125 0.052734375 0.0546875
0 0.9931640625 0.869140625 0.068359375 0.0439453125
0 0.28125 0.904296875 0.150390625 0.0439453125
0 0.56640625 0.921875 0.072265625 0.0400390625
0 0.3232421875 0.998046875 0.0927734375 0.0185546875
0 0.234375 0.490234375 0.06640625 0.0400390625
0 0.7978515625 0.998046875 0.0751953125 0.017578125
0 0.8037109375 0.30078125 0.0439453125 0.033203125
0 0.2998046875 0.53515625 0.0986328125 0.0341796875
0 0.9619140625 0.171875 0.0615234375 0.083984375
0 0.23828125 0.814453125 0.1015625 0.046875
0 0.2001953125 0.5498046875 0.115234375 0.060546875
0 0.419921875 0.869140625 0.1708984375 0.0556640625
0 0.8564453125 0.6474609375 0.048828125 0.048828125
0 0.0712890625 0.8974609375 0.0712890625 0.0439453125
0 0.181640625 0.7109375 0.0625 0.0419921875
0 0.1181640625 0.810546875 0.0751953125 0.0556640625
0 0.8271484375 0.0771484375 0.0517578125 0.0498046875
0 1.0 0.203125 0.04296875 0.0439453125
0 0.5693359375 0.583984375 0.0595703125 0.0498046875
0 0.978515625 0.224609375 0.0478515625 0.0634765625
0 0.6259765625 0.1982421875 0.103515625 0.0810546875
0 0.044921875 0.6318359375 0.044921875 0.0400390625
0 0.8037109375 0.5341796875 0.107421875 0.056640625
0 0.5888671875 0.3525390625 0.099609375 0.0556640625
0 0.802734375 0.373046875 0.103515625 0.04296875
0 0.7470703125 0.0263671875 0.0380859375 0.025390625
0 0.5439453125 0.9677734375 0.0791015625 0.017578125
0 0.982421875 0.8759765625 0.0625 0.0419921875
0 0.40625 0.78515625 0.0556640625 0.0390625
0 0.04296875 0.65625 0.04296875 0.0361328125
0 0.5478515625 0.8525390625 0.087890625 0.041015625
0 0.2763671875 0.57421875 0.1171875 0.041015625
0 0.30078125 0.5205078125 0.0986328125 0.0263671875
0 0.109375 0.576171875 0.09765625 0.04296875
0 0.3662109375 0.78125 0.0498046875 0.0537109375
0 0.474609375 0.9873046875 0.0322265625 0.05859375
0 0.1591796875 0.015625 0.05078125 0.015625
0 0.1328125 0.2958984375 0.095703125 0.0673828125
0 0.1142578125 0.6005859375 0.078125 0.04296875
0 0.3818359375 0.623046875 0.1787109375 0.0625
0 0.4658203125 0.5537109375 0.0908203125 0.06640625
0 0.8916015625 0.81640625 0.0771484375 0.060546875
0 0.9794921875 0.3857421875 0.041015625 0.0537109375
0 0.2705078125 0.841796875 0.0673828125 0.0439453125
0 0.201171875 0.7939453125 0.068359375 0.0400390625
0 0.599609375 0.310546875 0.0927734375 0.0517578125
0 0.0693359375 0.216796875 0.0419921875 0.0322265625
0 0.83984375 0.1435546875 0.0439453125 0.0615234375
0 0.80859375 0.1943359375 0.05859375 0.046875
