0 0.671875 0.142578125 0.0576171875 0.083984375
0 0.505859375 0.1484375 0.0595703125 0.1044921875
0 0.2900390625 0.42578125 0.099609375 0.060546875
0 0.5693359375 0.814453125 0.0859375 0.0615234375
0 0.884765625 0.365234375 0.0625 0.0732421875
0 0.8369140625 0.1806640625 0.064453125 0.0888671875
0 0.919921875 0.197265625 0.08203125 0.08203125
0 0.7451171875 0.51953125 0.0673828125 0.080078125
0 0.5634765625 0.3232421875 0.06640625 0.0810546875
0 0.90234375 0.11328125 0.115234375 0.11328125
0 0.7607421875 0.6650390625 0.068359375 0.0732421875
0 0.90234375 0.8544921875 0.1357421875 0.068359375
0 0.1083984375 0.4658203125 0.078125 0.0439453125
0 0.7890625 0.8876953125 0.109375 0.1240234375
0 0.6484375 0.07421875 0.0673828125 0.0732421875
0 0.482421875 0.3662109375 0.060546875 0.0791015625
0 0.4794921875 0.6396484375 0.091796875 0.0546875
0 0.986328125 0.0439453125 0.08984375 0.0439453125
0 0.5546875 0.517578125 0.103515625 0.0458984375
0 0.275390625 0.765625 0.0859375 0.0615234375
0 0.091796875 0.19140625 0.08984375 0.0595703125
0 0.9169921875 0.5947265625 0.109375 0.0556640625
0 0.298828125 0.1474609375 0.1318359375 0.06640625
0 0.466796875 0.513671875 0.0859375 0.0576171875
0 0.9228515625 0.5107421875 0.0869140625 0.0537109375
0 0.255859375 0.0771484375 0.0966796875 0.0693359375
0 0.1982421875 0.43359375 0.09765625 0.0771484375
0 0.4677734375 0.751953125 0.1005859375 0.0771484375
0 0.986328125 0.4853515625 0.0517578125 0.0576171875
0 0.310546875 0.0791015625 0.0859375 0.0791015625
0 0.9072265625 0.267578125 0.0810546875 0.0400390625
0 0.724609375 0.384765625 0.076171875 0.0556640625
0 0.837890625 0.4345703125 0.076171875 0.060546875
0 0.3076171875 0.908203125 0.1708984375 0.048828125
0 0.279296875 0.7001953125 0.1142578125 0.0576171875
0 0.7978515625 0.3984375 0.0732421875 0.0693359375
0 0.2783203125 0.2314453125 0.0361328125 0.072265625
0 1.0 0.671875 0.0751953125 0.052734375
0 0.0712890625 0.7470703125 0.0712890625 0.0654296875
0 0.189453125 0.517578125 0.0859375 0.048828125
0 0.7021484375 1.0 0.1337890625 0.080078125
0 0.4345703125 0.0478515625 0.0869140625 0.046875
0 0.7314453125 0.296875 0.0634765625 0.033203125
0 0.7158203125 0.4541015625 0.08203125 0.0595703125
0 0.3583984375 0.6435546875 0.115234375 0.037109375
0 0.3759765625 0.2568359375 0.080078125 0.025390625
0 0.5634765625 0.0322265625 0.095703125 0.0322265625
0 0.8486328125 0.5947265625 0.078125 0.0390625
0 1.0 0.9443359375 0.0625 0.0322265625
0 0.73046875 0.775390625 0.0498046875 0.046875
0 0.3193359375 0.0517578125 0.0615234375 0.0517578125
0 0.5810546875 0.9765625 0.1181640625 0.1484375
0 0.7041015625 0.634765625 0.0791015625 0.048828125
0 0.9296875 0.912109375 0.083984375 0.04296875
0 0.197265625 0.736328125 0.0986328125 0.0703125
0 0.677734375 0.8759765625 0.0732421875 0.037109375
0 0.46484375 0.3046875 0.08984375 0.03125
0 0.552734375 0.1533203125 0.044921875 0.0634765625
0 0.1171875 0.900390625 0.1171875 0.0576171875
0 0.306640625 0.5390625 0.0927734375 0.03515625
0 0.2509765625 0.578125 0.09375 0.046875
0 0.7919921875 0.2919921875 0.0791015625 0.0478515625
0 0.1669921875 0.11328125 0.06640625 0.0556640625
0 0.26171875 0.1552734375 0.123046875 0.087890625
0 0.3759765625 0.892578125 0.08203125 0.0400390625
0 0.6455078125 0.919921875 0.1298828125 0.0478515625
0 0.3203125 0.8642578125 0.080078125 0.0498046875
0 0.1513671875 0.9189453125 0.0849609375 0.037109375
0 0.0908203125 0.6787109375 0.0693359375 0.041015625
0 0.7783203125 0.828125 0.0615234375 0.056640625
0 0.291015625 0.5234375 0.095703125 0.041015625
0 0.2255859375 0.58984375 0.068359375 0.03515625
0 1.0 0.712890625 0.0146484375 0.025390625
0 0.0302734375 1.0 0.0302734375 0.05078125
0 0.3994140625 0.9609375 0.0830078125 0.048828125
0 0.4306640625 0.9990234375 0.119140625 0.0595703125
0 0.4404296875 0.8720703125 0.048828125 0.0576171875
0 0.9990234375 0.9072265625 0.0615234375 0.0361328125
0 0.5576171875 0.5751953125 0.0498046875 0.0419921875
0 0.13671875 0.080078125 0.08984375 0.0478515625
0 0.1533203125 0.1484375 0.1298828125 0.068359375
0 0.0283203125 0.0751953125 0.0283203125 0.0498046875
0 0.017578125 0.0205078125 0.017578125 0.0205078125
