0 0.9814453125 0.0712890625 0.1171875 0.0712890625
0 0.8486328125 0.142578125 0.1494140625 0.099609375
0 0.810546875 0.21875 0.052734375 0.044921875
0 0.783203125 0.2451171875 0.1162109375 0.080078125
0 0.8056640625 0.3505859375 0.109375 0.0703125
0 0.6318359375 0.2587890625 0.1572265625 0.0830078125
0 0.6083984375 0.1279296875 0.0712890625 0.1279296875
0 0.640625 0.0615234375 0.0537109375 0.0615234375
0 0.501953125 0.0810546875 0.0888671875 0.0810546875
0 0.39453125 0.037109375 0.10546875 0.037109375
0 0.3759765625 0.3134765625 0.0703125 0.1494140625
0 0.484375 0.375 0.064453125 0.091796875
0 0.5654296875 0.3388671875 0.091796875 0.07421875
0 0.4453125 0.244140625 0.078125 0.07421875
0 0.4267578125 0.48828125 0.0849609375 0.0625
0 0.513671875 0.4599609375 0.1025390625 0.052734375
0 0.609375 0.4814453125 0.0947265625 0.06640625
0 0.5390625 0.5791015625 0.1064453125 0.0771484375
0 0.638671875 0.6171875 0.0634765625 0.06640625
0 0.28125 0.4931640625 0.056640625 0.109375
0 0.2255859375 0.4638671875 0.0869140625 0.0693359375
0 0.0693359375 0.3232421875 0.0693359375 0.087890625
0 0.1025390625 0.083984375 0.0517578125 0.083984375
0 0.1787109375 0.09765625 0.080078125 0.09765625
0 0.060546875 0.138671875 0.060546875 0.09765625
0 0.8427734375 0.5205078125 0.1025390625 0.0693359375
0 0.9453125 0.4873046875 0.0908203125 0.0830078125
0 0.8984375 0.4072265625 0.0849609375 0.064453125
0 1.0 0.5986328125 0.103515625 0.072265625
0 0.8974609375 0.5576171875 0.048828125 0.0615234375
0 1.0 0.9482421875 0.0478515625 0.06640625
0 1.0 0.814453125 0.0810546875 0.0703125
0 0.83203125 0.759765625 0.103515625 0.08203125
0 0.88671875 0.7802734375 0.044921875 0.0576171875
0 0.9931640625 0.7470703125 0.0546875 0.05078125
0 0.9814453125 0.6591796875 0.044921875 0.0439453125
0 0.818359375 0.642578125 0.064453125 0.0703125
0 0.48046875 0.765625 0.080078125 0.06640625
0 0.5146484375 0.6806640625 0.1162109375 0.0654296875
0 0.3544921875 0.6591796875 0.138671875 0.0654296875
0 0.2333984375 0.6064453125 0.0634765625 0.0556640625
0 0.189453125 0.66796875 0.1064453125 0.0673828125
0 0.0546875 0.6787109375 0.0546875 0.0361328125
0 0.060546875 0.6318359375 0.060546875 0.037109375
0 0.2080078125 0.79296875 0.0615234375 0.0556640625
0 0.140625 0.87890625 0.078125 0.0439453125
0 0.2734375 0.923828125 0.06640625 0.0810546875
0 0.43359375 0.921875 0.0869140625 0.0546875
0 0.546875 0.9150390625 0.0830078125 0.0712890625
0 0.5419921875 1.0 0.1181640625 0.0517578125
0 0.4072265625 1.0 0.1220703125 0.04296875
0 0.15234375 1.0 0.15234375 0.0625
0 0.2412109375 1.0 0.07421875 0.0546875
0 0.2763671875 0.9736328125 0.0703125 0.0458984375
0 0.849609375 0.919921875 0.099609375 0.0986328125
0 0.18359375 0.0576171875 0.0634765625 0.0576171875
0 0.365234375 0.662109375 0.0859375 0.076171875
0 0.8759765625 0.2509765625 0.046875 0.0458984375
0 0.9453125 0.1982421875 0.0673828125 0.0546875
0 0.080078125 0.7919921875 0.0517578125 0.0810546875
0 0.2724609375 0.931640625 0.1064453125 0.0771484375
0 0.76171875 0.2548828125 0.0673828125 0.0322265625
0 0.4638671875 0.6044921875 0.056640625 0.0439453125
