0 0.0595703125 0.1474609375 0.0595703125 0.078125
0 0.880859375 0.1318359375 0.109375 0.080078125
0 0.689453125 0.6123046875 0.0849609375 0.107421875
0 0.001953125 0.44921875 0.001953125 0.107421875
0 0.884765625 0.5634765625 0.1142578125 0.08203125
0 0.955078125 0.6748046875 0.1025390625 0.10546875
0 0.9609375 0.49609375 0.1201171875 0.0859375
0 0.7373046875 0.7919921875 0.0927734375 0.115234375
0 0.15625 0.1396484375 0.140625 0.1123046875
0 0.798828125 0.9970703125 0.0703125 0.1044921875
0 0.8671875 0.90234375 0.0771484375 0.064453125
0 0.9990234375 0.2900390625 0.103515625 0.10546875
