0 0.9130859375 0.091796875 0.0625 0.0908203125
0 1.0 0.708984375 0.03125 0.1025390625
0 0.85546875 0.7998046875 0.0791015625 0.064453125
0 0.6142578125 0.705078125 0.109375 0.09765625
0 0.876953125 0.4140625 0.076171875 0.091796875
0 0.3330078125 0.12109375 0.1015625 0.0712890625
0 0.7236328125 0.078125 0.0751953125 0.072265625
0 0.80078125 0.2763671875 0.0869140625 0.103515625
0 1.0 0.203125 0.044921875 0.0546875
0 0.3251953125 0.734375 0.107421875 0.0908203125
0 0.78125 0.1005859375 0.0693359375 0.0966796875
0 0.369140625 0.7353515625 0.080078125 0.0703125
0 1.0 0.91015625 0.046875 0.1201171875
0 0.1181640625 0.76171875 0.0869140625 0.072265625
0 0.2685546875 0.984375 0.099609375 0.0693359375
0 0.67578125 0.453125 0.09375 0.0859375
0 0.6220703125 0.0888671875 0.1181640625 0.080078125
0 0.158203125 0.619140625 0.1162109375 0.0595703125
0 0.9130859375 0.984375 0.08984375 0.0810546875
0 0.6064453125 0.640625 0.1123046875 0.1025390625
0 0.861328125 0.443359375 0.111328125 0.0625
0 0.78125 0.4873046875 0.068359375 0.0595703125
0 0.7197265625 0.283203125 0.0654296875 0.0595703125
0 0.1904296875 0.806640625 0.0830078125 0.0830078125
0 0.7314453125 0.6279296875 0.09375 0.109375
0 0.84765625 0.478515625 0.0908203125 0.0615234375
0 0.4345703125 0.455078125 0.0751953125 0.0712890625
0 0.1494140625 0.4560546875 0.095703125 0.078125
0 0.0859375 0.5380859375 0.083984375 0.07421875
0 0.6328125 0.5419921875 0.0693359375 0.1025390625
0 0.96484375 0.615234375 0.0791015625 0.087890625
0 0.7314453125 0.19140625 0.0810546875 0.080078125
0 0.5458984375 0.390625 0.080078125 0.119140625
0 0.1650390625 0.708984375 0.083984375 0.0556640625
0 0.400390625 0.25390625 0.0595703125 0.0703125
0 0.3798828125 0.2724609375 0.076171875 0.0498046875
0 0.6357421875 0.7646484375 0.0703125 0.0537109375
0 0.1025390625 0.3359375 0.1015625 0.0869140625
0 0.0498046875 0.142578125 0.0498046875 0.072265625
0 0.56640625 0.89453125 0.0703125 0.05078125
0 0.8193359375 0.06640625 0.0654296875 0.06640625
0 0.6513671875 0.3017578125 0.1015625 0.0546875
0 0.177734375 0.1376953125 0.0927734375 0.083984375
0 0.5458984375 0.123046875 0.0615234375 0.0556640625
0 0.421875 1.0 0.099609375 0.0390625
0 0.6630859375 0.5927734375 0.0703125 0.068359375
0 0.80078125 0.7978515625 0.0673828125 0.04296875
0 0.0625 0.06640625 0.0625 0.05859375
0 0.9765625 0.390625 0.0703125 0.0615234375
0 0.1337890625 0.466796875 0.0810546875 0.0712890625
0 0.935546875 0.8193359375 0.0576171875 0.048828125
0 0.474609375 0.4072265625 0.05078125 0.0703125
0 0.5 0.0458984375 0.04296875 0.0458984375
0 0.10546875 0.65234375 0.0322265625 0.0263671875
0 0.9794921875 0.6611328125 0.0576171875 0.05859375
0 0.9697265625 0.7099609375 0.0380859375 0.046875
0 0.8515625 0.3330078125 0.05859375 0.06640625
0 0.0625 0.1298828125 0.0615234375 0.0693359375
0 0.1953125 1.0 0.05078125 0.0283203125
0 0.30078125 0.0380859375 0.041015625 0.0380859375
0 0.9091796875 0.2666015625 0.0458984375 0.0439453125
0 0.1875 0.681640625 0.087890625 0.044921875
0 0.0908203125 0.21484375 0.0830078125 0.0810546875
0 0.396484375 0.0341796875 0.037109375 0.033203125
0 0.3408203125 0.81640625 0.0966796875 0.0390625
0 0.3759765625 0.037109375 0.052734375 0.0361328125
0 0.1650390625 0.0458984375 0.0537109375 0.044921875
0 0.1142578125 0.642578125 0.064453125 0.060546875
0 0.1650390625 0.0302734375 0.0361328125 0.029296875
0 0.33203125 0.115234375 0.08203125 0.0625
0 0.3603515625 0.3994140625 0.046875 0.0517578125
0 0.1376953125 0.4345703125 0.0732421875 0.0673828125
0 0.966796875 0.8115234375 0.041015625 0.04296875
0 0.05078125 0.7109375 0.0498046875 0.068359375
