0 0.193359375 0.0517578125 0.0625 0.0517578125
0 0.103515625 0.212890625 0.103515625 0.1083984375
0 0.9423828125 0.12890625 0.1337890625 0.126953125
0 0.732421875 0.185546875 0.0888671875 0.095703125
0 0.875 0.2861328125 0.1298828125 0.0927734375
0 0.7744140625 0.3896484375 0.12890625 0.09765625
0 0.7958984375 0.5224609375 0.1689453125 0.0888671875
0 0.703125 0.615234375 0.134765625 0.0810546875
0 0.5517578125 0.484375 0.13671875 0.0986328125
0 0.435546875 0.4033203125 0.1572265625 0.1015625
0 0.365234375 0.3037109375 0.140625 0.0810546875
0 0.560546875 0.2763671875 0.1298828125 0.09765625
0 1.0 0.474609375 0.1103515625 0.0927734375
0 0.970703125 0.35546875 0.0869140625 0.0771484375
0 1.0 0.5400390625 0.037109375 0.0771484375
0 0.9228515625 0.73828125 0.12890625 0.14453125
0 0.85546875 0.7705078125 0.0908203125 0.0615234375
0 1.0 0.8935546875 0.0595703125 0.119140625
0 0.7900390625 0.8701171875 0.1328125 0.076171875
0 0.5380859375 0.8671875 0.134765625 0.0810546875
0 0.4423828125 0.970703125 0.150390625 0.0751953125
0 0.6953125 0.9609375 0.111328125 0.0732421875
0 0.619140625 1.0 0.0888671875 0.04296875
0 0.4248046875 0.73828125 0.0966796875 0.0791015625
0 0.458984375 0.6728515625 0.0869140625 0.0654296875
0 0.212890625 0.6318359375 0.10546875 0.1435546875
0 0.1748046875 0.716796875 0.138671875 0.0966796875
0 0.2939453125 0.8720703125 0.1083984375 0.09375
0 0.30859375 0.755859375 0.126953125 0.072265625
0 0.1171875 0.4970703125 0.1171875 0.107421875
0 0.8974609375 0.3798828125 0.123046875 0.0849609375
0 0.8994140625 0.9638671875 0.1826171875 0.142578125
0 0.9873046875 1.0 0.0859375 0.068359375
