0 0.125 0.0390625 0.0986328125 0.0390625
0 0.1953125 0.0390625 0.0703125 0.0390625
0 0.1171875 0.3212890625 0.1171875 0.0654296875
0 0.0595703125 0.5400390625 0.0595703125 0.1279296875
0 0.091796875 0.6904296875 0.0869140625 0.111328125
0 0.1826171875 0.7890625 0.0927734375 0.12109375
0 0.0634765625 0.951171875 0.0634765625 0.111328125
0 0.16015625 0.9365234375 0.103515625 0.078125
0 0.2314453125 1.0 0.0859375 0.0498046875
0 0.2333984375 0.95703125 0.0751953125 0.07421875
0 0.7578125 1.0 0.0712890625 0.0439453125
0 0.7119140625 0.990234375 0.0673828125 0.072265625
0 0.6611328125 0.9658203125 0.16796875 0.1005859375
0 0.640625 1.0 0.126953125 0.0322265625
0 0.4326171875 1.0 0.0634765625 0.0625
0 0.4248046875 0.93359375 0.0810546875 0.0712890625
0 0.8466796875 0.892578125 0.119140625 0.083984375
0 0.9248046875 0.8994140625 0.0810546875 0.046875
0 0.9248046875 0.990234375 0.0888671875 0.09765625
0 1.0 0.94140625 0.015625 0.068359375
0 1.0 0.8564453125 0.0654296875 0.080078125
0 0.9970703125 0.7763671875 0.0810546875 0.064453125
0 0.783203125 0.76953125 0.083984375 0.064453125
0 0.3466796875 0.7685546875 0.087890625 0.078125
0 0.494140625 0.0595703125 0.0849609375 0.05859375
0 0.322265625 0.1396484375 0.07421875 0.0966796875
0 0.35546875 0.16015625 0.0751953125 0.0927734375
0 0.55859375 0.1396484375 0.06640625 0.0654296875
0 0.578125 0.0966796875 0.0625 0.0537109375
0 0.60546875 0.0146484375 0.06640625 0.0146484375
0 0.7021484375 0.21875 0.0771484375 0.0634765625
0 0.8388671875 0.1708984375 0.125 0.056640625
0 0.9384765625 0.04296875 0.1015625 0.04296875
0 0.943359375 0.1357421875 0.078125 0.0673828125
0 0.9892578125 0.0126953125 0.0595703125 0.0126953125
0 0.9560546875 0.283203125 0.068359375 0.078125
0 1.0 0.3154296875 0.0546875 0.083984375
0 0.78515625 0.3486328125 0.0751953125 0.0947265625
0 1.0 0.4169921875 0.10546875 0.0712890625
0 1.0 0.4833984375 0.03125 0.06640625
0 0.93359375 0.5498046875 0.1611328125 0.072265625
0 0.845703125 0.6796875 0.0869140625 0.1181640625
0 0.59765625 0.515625 0.1787109375 0.0771484375
0 0.537109375 0.548828125 0.0859375 0.0458984375
0 0.3603515625 0.689453125 0.09765625 0.0888671875
0 0.255859375 0.6142578125 0.0751953125 0.1953125
0 0.22265625 0.7431640625 0.068359375 0.103515625
0 0.3525390625 0.4169921875 0.1630859375 0.064453125
0 0.2734375 0.0205078125 0.083984375 0.0205078125
0 0.638671875 0.8896484375 0.0625 0.0576171875
