0 0.181640625 0.4814453125 0.1064453125 0.1240234375
0 0.5380859375 0.498046875 0.078125 0.0693359375
0 0.2587890625 0.501953125 0.140625 0.0869140625
0 0.689453125 0.9326171875 0.0673828125 0.1328125
0 0.23828125 0.7822265625 0.0888671875 0.1083984375
0 0.1435546875 0.3505859375 0.119140625 0.0888671875
0 0.40234375 0.810546875 0.1123046875 0.091796875
0 0.8896484375 0.615234375 0.1875 0.0859375
0 0.5263671875 0.6435546875 0.0595703125 0.05859375
0 0.7080078125 0.494140625 0.107421875 0.0888671875
0 0.486328125 0.572265625 0.220703125 0.0791015625
0 0.5625 0.1123046875 0.078125 0.1123046875
0 0.8564453125 0.494140625 0.09375 0.0654296875
0 0.8603515625 0.46875 0.1328125 0.0732421875
0 0.0869140625 1.0 0.0869140625 0.0791015625
0 0.6376953125 0.650390625 0.07421875 0.07421875
0 0.0546875 0.517578125 0.0537109375 0.080078125
0 0.064453125 0.6318359375 0.0517578125 0.0732421875
0 0.5703125 0.30859375 0.060546875 0.0712890625
0 0.474609375 0.748046875 0.20703125 0.0576171875
0 0.134765625 0.642578125 0.0458984375 0.0390625
0 0.625 0.7177734375 0.189453125 0.1318359375
