0 0.5634765625 0.03515625 0.083984375 0.03515625
0 0.3232421875 0.1279296875 0.0673828125 0.083984375
0 0.421875 0.31640625 0.123046875 0.072265625
0 0.337890625 0.375 0.10546875 0.080078125
0 0.546875 0.140625 0.0849609375 0.09765625
0 0.837890625 0.2265625 0.078125 0.0859375
0 0.908203125 0.2998046875 0.0732421875 0.07421875
0 0.9951171875 0.3466796875 0.0546875 0.08203125
0 0.67578125 0.1533203125 0.0859375 0.08203125
0 0.693359375 0.2177734375 0.05078125 0.0693359375
0 0.71875 0.41796875 0.103515625 0.111328125
0 0.8056640625 0.4013671875 0.0712890625 0.10546875
0 1.0 0.5244140625 0.099609375 0.1064453125
0 0.890625 0.517578125 0.080078125 0.0849609375
0 0.9599609375 0.623046875 0.0966796875 0.111328125
0 0.6318359375 0.517578125 0.1171875 0.0830078125
0 0.4990234375 0.48046875 0.0712890625 0.060546875
0 0.201171875 0.5537109375 0.0771484375 0.0732421875
0 0.046875 0.5419921875 0.046875 0.0947265625
0 0.32421875 0.4931640625 0.068359375 0.0673828125
0 0.1298828125 0.75 0.0537109375 0.0654296875
0 0.1962890625 0.6845703125 0.068359375 0.0654296875
0 0.0732421875 0.623046875 0.056640625 0.060546875
0 0.302734375 0.7548828125 0.0595703125 0.07421875
0 0.2099609375 0.8857421875 0.076171875 0.0693359375
0 0.234375 1.0 0.0888671875 0.0556640625
0 0.392578125 0.98828125 0.1201171875 0.076171875
0 0.36328125 0.25390625 0.1240234375 0.0703125
0 0.6162109375 0.9365234375 0.1064453125 0.14453125
0 0.69921875 0.755859375 0.0908203125 0.078125
0 0.7451171875 0.615234375 0.099609375 0.056640625
0 0.841796875 0.921875 0.09375 0.1337890625
0 0.974609375 0.9951171875 0.111328125 0.0908203125
0 0.80859375 0.9599609375 0.10546875 0.12109375
0 0.7509765625 0.8505859375 0.0791015625 0.052734375
0 0.3427734375 0.8095703125 0.0732421875 0.103515625
