0 0.52734375 0.564453125 0.115234375 0.1044921875
0 0.4892578125 0.359375 0.126953125 0.1396484375
0 0.1943359375 0.994140625 0.1298828125 0.0947265625
0 0.1748046875 0.673828125 0.1728515625 0.1025390625
0 0.626953125 0.341796875 0.1220703125 0.0869140625
0 0.5390625 0.099609375 0.1123046875 0.0927734375
0 0.984375 0.189453125 0.1796875 0.150390625
0 0.8623046875 0.3896484375 0.1630859375 0.1376953125
0 0.1474609375 0.2890625 0.046875 0.08984375
0 0.71484375 0.6318359375 0.11328125 0.107421875
0 0.7021484375 0.4072265625 0.115234375 0.1201171875
0 0.697265625 0.9794921875 0.1904296875 0.1279296875
0 0.4697265625 0.19921875 0.0849609375 0.07421875
0 0.681640625 1.0 0.1474609375 0.0029296875
0 0.1162109375 0.8974609375 0.1162109375 0.1416015625
0 0.4169921875 0.671875 0.1025390625 0.080078125
0 0.5068359375 0.6796875 0.1201171875 0.08984375
0 0.431640625 0.134765625 0.0849609375 0.10546875
0 0.591796875 0.2568359375 0.1318359375 0.099609375
0 0.7724609375 0.1396484375 0.2099609375 0.134765625
0 0.2158203125 0.8984375 0.103515625 0.10546875
0 0.6171875 0.6171875 0.1123046875 0.080078125
0 1.0 0.3359375 0.0537109375 0.1044921875
0 0.794921875 0.6875 0.2001953125 0.1328125
0 0.1845703125 0.216796875 0.0634765625 0.0693359375
