0 0.7197265625 0.9072265625 0.1376953125 0.1025390625
0 0.62109375 0.7734375 0.1201171875 0.1171875
0 0.6806640625 0.349609375 0.1240234375 0.15234375
0 0.8720703125 0.8896484375 0.150390625 0.115234375
0 0.5595703125 1.0 0.1298828125 0.10546875
0 0.982421875 0.8359375 0.1279296875 0.12890625
0 0.64453125 0.65234375 0.142578125 0.123046875
0 0.3212890625 0.2216796875 0.1357421875 0.11328125
0 0.8974609375 0.5205078125 0.1318359375 0.115234375
0 0.5869140625 0.1171875 0.1025390625 0.115234375
0 0.26953125 0.880859375 0.1240234375 0.09765625
0 0.8798828125 0.70703125 0.0810546875 0.1298828125
0 0.974609375 1.0 0.1826171875 0.0654296875
0 0.763671875 0.12890625 0.1416015625 0.07421875
0 0.208984375 0.4755859375 0.20703125 0.1259765625
0 0.3466796875 0.099609375 0.169921875 0.09765625
0 0.109375 1.0 0.107421875 0.0625
0 0.107421875 0.064453125 0.09765625 0.0625
0 0.8154296875 0.740234375 0.09375 0.1123046875
0 0.75 0.169921875 0.1513671875 0.08203125
0 0.9658203125 0.5087890625 0.0947265625 0.1083984375
0 0.40234375 0.591796875 0.08984375 0.0810546875
