0 0.2119140625 1.0 0.0888671875 0.0400390625
0 0.24609375 0.94921875 0.07421875 0.064453125
0 0.44921875 1.0 0.111328125 0.041015625
0 0.3310546875 0.880859375 0.0703125 0.091796875
0 0.388671875 0.80859375 0.0703125 0.0888671875
0 0.17578125 0.7919921875 0.0771484375 0.0947265625
0 0.1865234375 0.6279296875 0.0732421875 0.107421875
0 0.267578125 0.5439453125 0.0849609375 0.09375
0 0.19921875 0.4794921875 0.0966796875 0.103515625
0 0.169921875 0.2548828125 0.087890625 0.068359375
0 0.189453125 0.3720703125 0.1865234375 0.2099609375
0 0.2626953125 0.2900390625 0.087890625 0.1474609375
0 0.318359375 0.240234375 0.0791015625 0.0732421875
0 0.408203125 0.2626953125 0.07421875 0.076171875
0 0.4462890625 0.462890625 0.0712890625 0.091796875
0 0.5419921875 0.43359375 0.0859375 0.0712890625
0 0.4775390625 0.6044921875 0.0625 0.109375
0 0.2373046875 0.08203125 0.068359375 0.08203125
0 0.080078125 0.05859375 0.080078125 0.05859375
0 0.3369140625 0.0400390625 0.0947265625 0.0400390625
0 0.505859375 0.21484375 0.076171875 0.072265625
0 0.572265625 0.224609375 0.076171875 0.107421875
0 0.6298828125 0.25 0.083984375 0.11328125
0 0.6650390625 0.0810546875 0.068359375 0.0576171875
0 0.7587890625 0.1787109375 0.1044921875 0.07421875
0 0.78125 0.1240234375 0.07421875 0.0576171875
0 1.0 0.1171875 0.0556640625 0.0947265625
0 0.76953125 0.2353515625 0.0830078125 0.06640625
0 0.7353515625 0.33984375 0.06640625 0.078125
0 0.833984375 0.3125 0.099609375 0.06640625
0 0.9072265625 0.2421875 0.0712890625 0.0556640625
0 0.935546875 0.36328125 0.1396484375 0.07421875
0 0.71875 0.47265625 0.0654296875 0.119140625
0 0.66796875 0.505859375 0.068359375 0.072265625
0 0.8671875 0.4404296875 0.080078125 0.080078125
0 0.9453125 0.5009765625 0.0859375 0.103515625
0 1.0 0.5322265625 0.0712890625 0.064453125
0 0.6787109375 0.60546875 0.07421875 0.07421875
0 0.6025390625 0.7080078125 0.08203125 0.07421875
0 0.9462890625 0.6669921875 0.072265625 0.0771484375
0 0.6943359375 0.951171875 0.146484375 0.2421875
0 1.0 0.3740234375 0.021484375 0.0947265625
0 0.58203125 0.9140625 0.0703125 0.125
0 0.578125 0.9951171875 0.0966796875 0.0859375
0 0.7353515625 1.0 0.0810546875 0.0791015625
0 1.0 0.8720703125 0.0556640625 0.1005859375
0 0.1904296875 0.4716796875 0.103515625 0.18359375
0 0.0341796875 0.9521484375 0.0341796875 0.1201171875
0 0.3212890625 0.9990234375 0.09375 0.0263671875
0 0.5126953125 0.91796875 0.0556640625 0.056640625
0 0.4716796875 0.0283203125 0.09375 0.02734375
0 0.865234375 0.01953125 0.1064453125 0.0185546875
