0 0.9716796875 0.1748046875 0.2099609375 0.1123046875
0 0.162109375 0.2724609375 0.1103515625 0.0751953125
0 0.6572265625 0.189453125 0.1328125 0.0625
0 0.3095703125 0.2470703125 0.1279296875 0.0654296875
0 0.349609375 0.7646484375 0.1103515625 0.087890625
0 0.74609375 0.3173828125 0.119140625 0.0751953125
0 0.4921875 0.876953125 0.1298828125 0.0771484375
0 0.0556640625 0.0615234375 0.0546875 0.060546875
0 0.6572265625 0.349609375 0.1201171875 0.0703125
0 0.654296875 0.419921875 0.109375 0.052734375
0 0.287109375 0.4140625 0.123046875 0.0673828125
0 0.6484375 0.9501953125 0.0966796875 0.08984375
0 0.0849609375 1.0 0.0849609375 0.115234375
0 0.5458984375 1.0 0.1630859375 0.0439453125
0 0.9970703125 0.3544921875 0.212890625 0.1025390625
0 0.3203125 0.5830078125 0.1123046875 0.0869140625
0 0.3447265625 0.169921875 0.197265625 0.068359375
0 0.5771484375 0.7919921875 0.10546875 0.0751953125
0 0.1591796875 0.76171875 0.1044921875 0.125
0 0.6796875 0.107421875 0.1455078125 0.060546875
0 0.0419921875 0.6845703125 0.0419921875 0.1396484375
0 0.259765625 0.8896484375 0.1123046875 0.087890625
0 0.482421875 0.94921875 0.130859375 0.0625
0 0.7919921875 0.1044921875 0.1328125 0.052734375
0 0.0771484375 0.732421875 0.0771484375 0.0703125
0 0.26953125 1.0 0.099609375 0.09765625
0 0.900390625 0.765625 0.0771484375 0.078125
0 0.3134765625 0.5087890625 0.107421875 0.0673828125
0 0.974609375 0.3173828125 0.177734375 0.1455078125
0 0.314453125 0.06640625 0.087890625 0.0478515625
