0 0.1669921875 0.8623046875 0.1044921875 0.123046875
0 0.12109375 0.2763671875 0.0966796875 0.1142578125
0 0.73828125 0.7587890625 0.12109375 0.1318359375
0 0.5732421875 0.4501953125 0.1044921875 0.0673828125
0 0.224609375 0.08203125 0.1025390625 0.072265625
0 0.1552734375 0.69140625 0.1162109375 0.13671875
0 0.9912109375 0.76953125 0.1455078125 0.1025390625
0 0.94921875 0.4140625 0.126953125 0.1015625
0 0.1572265625 1.0 0.1103515625 0.1103515625
0 0.7666015625 0.3125 0.1494140625 0.150390625
0 0.921875 0.541015625 0.201171875 0.119140625
0 0.849609375 0.4541015625 0.123046875 0.1396484375
0 0.578125 0.396484375 0.095703125 0.0869140625
0 0.056640625 0.5078125 0.056640625 0.0908203125
0 1.0 0.8671875 0.095703125 0.0751953125
0 0.7041015625 0.0595703125 0.0869140625 0.0595703125
0 0.744140625 0.38671875 0.091796875 0.072265625
0 0.939453125 1.0 0.1044921875 0.05078125
0 1.0 0.5888671875 0.0673828125 0.099609375
