0 0.109375 0.556640625 0.109375 0.1044921875
0 0.6044921875 0.626953125 0.1923828125 0.0849609375
0 0.0595703125 0.3916015625 0.0595703125 0.0673828125
0 0.9521484375 0.3544921875 0.2177734375 0.08203125
0 0.2841796875 0.5869140625 0.07421875 0.072265625
0 0.162109375 0.841796875 0.0751953125 0.0869140625
0 0.76171875 0.58203125 0.142578125 0.087890625
0 0.359375 0.8125 0.1025390625 0.052734375
0 0.744140625 0.51953125 0.2275390625 0.107421875
0 0.4248046875 0.9267578125 0.1728515625 0.109375
0 0.3798828125 0.3271484375 0.080078125 0.0703125
0 0.5498046875 0.501953125 0.2099609375 0.2021484375
0 0.4248046875 0.2841796875 0.078125 0.2822265625
0 0.5048828125 0.7744140625 0.1328125 0.0771484375
0 0.939453125 0.619140625 0.134765625 0.2548828125
0 0.5791015625 0.9951171875 0.095703125 0.0810546875
0 0.8173828125 0.119140625 0.3798828125 0.1123046875
0 0.556640625 0.3125 0.1875 0.1181640625
0 0.4091796875 0.412109375 0.125 0.1025390625
0 0.9072265625 0.224609375 0.2177734375 0.1953125
0 0.13671875 0.0966796875 0.13671875 0.0947265625
0 0.26171875 0.3798828125 0.126953125 0.267578125
0 0.7724609375 0.1572265625 0.0654296875 0.1552734375
0 0.83203125 0.8818359375 0.29296875 0.189453125
0 0.9892578125 0.3994140625 0.0869140625 0.064453125
0 0.2666015625 0.197265625 0.109375 0.1953125
0 0.884765625 0.2421875 0.0673828125 0.052734375
0 0.6123046875 0.431640625 0.0751953125 0.25
0 0.7099609375 0.626953125 0.10546875 0.0478515625
0 0.58984375 0.8046875 0.203125 0.1630859375
0 0.822265625 0.6416015625 0.0625 0.099609375
0 0.1015625 0.484375 0.1015625 0.0771484375
0 0.1396484375 0.0869140625 0.09765625 0.0478515625
0 0.4423828125 1.0 0.0888671875 0.0615234375
0 0.623046875 1.0 0.0751953125 0.09765625
0 1.0 0.904296875 0.150390625 0.0673828125
0 0.82421875 0.9619140625 0.0673828125 0.0927734375
0 0.8671875 0.94921875 0.0625 0.07421875
0 0.9775390625 0.9990234375 0.08984375 0.0400390625
0 0.9111328125 1.0 0.1357421875 0.134765625
0 0.5419921875 0.869140625 0.2470703125 0.1025390625
0 1.0 0.6318359375 0.0830078125 0.0595703125
0 1.0 0.6845703125 0.0380859375 0.0498046875
0 0.6767578125 0.46484375 0.16015625 0.0556640625
0 0.599609375 0.0517578125 0.0625 0.0498046875
0 0.3447265625 0.154296875 0.107421875 0.15234375
