0 0.4873046875 0.029296875 0.0927734375 0.029296875
0 0.6845703125 0.0390625 0.09765625 0.0390625
0 0.6865234375 0.5849609375 0.0810546875 0.1435546875
0 0.6044921875 0.4970703125 0.080078125 0.10546875
0 1.0 0.64453125 0.1455078125 0.125
0 0.62109375 0.6650390625 0.1142578125 0.1337890625
0 0.482421875 0.2265625 0.0849609375 0.099609375
0 0.546875 0.4375 0.1396484375 0.125
0 0.38671875 0.044921875 0.0869140625 0.044921875
0 0.2099609375 0.162109375 0.087890625 0.0751953125
0 0.1669921875 0.4169921875 0.1123046875 0.0771484375
0 0.1552734375 0.0322265625 0.08203125 0.0322265625
0 0.4443359375 0.3544921875 0.1396484375 0.115234375
0 0.6943359375 0.349609375 0.115234375 0.08984375
0 0.5947265625 0.2568359375 0.1123046875 0.0751953125
0 1.0 0.51171875 0.04296875 0.1220703125
0 0.7841796875 0.5224609375 0.0625 0.0751953125
0 0.65234375 0.171875 0.0927734375 0.0703125
0 0.9697265625 0.3095703125 0.0625 0.0849609375
0 0.171875 0.2548828125 0.107421875 0.095703125
0 0.537109375 0.3095703125 0.072265625 0.0849609375
0 1.0 0.662109375 0.005859375 0.115234375
0 0.69921875 0.2021484375 0.064453125 0.0927734375
0 0.7197265625 0.2646484375 0.060546875 0.1103515625
0 0.6796875 0.314453125 0.0927734375 0.080078125
0 0.103515625 0.203125 0.1025390625 0.10546875
0 0.0595703125 0.3017578125 0.0576171875 0.08984375
0 0.1474609375 0.3017578125 0.10546875 0.0693359375
0 0.1298828125 0.38671875 0.087890625 0.1318359375
0 0.0556640625 0.458984375 0.0556640625 0.0830078125
0 0.072265625 0.515625 0.072265625 0.0966796875
0 0.234375 0.51171875 0.08203125 0.1875
0 0.0908203125 0.1025390625 0.0791015625 0.0537109375
