0 0.0888671875 0.0712890625 0.0888671875 0.0576171875
0 0.150390625 0.2802734375 0.0849609375 0.0576171875
0 0.2958984375 0.1904296875 0.099609375 0.052734375
0 0.3544921875 0.0556640625 0.0869140625 0.0478515625
0 0.53515625 0.041015625 0.1357421875 0.041015625
0 0.6904296875 0.1318359375 0.0703125 0.08203125
0 0.6806640625 0.1123046875 0.0546875 0.0859375
0 0.7177734375 0.08984375 0.0751953125 0.0595703125
0 0.806640625 0.1298828125 0.095703125 0.087890625
0 0.859375 0.1083984375 0.095703125 0.0546875
0 0.67578125 0.2861328125 0.080078125 0.0791015625
0 0.79296875 0.2919921875 0.091796875 0.052734375
0 0.7421875 0.4423828125 0.072265625 0.052734375
0 0.693359375 0.4150390625 0.1083984375 0.0458984375
0 0.55859375 0.4365234375 0.05859375 0.0341796875
0 0.7236328125 0.552734375 0.0869140625 0.04296875
0 0.822265625 0.5322265625 0.06640625 0.0322265625
0 0.83203125 0.5 0.072265625 0.0615234375
0 0.833984375 0.470703125 0.048828125 0.0556640625
0 0.9658203125 0.2666015625 0.0732421875 0.052734375
0 0.927734375 0.41796875 0.02734375 0.078125
0 0.15625 0.74609375 0.0595703125 0.0703125
0 0.302734375 0.8408203125 0.0673828125 0.0908203125
0 0.41015625 0.8056640625 0.0966796875 0.0703125
0 0.4521484375 0.869140625 0.083984375 0.0546875
0 0.3271484375 0.9423828125 0.1025390625 0.052734375
0 0.8203125 0.8828125 0.068359375 0.0458984375
0 0.849609375 0.8837890625 0.0810546875 0.0556640625
0 0.912109375 0.9921875 0.091796875 0.0341796875
0 0.98828125 0.99609375 0.0751953125 0.041015625
0 0.7255859375 0.939453125 0.041015625 0.044921875
0 0.5673828125 0.953125 0.0654296875 0.0546875
0 0.6796875 0.8173828125 0.041015625 0.0390625
0 0.8212890625 0.7568359375 0.0322265625 0.0595703125
0 0.064453125 0.9267578125 0.064453125 0.033203125
0 0.16015625 0.8583984375 0.05859375 0.0380859375
0 0.388671875 0.9375 0.046875 0.0478515625
0 0.0595703125 0.51953125 0.0595703125 0.0380859375
0 0.2021484375 0.4716796875 0.0654296875 0.033203125
0 0.0576171875 0.314453125 0.0576171875 0.048828125
0 0.4853515625 0.322265625 0.056640625 0.0439453125
0 0.56640625 0.1435546875 0.0830078125 0.0537109375
