0 0.1318359375 0.115234375 0.076171875 0.0927734375
0 0.1005859375 0.1767578125 0.1005859375 0.0859375
0 0.2177734375 0.279296875 0.1357421875 0.1103515625
0 0.314453125 0.234375 0.1171875 0.10546875
0 0.482421875 0.306640625 0.0947265625 0.06640625
0 0.3876953125 0.470703125 0.07421875 0.0830078125
0 0.6630859375 0.337890625 0.0830078125 0.0751953125
0 0.8037109375 0.4130859375 0.0908203125 0.0771484375
0 0.7451171875 0.3681640625 0.083984375 0.1015625
0 0.8896484375 0.341796875 0.091796875 0.091796875
0 0.9423828125 0.1533203125 0.1005859375 0.0947265625
0 0.7978515625 0.08984375 0.0810546875 0.087890625
0 0.6884765625 0.0703125 0.1162109375 0.0634765625
0 1.0 0.4189453125 0.048828125 0.0634765625
0 0.8056640625 0.69921875 0.0732421875 0.0615234375
0 0.7109375 0.6572265625 0.0693359375 0.0654296875
0 0.3720703125 0.6904296875 0.115234375 0.1220703125
0 0.576171875 0.7646484375 0.09375 0.0537109375
0 0.3994140625 0.857421875 0.0927734375 0.0595703125
0 0.2978515625 0.8974609375 0.1123046875 0.0888671875
0 0.11328125 0.8916015625 0.0830078125 0.10546875
0 0.201171875 1.0 0.07421875 0.0751953125
0 0.0859375 1.0 0.0673828125 0.0576171875
0 0.5361328125 1.0 0.119140625 0.041015625
0 0.57421875 0.935546875 0.0595703125 0.07421875
0 0.580078125 0.8701171875 0.126953125 0.052734375
0 0.728515625 0.85546875 0.1103515625 0.0615234375
0 0.8837890625 0.857421875 0.080078125 0.0849609375
0 0.822265625 1.0 0.091796875 0.064453125
0 0.931640625 0.9970703125 0.078125 0.1015625
0 1.0 0.8876953125 0.029296875 0.0771484375
0 0.36328125 0.984375 0.0615234375 0.0615234375
0 1.0 0.94140625 0.080078125 0.0751953125
