0 0.662109375 0.66796875 0.078125 0.0791015625
0 0.755859375 0.958984375 0.091796875 0.08984375
0 0.453125 0.9892578125 0.1376953125 0.076171875
0 0.427734375 0.1767578125 0.0751953125 0.0986328125
0 0.4462890625 0.27734375 0.1103515625 0.07421875
0 0.7861328125 0.0927734375 0.0771484375 0.05078125
0 0.2705078125 0.8125 0.0703125 0.0712890625
0 0.25390625 0.6455078125 0.1357421875 0.0830078125
0 0.47265625 0.3994140625 0.12109375 0.05859375
0 0.552734375 0.3818359375 0.1142578125 0.080078125
0 0.595703125 0.76171875 0.0693359375 0.0732421875
0 0.951171875 0.3291015625 0.0673828125 0.05078125
0 0.73828125 0.658203125 0.076171875 0.0556640625
0 0.544921875 0.125 0.091796875 0.1025390625
0 0.2607421875 0.08984375 0.0732421875 0.0693359375
0 0.17578125 0.7666015625 0.1337890625 0.07421875
0 0.1171875 0.8125 0.1171875 0.068359375
0 0.994140625 0.048828125 0.125 0.04296875
0 0.63671875 0.3212890625 0.06640625 0.0634765625
0 0.2744140625 0.349609375 0.07421875 0.0458984375
0 0.1142578125 0.3779296875 0.0986328125 0.0625
0 0.259765625 0.7138671875 0.0654296875 0.05078125
0 0.1533203125 0.4716796875 0.076171875 0.041015625
0 0.158203125 0.44921875 0.072265625 0.0751953125
0 0.138671875 0.53125 0.1123046875 0.046875
0 0.5615234375 1.0 0.1005859375 0.0556640625
0 0.8740234375 0.37109375 0.0908203125 0.1142578125
0 0.146484375 0.98046875 0.0986328125 0.0517578125
0 0.884765625 0.4287109375 0.076171875 0.0947265625
0 0.2666015625 0.9912109375 0.1142578125 0.0341796875
0 0.2236328125 0.1884765625 0.0947265625 0.0498046875
0 0.998046875 0.1962890625 0.078125 0.068359375
0 0.484375 0.12109375 0.0732421875 0.048828125
0 0.2939453125 0.4482421875 0.091796875 0.0439453125
0 0.6630859375 0.365234375 0.08984375 0.048828125
0 0.1259765625 0.1884765625 0.1259765625 0.072265625
0 0.9609375 0.8662109375 0.103515625 0.0458984375
0 0.8466796875 0.759765625 0.0849609375 0.048828125
0 0.4658203125 0.6591796875 0.0751953125 0.0380859375
0 0.9697265625 0.3935546875 0.0810546875 0.041015625
0 0.978515625 0.9130859375 0.0849609375 0.041015625
0 0.1650390625 0.1962890625 0.0888671875 0.06640625
0 0.4951171875 0.638671875 0.0859375 0.0400390625
0 0.7841796875 0.4892578125 0.115234375 0.046875
0 1.0 0.7041015625 0.0595703125 0.04296875
0 0.419921875 0.75390625 0.05078125 0.0498046875
0 0.05859375 0.45703125 0.05859375 0.068359375
0 0.6962890625 0.7763671875 0.0888671875 0.0322265625
0 0.9775390625 0.70703125 0.095703125 0.0400390625
0 0.7724609375 1.0 0.05859375 0.0458984375
0 0.880859375 0.703125 0.0703125 0.0537109375
0 0.123046875 0.22265625 0.078125 0.0498046875
0 0.90625 0.462890625 0.08984375 0.041015625
0 0.060546875 0.3779296875 0.060546875 0.0498046875
0 0.046875 0.732421875 0.046875 0.0341796875
0 0.427734375 0.5830078125 0.119140625 0.0419921875
0 0.0576171875 1.0 0.0400390625 0.171875
0 0.126953125 0.064453125 0.1064453125 0.0458984375
0 0.2998046875 0.1162109375 0.080078125 0.0302734375
0 0.8193359375 0.263671875 0.046875 0.041015625
0 0.3134765625 0.9208984375 0.1396484375 0.083984375
0 0.2021484375 0.6552734375 0.0654296875 0.0234375
0 0.9287109375 0.73828125 0.0712890625 0.04296875
0 0.6689453125 0.96875 0.09375 0.0419921875
0 0.6181640625 0.146484375 0.1416015625 0.146484375
0 0.75390625 0.01953125 0.0400390625 0.01953125
0 0.05078125 0.1962890625 0.05078125 0.0361328125
0 0.1376953125 0.0810546875 0.1376953125 0.0625
0 0.263671875 1.0 0.076171875 0.0185546875
0 0.025390625 0.9111328125 0.025390625 0.044921875
0 0.017578125 0.958984375 0.017578125 0.03515625
0 0.7138671875 0.8359375 0.1201171875 0.0556640625
0 0.619140625 0.8408203125 0.1064453125 0.041015625
0 0.724609375 1.0 0.126953125 0.0390625
0 0.5185546875 0.7216796875 0.1201171875 0.0458984375
0 0.208984375 0.8515625 0.0673828125 0.0478515625
0 0.2197265625 0.890625 0.0703125 0.03125
0 0.998046875 0.9873046875 0.0791015625 0.0361328125
0 0.9013671875 1.0 0.0751953125 0.0234375
0 0.4794921875 0.75390625 0.103515625 0.064453125
0 0.431640625 0.505859375 0.099609375 0.04296875
0 0.5185546875 0.5048828125 0.09765625 0.0380859375
0 0.5126953125 0.490234375 0.1103515625 0.044921875
0 0.59765625 0.7216796875 0.0703125 0.04296875
0 0.037109375 0.7685546875 0.037109375 0.033203125
0 0.041015625 0.529296875 0.041015625 0.0390625
0 0.2392578125 0.3173828125 0.109375 0.0849609375
0 0.1650390625 0.2861328125 0.0595703125 0.0400390625
0 0.041015625 0.2822265625 0.041015625 0.048828125
0 0.158203125 0.369140625 0.10546875 0.0595703125
0 0.0498046875 0.3330078125 0.0498046875 0.0400390625
0 0.078125 0.0263671875 0.078125 0.0263671875
