0 0.177734375 0.3369140625 0.099609375 0.0888671875
0 0.119140625 0.43359375 0.0986328125 0.1142578125
0 0.3271484375 0.5927734375 0.1484375 0.0712890625
0 0.1640625 0.595703125 0.0693359375 0.068359375
0 0.0849609375 0.6748046875 0.0703125 0.076171875
0 0.1162109375 0.76171875 0.08984375 0.0576171875
0 0.166015625 0.8251953125 0.0771484375 0.115234375
0 0.0390625 0.8388671875 0.0390625 0.0751953125
0 0.1953125 0.857421875 0.0654296875 0.0693359375
0 0.283203125 0.9111328125 0.1064453125 0.1357421875
0 0.3779296875 0.9228515625 0.1181640625 0.080078125
0 0.3486328125 0.96875 0.1044921875 0.0546875
0 0.06640625 0.98828125 0.06640625 0.056640625
0 0.59375 0.9716796875 0.0654296875 0.064453125
0 0.4970703125 0.8330078125 0.0869140625 0.0830078125
0 0.48828125 0.9384765625 0.056640625 0.111328125
0 0.5556640625 0.919921875 0.0712890625 0.1298828125
0 0.328125 0.72265625 0.068359375 0.0634765625
0 0.44140625 0.7236328125 0.0888671875 0.0830078125
0 0.66015625 0.66796875 0.1181640625 0.072265625
0 0.7060546875 0.59765625 0.1044921875 0.0673828125
0 0.5908203125 0.5224609375 0.125 0.076171875
0 0.673828125 0.4404296875 0.0712890625 0.0556640625
0 0.5556640625 0.4072265625 0.080078125 0.0947265625
0 0.4658203125 0.4013671875 0.091796875 0.1376953125
0 0.3232421875 0.3076171875 0.0771484375 0.0830078125
0 0.40625 0.26171875 0.0712890625 0.1240234375
0 0.3349609375 0.2333984375 0.0966796875 0.1591796875
0 0.7158203125 0.3427734375 0.1025390625 0.0625
0 0.853515625 0.271484375 0.068359375 0.0830078125
0 0.7900390625 0.3701171875 0.1240234375 0.130859375
0 0.935546875 0.435546875 0.12890625 0.0966796875
0 0.7783203125 0.4765625 0.05078125 0.0947265625
0 0.818359375 0.51171875 0.0791015625 0.1083984375
0 1.0 0.3837890625 0.099609375 0.0810546875
0 0.9990234375 0.556640625 0.10546875 0.095703125
0 0.9130859375 0.5166015625 0.0595703125 0.0771484375
0 1.0 0.478515625 0.07421875 0.1015625
0 1.0 0.6455078125 0.115234375 0.0830078125
0 1.0 0.73828125 0.05078125 0.060546875
0 0.818359375 0.7353515625 0.064453125 0.0986328125
0 0.87109375 0.751953125 0.0625 0.07421875
0 0.9404296875 0.7490234375 0.0478515625 0.0693359375
0 1.0 0.81640625 0.1279296875 0.0654296875
0 0.908203125 0.8837890625 0.0908203125 0.0986328125
0 1.0 0.8828125 0.0537109375 0.0771484375
0 0.8056640625 1.0 0.0751953125 0.115234375
0 0.8779296875 0.9755859375 0.056640625 0.0673828125
0 0.9150390625 1.0 0.0537109375 0.10546875
0 0.701171875 0.111328125 0.08203125 0.111328125
0 0.322265625 0.0712890625 0.0830078125 0.0703125
0 0.8408203125 0.234375 0.068359375 0.0849609375
0 0.052734375 0.4462890625 0.052734375 0.0947265625
0 0.0283203125 0.7626953125 0.0283203125 0.0732421875
0 0.365234375 1.0 0.0517578125 0.025390625
0 0.5302734375 0.5673828125 0.0458984375 0.0400390625
0 0.7451171875 0.46484375 0.048828125 0.06640625
