0 0.4765625 0.228515625 0.068359375 0.1318359375
0 0.556640625 0.2412109375 0.0625 0.06640625
0 0.3681640625 0.287109375 0.0869140625 0.1142578125
0 0.294921875 0.2490234375 0.095703125 0.0673828125
0 0.2265625 0.30078125 0.0556640625 0.0595703125
0 0.33203125 0.119140625 0.060546875 0.0751953125
0 0.2734375 0.142578125 0.0654296875 0.080078125
0 0.2890625 0.056640625 0.0654296875 0.056640625
0 0.1865234375 0.150390625 0.0947265625 0.083984375
0 0.056640625 0.302734375 0.0546875 0.072265625
0 0.0556640625 0.3740234375 0.05078125 0.0576171875
0 0.2685546875 0.3681640625 0.0966796875 0.080078125
0 0.171875 0.3642578125 0.0634765625 0.0693359375
0 0.3720703125 0.421875 0.0986328125 0.05859375
0 0.31640625 0.4580078125 0.1123046875 0.0546875
0 0.0615234375 0.5068359375 0.0595703125 0.0693359375
0 0.419921875 0.5 0.107421875 0.0576171875
0 0.484375 0.458984375 0.068359375 0.048828125
0 0.5751953125 0.2861328125 0.0625 0.0546875
0 0.4853515625 0.279296875 0.0751953125 0.0458984375
0 0.712890625 0.20703125 0.0771484375 0.0751953125
0 0.68359375 0.3603515625 0.068359375 0.0703125
0 0.6513671875 0.4755859375 0.0625 0.0576171875
0 0.4951171875 0.5888671875 0.0634765625 0.056640625
0 0.4228515625 0.6376953125 0.046875 0.0576171875
0 0.3515625 0.6591796875 0.0869140625 0.0810546875
0 0.2763671875 0.6884765625 0.076171875 0.1005859375
0 0.15234375 0.703125 0.0927734375 0.064453125
0 0.1474609375 0.7685546875 0.08984375 0.064453125
0 0.1181640625 0.8203125 0.0576171875 0.0576171875
0 0.3310546875 0.775390625 0.0859375 0.0732421875
0 0.419921875 0.7802734375 0.0400390625 0.0771484375
0 0.53125 0.71875 0.0693359375 0.0546875
0 0.5498046875 0.7607421875 0.06640625 0.0517578125
0 0.5400390625 0.875 0.0712890625 0.0634765625
0 0.43359375 0.99609375 0.080078125 0.107421875
0 0.8271484375 1.0 0.0751953125 0.041015625
0 0.7568359375 1.0 0.0693359375 0.060546875
0 0.5888671875 1.0 0.0859375 0.0390625
0 0.6689453125 0.9345703125 0.107421875 0.0615234375
0 0.8251953125 0.8251953125 0.06640625 0.0576171875
0 1.0 0.7509765625 0.0439453125 0.0517578125
0 0.9287109375 0.7373046875 0.0830078125 0.0810546875
0 0.8642578125 0.728515625 0.0673828125 0.05078125
0 0.734375 0.67578125 0.0810546875 0.0947265625
0 0.6650390625 0.6630859375 0.0673828125 0.0830078125
0 0.5966796875 0.6865234375 0.0615234375 0.0498046875
0 0.7392578125 0.5634765625 0.0634765625 0.0859375
0 0.8740234375 0.595703125 0.087890625 0.1064453125
0 0.8994140625 0.2890625 0.05859375 0.0693359375
0 0.974609375 0.296875 0.0615234375 0.06640625
0 0.943359375 0.2158203125 0.060546875 0.0615234375
0 1.0 0.103515625 0.1142578125 0.07421875
0 0.04296875 0.193359375 0.041015625 0.072265625
0 0.3564453125 0.3876953125 0.08203125 0.0634765625
0 0.2421875 0.6953125 0.0625 0.1357421875
0 0.630859375 0.5498046875 0.06640625 0.0556640625
0 0.5595703125 0.8759765625 0.1552734375 0.0400390625
