0 0.9970703125 0.341796875 0.134765625 0.0771484375
0 0.2080078125 0.248046875 0.0654296875 0.0791015625
0 1.0 0.20703125 0.1572265625 0.0771484375
0 0.822265625 0.779296875 0.0556640625 0.0546875
0 0.6142578125 0.7568359375 0.1357421875 0.1484375
0 0.5419921875 0.2080078125 0.06640625 0.08984375
0 0.8291015625 0.3369140625 0.1298828125 0.1220703125
0 0.3974609375 0.3173828125 0.11328125 0.16015625
0 0.099609375 0.345703125 0.078125 0.1162109375
0 0.3330078125 0.607421875 0.095703125 0.09765625
0 0.939453125 0.4423828125 0.150390625 0.0732421875
0 0.89453125 0.5224609375 0.09765625 0.0849609375
0 0.3466796875 1.0 0.1123046875 0.044921875
0 1.0 0.875 0.060546875 0.0849609375
0 0.859375 0.681640625 0.1005859375 0.0625
0 0.75 0.89453125 0.060546875 0.080078125
0 0.2216796875 0.0791015625 0.07421875 0.0771484375
0 0.0966796875 0.484375 0.08984375 0.0830078125
0 0.1474609375 0.044921875 0.0478515625 0.04296875
0 0.70703125 0.548828125 0.068359375 0.0947265625
0 0.6435546875 0.2080078125 0.0390625 0.052734375
