0 0.294921875 1.0 0.09375 0.0615234375
0 0.4150390625 0.9375 0.0693359375 0.0732421875
0 0.5458984375 0.9521484375 0.0654296875 0.0634765625
0 0.705078125 0.9853515625 0.068359375 0.060546875
0 0.6650390625 0.90625 0.07421875 0.091796875
0 0.529296875 0.8720703125 0.0634765625 0.072265625
0 0.3056640625 0.818359375 0.0712890625 0.0595703125
0 0.2890625 0.755859375 0.060546875 0.0693359375
0 0.3291015625 0.7197265625 0.06640625 0.0576171875
0 0.345703125 0.6689453125 0.0673828125 0.09375
0 0.40234375 0.615234375 0.0576171875 0.068359375
0 0.51171875 0.6630859375 0.064453125 0.06640625
0 0.6142578125 0.6806640625 0.064453125 0.0615234375
0 0.55859375 0.7333984375 0.0546875 0.0693359375
0 0.7880859375 0.5693359375 0.08984375 0.095703125
0 0.775390625 0.75 0.0595703125 0.0654296875
0 0.6015625 0.4833984375 0.0693359375 0.060546875
0 0.1650390625 0.4580078125 0.0888671875 0.0810546875
0 0.240234375 0.41796875 0.0673828125 0.0712890625
0 0.0791015625 0.3525390625 0.0556640625 0.072265625
0 0.1298828125 0.328125 0.068359375 0.05078125
0 0.1806640625 0.3505859375 0.0634765625 0.076171875
0 0.0380859375 0.2880859375 0.0380859375 0.0458984375
0 0.1298828125 0.2216796875 0.0693359375 0.0771484375
0 0.0400390625 0.142578125 0.0400390625 0.0810546875
0 0.2158203125 0.2509765625 0.060546875 0.0693359375
0 0.2666015625 0.193359375 0.06640625 0.072265625
0 0.3232421875 0.1796875 0.060546875 0.0888671875
0 0.39453125 0.13671875 0.0673828125 0.0703125
0 0.4091796875 0.1943359375 0.060546875 0.0546875
0 0.2998046875 0.2998046875 0.037109375 0.0751953125
0 0.3408203125 0.28515625 0.0458984375 0.05859375
0 0.353515625 0.333984375 0.056640625 0.0546875
0 0.3681640625 0.369140625 0.056640625 0.05078125
0 0.4189453125 0.427734375 0.0947265625 0.0654296875
0 0.447265625 0.3466796875 0.0556640625 0.0654296875
0 0.4111328125 0.3291015625 0.0458984375 0.078125
0 0.54296875 0.3359375 0.0576171875 0.0595703125
0 0.548828125 0.275390625 0.060546875 0.0576171875
0 0.578125 0.2431640625 0.048828125 0.0595703125
0 0.6162109375 0.201171875 0.1044921875 0.1064453125
0 0.63671875 0.32421875 0.0673828125 0.0947265625
0 0.78125 0.28515625 0.0693359375 0.083984375
0 0.8466796875 0.1953125 0.091796875 0.083984375
0 0.744140625 0.1533203125 0.0888671875 0.109375
0 0.6669921875 0.068359375 0.083984375 0.068359375
0 0.54296875 0.052734375 0.0654296875 0.0517578125
0 0.126953125 0.0615234375 0.0576171875 0.060546875
0 0.216796875 0.0380859375 0.0673828125 0.0380859375
0 0.1669921875 0.056640625 0.05078125 0.0458984375
0 0.05859375 0.8857421875 0.05859375 0.060546875
0 0.9423828125 0.2841796875 0.08984375 0.068359375
0 0.9453125 0.4443359375 0.05078125 0.060546875
0 1.0 0.923828125 0.033203125 0.0595703125
0 0.91015625 0.734375 0.0576171875 0.0546875
0 0.79296875 0.8935546875 0.078125 0.056640625
0 0.7578125 0.94140625 0.064453125 0.0634765625
0 0.7939453125 0.9580078125 0.0498046875 0.0615234375
0 0.8330078125 0.9990234375 0.046875 0.076171875
0 0.9111328125 0.875 0.056640625 0.0546875
0 0.6201171875 0.6201171875 0.046875 0.0458984375
0 0.962890625 0.4365234375 0.0263671875 0.03125
0 0.21875 0.435546875 0.0537109375 0.046875
0 0.1435546875 0.39453125 0.044921875 0.03515625
0 0.021484375 0.212890625 0.021484375 0.046875
0 0.587890625 0.7353515625 0.0517578125 0.0576171875
0 0.5439453125 0.6064453125 0.0302734375 0.0693359375
0 0.28125 0.8603515625 0.0498046875 0.05078125
