0 0.6845703125 0.5595703125 0.0810546875 0.1171875
0 0.1982421875 0.3544921875 0.0546875 0.078125
0 0.0595703125 0.599609375 0.0595703125 0.109375
0 0.376953125 0.859375 0.0498046875 0.0908203125
0 0.1103515625 0.8955078125 0.0869140625 0.0537109375
0 0.5546875 0.2958984375 0.140625 0.0947265625
0 0.8359375 0.3447265625 0.0361328125 0.0732421875
0 0.078125 0.2646484375 0.078125 0.0966796875
0 0.505859375 0.869140625 0.0400390625 0.064453125
0 0.140625 0.896484375 0.0595703125 0.08203125
0 0.3740234375 0.810546875 0.044921875 0.0908203125
0 0.544921875 0.044921875 0.078125 0.044921875
0 0.7529296875 0.955078125 0.04296875 0.1005859375
0 0.9130859375 0.5546875 0.0390625 0.1005859375
0 0.1982421875 0.052734375 0.05859375 0.052734375
0 0.595703125 0.2353515625 0.0400390625 0.1064453125
0 0.81640625 0.0556640625 0.0380859375 0.0556640625
0 0.400390625 0.900390625 0.07421875 0.0478515625
0 0.267578125 0.306640625 0.044921875 0.0673828125
0 0.703125 0.05859375 0.0302734375 0.0576171875
0 0.8037109375 0.703125 0.0390625 0.0673828125
0 0.0478515625 0.1552734375 0.0478515625 0.048828125
0 0.06640625 0.3310546875 0.06640625 0.0498046875
0 0.154296875 0.482421875 0.0498046875 0.0625
0 0.5791015625 0.58203125 0.0517578125 0.0947265625
0 0.888671875 0.7177734375 0.05078125 0.056640625
0 0.322265625 0.115234375 0.029296875 0.0673828125
0 0.0771484375 0.7265625 0.052734375 0.0546875
0 0.3837890625 0.2490234375 0.1005859375 0.1162109375
0 0.8701171875 0.1298828125 0.041015625 0.048828125
0 0.3369140625 0.9287109375 0.0771484375 0.033203125
0 0.708984375 0.767578125 0.025390625 0.072265625
0 0.1552734375 0.3193359375 0.0380859375 0.0732421875
0 0.3193359375 0.3359375 0.0595703125 0.0341796875
0 0.095703125 0.669921875 0.0732421875 0.033203125
0 0.7578125 0.373046875 0.0380859375 0.0693359375
0 0.826171875 0.0908203125 0.0615234375 0.037109375
0 0.3232421875 0.951171875 0.056640625 0.02734375
0 0.6865234375 0.9248046875 0.0380859375 0.0693359375
0 0.6474609375 0.3359375 0.0341796875 0.046875
0 0.1845703125 0.771484375 0.078125 0.0458984375
0 0.62109375 0.759765625 0.0361328125 0.0625
0 0.38671875 0.119140625 0.05859375 0.041015625
0 0.421875 0.2822265625 0.03125 0.0615234375
0 0.7900390625 0.056640625 0.046875 0.046875
0 0.8837890625 1.0 0.04296875 0.044921875
0 0.99609375 0.052734375 0.0361328125 0.052734375
0 0.9951171875 0.9677734375 0.0517578125 0.0244140625
0 0.3994140625 0.4306640625 0.0595703125 0.048828125
0 0.7392578125 0.7734375 0.0634765625 0.0419921875
0 0.8447265625 0.9296875 0.025390625 0.05078125
