0 0.646484375 0.4423828125 0.0537109375 0.08984375
0 0.0673828125 0.986328125 0.0615234375 0.109375
0 0.2763671875 0.142578125 0.0537109375 0.0927734375
0 0.7236328125 0.984375 0.0703125 0.1005859375
0 0.50390625 0.2998046875 0.046875 0.119140625
0 0.1865234375 0.1396484375 0.060546875 0.09375
0 0.1611328125 0.9140625 0.0693359375 0.0810546875
0 0.400390625 0.67578125 0.0478515625 0.0947265625
0 0.544921875 0.4169921875 0.080078125 0.0751953125
0 0.3447265625 0.068359375 0.048828125 0.068359375
0 0.3544921875 0.4404296875 0.052734375 0.08984375
0 0.9052734375 0.7666015625 0.052734375 0.083984375
0 0.396484375 0.064453125 0.0595703125 0.0634765625
0 0.833984375 0.484375 0.0419921875 0.0849609375
0 0.8955078125 0.40625 0.0361328125 0.0908203125
0 0.40234375 0.4658203125 0.0439453125 0.091796875
0 0.015625 0.9970703125 0.015625 0.0791015625
0 0.3046875 0.3994140625 0.076171875 0.0732421875
0 0.8271484375 0.1982421875 0.0439453125 0.0791015625
0 0.6748046875 0.1181640625 0.052734375 0.095703125
0 0.455078125 0.9873046875 0.0546875 0.0888671875
0 0.5458984375 0.109375 0.078125 0.0908203125
0 0.49609375 0.9716796875 0.0615234375 0.080078125
0 0.615234375 0.71875 0.08984375 0.0888671875
0 0.6396484375 0.611328125 0.0615234375 0.1142578125
0 0.533203125 0.640625 0.0390625 0.0732421875
0 0.75390625 0.5732421875 0.083984375 0.1015625
0 0.998046875 0.3017578125 0.037109375 0.0859375
0 0.8310546875 0.7353515625 0.052734375 0.0732421875
0 0.2353515625 0.263671875 0.0576171875 0.1005859375
0 0.28125 0.05859375 0.04296875 0.05859375
0 0.79296875 0.564453125 0.0576171875 0.1298828125
0 0.603515625 0.7607421875 0.05078125 0.0703125
0 0.177734375 0.69140625 0.0556640625 0.1318359375
0 0.0966796875 0.7958984375 0.0517578125 0.072265625
0 0.173828125 0.2978515625 0.087890625 0.0673828125
0 0.0224609375 0.083984375 0.0224609375 0.0693359375
0 0.822265625 0.998046875 0.0478515625 0.0654296875
0 0.57421875 0.9453125 0.044921875 0.1220703125
0 0.9453125 0.6044921875 0.046875 0.1396484375
0 0.01171875 0.6181640625 0.01171875 0.04296875
0 0.9970703125 0.201171875 0.0244140625 0.0673828125
0 0.2099609375 0.359375 0.025390625 0.09765625
0 0.9765625 0.5888671875 0.0302734375 0.0947265625
0 0.0986328125 0.369140625 0.0830078125 0.078125
0 0.7978515625 0.837890625 0.05859375 0.048828125
0 0.0625 0.673828125 0.0625 0.0556640625
0 0.625 1.0 0.0361328125 0.0458984375
0 0.7939453125 0.2822265625 0.0263671875 0.0947265625
0 0.9833984375 0.7275390625 0.0361328125 0.0947265625
0 0.302734375 0.3662109375 0.046875 0.072265625
0 0.0966796875 0.091796875 0.083984375 0.087890625
0 0.3271484375 1.0 0.033203125 0.04296875
0 0.1845703125 0.998046875 0.03125 0.0302734375
0 0.7900390625 0.2783203125 0.0322265625 0.09375
0 0.720703125 0.4619140625 0.0615234375 0.0302734375
0 0.4072265625 0.041015625 0.0419921875 0.0400390625
0 0.5966796875 0.998046875 0.05078125 0.0322265625
0 0.431640625 0.208984375 0.0244140625 0.0556640625
0 0.6806640625 0.0341796875 0.0322265625 0.0341796875
0 0.255859375 0.36328125 0.0439453125 0.10546875
0 0.505859375 0.810546875 0.041015625 0.04296875
0 0.6826171875 0.09765625 0.03125 0.072265625
0 0.1982421875 0.037109375 0.029296875 0.037109375
0 0.537109375 0.037109375 0.03515625 0.037109375
0 0.7236328125 0.02734375 0.033203125 0.0263671875
0 0.4052734375 0.0517578125 0.05078125 0.0517578125
0 0.130859375 0.109375 0.068359375 0.0390625
