0 0.30078125 0.8798828125 0.0634765625 0.11328125
0 0.939453125 0.1923828125 0.0439453125 0.0888671875
0 0.7783203125 0.125 0.05859375 0.095703125
0 0.1982421875 0.2998046875 0.0537109375 0.1044921875
0 0.1904296875 0.216796875 0.072265625 0.1328125
0 0.0927734375 0.6171875 0.0703125 0.08984375
0 0.6806640625 0.197265625 0.0693359375 0.1220703125
0 0.3046875 0.2890625 0.0625 0.076171875
0 0.3359375 0.177734375 0.0458984375 0.1005859375
0 0.6298828125 0.8955078125 0.0595703125 0.076171875
0 0.6552734375 0.84375 0.0625 0.0673828125
0 0.7021484375 0.4541015625 0.029296875 0.1748046875
0 0.52734375 0.5380859375 0.109375 0.0546875
0 0.9619140625 0.6103515625 0.041015625 0.1044921875
0 0.275390625 0.8837890625 0.0703125 0.0986328125
0 0.6220703125 0.2578125 0.0283203125 0.1259765625
0 0.2578125 0.6171875 0.1064453125 0.115234375
0 0.4599609375 0.4892578125 0.03515625 0.0927734375
0 0.029296875 0.5634765625 0.029296875 0.046875
0 0.81640625 0.8623046875 0.0263671875 0.1171875
0 0.0146484375 0.947265625 0.0146484375 0.0400390625
0 0.15625 0.220703125 0.1416015625 0.046875
0 0.3115234375 0.5732421875 0.076171875 0.060546875
0 0.7392578125 0.52734375 0.044921875 0.0625
0 0.2421875 0.5595703125 0.0615234375 0.0732421875
0 0.4345703125 0.31640625 0.05859375 0.03125
0 0.041015625 0.3271484375 0.041015625 0.0634765625
0 0.0205078125 0.6376953125 0.0205078125 0.0830078125
0 0.5673828125 0.0380859375 0.138671875 0.0380859375
0 0.9306640625 0.5673828125 0.0537109375 0.099609375
0 0.486328125 0.4931640625 0.03125 0.083984375
0 0.0234375 0.673828125 0.0234375 0.0498046875
0 0.126953125 0.0556640625 0.1220703125 0.0361328125
0 0.7822265625 0.697265625 0.0517578125 0.08203125
0 0.42578125 0.59375 0.0849609375 0.0380859375
0 0.7578125 0.2529296875 0.0263671875 0.146484375
0 0.5263671875 0.7236328125 0.0537109375 0.0322265625
0 1.0 0.9873046875 0.072265625 0.0224609375
0 0.90234375 0.8818359375 0.0361328125 0.0927734375
0 0.6904296875 0.7392578125 0.0693359375 0.0556640625
0 0.2998046875 0.939453125 0.05078125 0.05078125
0 0.931640625 0.9423828125 0.0947265625 0.0498046875
0 0.28515625 0.671875 0.0673828125 0.0400390625
0 0.9248046875 0.7275390625 0.048828125 0.0703125
0 0.3232421875 0.1044921875 0.0234375 0.080078125
0 0.564453125 0.490234375 0.0322265625 0.125
0 0.9091796875 0.0380859375 0.0322265625 0.0380859375
0 0.7724609375 0.923828125 0.0439453125 0.0419921875
0 0.9716796875 0.8759765625 0.0830078125 0.01953125
0 0.869140625 0.4052734375 0.0498046875 0.0458984375
0 0.2177734375 0.625 0.044921875 0.068359375
0 0.0126953125 0.6298828125 0.0126953125 0.0302734375
0 0.5048828125 1.0 0.033203125 0.0458984375
0 0.3447265625 0.044921875 0.0908203125 0.025390625
0 0.5478515625 0.53125 0.04296875 0.0615234375
0 0.5 0.4033203125 0.09375 0.0673828125
0 0.06640625 0.8623046875 0.0322265625 0.041015625
0 0.25869140625 0.351171875 0.04804687499999999 0.07285156250000002
0 0.431640625 0.4306640625 0.0546875 0.0380859375
0 0.0439453125 0.8525390625 0.0439453125 0.0595703125
0 0.6650390625 0.6455078125 0.0537109375 0.0341796875
0 0.9501953125 0.9306640625 0.0400390625 0.056640625
0 0.9208984375 0.08984375 0.046875 0.0322265625
0 0.529296875 0.5966796875 0.052734375 0.0283203125
0 0.580078125 0.2861328125 0.0576171875 0.05859375
0 0.17578125 0.501953125 0.05859375 0.0654296875
0 0.23828125 0.6708984375 0.0732421875 0.0615234375
0 0.1767578125 0.5322265625 0.064453125 0.04296875
