0 0.3486328125 0.9921875 0.09765625 0.08984375
0 0.3037109375 1.0 0.0947265625 0.044921875
0 0.1796875 1.0 0.099609375 0.1435546875
0 0.029296875 0.65234375 0.029296875 0.1337890625
0 0.0712890625 0.533203125 0.0712890625 0.080078125
0 0.146484375 0.6162109375 0.0771484375 0.1806640625
0 0.4140625 0.7119140625 0.171875 0.1796875
0 0.4482421875 0.78125 0.1943359375 0.068359375
0 0.4384765625 0.8642578125 0.1796875 0.0810546875
0 0.2373046875 0.9609375 0.0732421875 0.1171875
0 0.2158203125 1.0 0.0615234375 0.05078125
0 0.591796875 0.5380859375 0.1328125 0.126953125
0 0.6640625 0.6171875 0.1015625 0.0849609375
0 0.6259765625 0.6708984375 0.0556640625 0.05859375
0 0.6533203125 0.7060546875 0.056640625 0.0380859375
0 0.73046875 0.689453125 0.0693359375 0.0517578125
0 0.736328125 0.7626953125 0.109375 0.056640625
0 0.087890625 0.21484375 0.078125 0.123046875
0 0.03125 0.0712890625 0.03125 0.060546875
0 0.177734375 0.060546875 0.0859375 0.056640625
0 0.5458984375 0.1064453125 0.07421875 0.1064453125
0 0.626953125 0.109375 0.0615234375 0.0810546875
0 0.41796875 0.1591796875 0.18359375 0.0498046875
0 0.2861328125 0.2890625 0.1708984375 0.1240234375
0 0.3974609375 0.111328125 0.1005859375 0.0458984375
0 0.6328125 0.298828125 0.1796875 0.1083984375
0 0.740234375 0.2470703125 0.19140625 0.0654296875
0 0.4619140625 0.375 0.0986328125 0.0625
0 0.8046875 0.8759765625 0.140625 0.0791015625
0 0.90625 0.66796875 0.103515625 0.076171875
0 0.810546875 0.599609375 0.072265625 0.0478515625
0 0.9091796875 0.46875 0.0751953125 0.0986328125
0 0.9970703125 0.4248046875 0.171875 0.142578125
0 0.8662109375 0.2724609375 0.13671875 0.068359375
0 0.9716796875 0.251953125 0.1337890625 0.0732421875
0 0.8642578125 0.111328125 0.1552734375 0.060546875
0 0.759765625 0.04296875 0.0625 0.04296875
0 1.0 0.8212890625 0.1630859375 0.080078125
