0 0.0859375 0.6181640625 0.0859375 0.10546875
0 0.2431640625 0.6748046875 0.072265625 0.0830078125
0 0.34375 0.7626953125 0.0751953125 0.091796875
0 0.185546875 0.9423828125 0.107421875 0.1884765625
0 0.0703125 0.98828125 0.0703125 0.1005859375
0 0.47265625 0.984375 0.109375 0.0732421875
0 0.6533203125 0.9091796875 0.10546875 0.0869140625
0 0.8203125 0.8837890625 0.08984375 0.103515625
0 0.6630859375 0.6591796875 0.107421875 0.0751953125
0 0.5478515625 0.6884765625 0.1005859375 0.0791015625
0 0.71484375 0.5673828125 0.109375 0.1337890625
0 0.36328125 0.361328125 0.0693359375 0.0908203125
0 0.197265625 0.2421875 0.109375 0.0830078125
0 0.18359375 0.1435546875 0.087890625 0.076171875
0 0.10546875 0.3359375 0.0810546875 0.0791015625
0 0.1806640625 0.376953125 0.0751953125 0.0791015625
0 0.685546875 0.10546875 0.1728515625 0.0888671875
0 1.0 0.8583984375 0.0791015625 0.111328125
0 0.9794921875 1.0 0.1123046875 0.0595703125
0 1.0 0.1328125 0.0380859375 0.103515625
