0 0.1533203125 1.0 0.0771484375 0.07421875
0 0.4658203125 0.951171875 0.0869140625 0.0869140625
0 0.4404296875 0.8369140625 0.072265625 0.095703125
0 0.53125 0.8173828125 0.095703125 0.1220703125
0 0.1611328125 0.76171875 0.0703125 0.0888671875
0 0.3271484375 0.740234375 0.0771484375 0.1318359375
0 0.26953125 0.7255859375 0.1171875 0.0830078125
0 0.26171875 0.7021484375 0.109375 0.1455078125
0 0.2275390625 0.5859375 0.15625 0.080078125
0 0.32421875 0.55078125 0.0869140625 0.1123046875
0 0.24609375 0.107421875 0.1376953125 0.107421875
0 0.109375 0.2236328125 0.109375 0.0927734375
0 0.265625 0.3232421875 0.130859375 0.1142578125
0 0.1201171875 0.4443359375 0.0771484375 0.1494140625
0 0.37890625 0.4208984375 0.2421875 0.0966796875
0 0.60546875 0.4892578125 0.1015625 0.0947265625
0 0.64453125 0.548828125 0.087890625 0.091796875
0 0.765625 0.6748046875 0.3154296875 0.1552734375
0 0.8408203125 0.7490234375 0.255859375 0.09765625
0 0.791015625 0.47265625 0.0947265625 0.095703125
0 0.8271484375 0.4677734375 0.21875 0.1884765625
0 0.63671875 0.267578125 0.0927734375 0.1025390625
0 0.9609375 0.283203125 0.2177734375 0.185546875
0 1.0 0.1201171875 0.1806640625 0.099609375
0 1.0 0.587890625 0.04296875 0.0693359375
0 0.9580078125 0.673828125 0.07421875 0.080078125
0 0.9306640625 0.83984375 0.0673828125 0.0810546875
0 1.0 0.8154296875 0.0087890625 0.0244140625
0 0.9208984375 0.75390625 0.0849609375 0.0546875
0 0.833984375 0.8310546875 0.3154296875 0.083984375
0 0.66796875 0.8935546875 0.1689453125 0.0791015625
0 0.626953125 0.94921875 0.1015625 0.080078125
0 0.7041015625 0.9873046875 0.1298828125 0.0859375
0 0.3642578125 0.4658203125 0.1142578125 0.0693359375
0 0.228515625 0.4443359375 0.0576171875 0.130859375
0 0.6845703125 0.4287109375 0.06640625 0.056640625
0 0.5849609375 0.6337890625 0.0888671875 0.12109375
0 0.6240234375 0.689453125 0.103515625 0.103515625
0 0.1962890625 1.0 0.115234375 0.04296875
0 0.9755859375 0.8037109375 0.154296875 0.125
