0 0.2841796875 0.5341796875 0.109375 0.0771484375
0 0.0869140625 0.482421875 0.0869140625 0.0908203125
0 0.3505859375 0.3916015625 0.125 0.1005859375
0 0.216796875 0.447265625 0.126953125 0.0830078125
0 0.9892578125 0.3310546875 0.1455078125 0.109375
0 1.0 0.8984375 0.0732421875 0.0869140625
0 1.0 0.548828125 0.1064453125 0.0830078125
0 0.171875 0.3173828125 0.09765625 0.0849609375
0 0.724609375 0.244140625 0.099609375 0.1044921875
0 1.0 0.6845703125 0.10546875 0.0595703125
0 0.298828125 0.37109375 0.0966796875 0.1044921875
0 0.2919921875 0.091796875 0.080078125 0.08984375
0 0.1494140625 0.064453125 0.072265625 0.0625
0 1.0 0.615234375 0.087890625 0.0673828125
