0 0.9990234375 0.5146484375 0.060546875 0.130859375
0 0.392578125 0.28515625 0.0966796875 0.0732421875
0 0.82421875 0.927734375 0.099609375 0.0830078125
0 0.6083984375 0.9599609375 0.0986328125 0.044921875
0 0.9091796875 0.6884765625 0.115234375 0.095703125
0 0.5654296875 0.6513671875 0.099609375 0.048828125
0 0.6064453125 0.34375 0.13671875 0.072265625
0 0.6650390625 0.533203125 0.169921875 0.08984375
0 0.7236328125 0.4111328125 0.109375 0.0439453125
0 0.7275390625 0.0478515625 0.0986328125 0.0458984375
0 0.703125 0.8291015625 0.0947265625 0.0400390625
0 0.3662109375 0.705078125 0.126953125 0.046875
0 1.0 0.333984375 0.0927734375 0.0654296875
0 1.0 0.2685546875 0.056640625 0.0849609375
0 0.6728515625 0.1103515625 0.119140625 0.0361328125
0 1.0 0.0634765625 0.0517578125 0.0634765625
0 1.0 0.5791015625 0.0947265625 0.0498046875
0 0.908203125 0.7294921875 0.0849609375 0.0625
0 0.6171875 0.921875 0.1328125 0.0849609375
0 0.2646484375 0.5927734375 0.1474609375 0.0556640625
0 0.30859375 0.3212890625 0.1103515625 0.052734375
0 0.1572265625 0.392578125 0.1572265625 0.0986328125
0 0.787109375 0.283203125 0.125 0.080078125
0 0.2998046875 0.07421875 0.0751953125 0.0361328125
0 0.73046875 0.7333984375 0.1455078125 0.04296875
0 0.82421875 0.9765625 0.1376953125 0.052734375
0 0.171875 0.3046875 0.1513671875 0.0400390625
0 0.599609375 0.1357421875 0.1181640625 0.0390625
0 0.2421875 0.6591796875 0.0810546875 0.0556640625
0 0.3876953125 0.9716796875 0.083984375 0.05078125
0 0.92578125 0.5380859375 0.13671875 0.0439453125
0 0.5126953125 0.58984375 0.1513671875 0.056640625
0 0.69921875 0.3271484375 0.154296875 0.060546875
0 0.71484375 0.75 0.08984375 0.0322265625
0 0.822265625 0.603515625 0.150390625 0.044921875
0 0.873046875 0.0556640625 0.08203125 0.0556640625
0 0.478515625 0.7666015625 0.115234375 0.0380859375
0 0.4765625 0.4111328125 0.1181640625 0.0302734375
0 0.66015625 0.45703125 0.1259765625 0.041015625
0 0.6982421875 0.9287109375 0.126953125 0.09765625
0 0.5205078125 0.7119140625 0.1494140625 0.05078125
0 0.2353515625 0.2783203125 0.138671875 0.0625
0 0.947265625 0.5986328125 0.0693359375 0.0673828125
0 0.6572265625 0.7041015625 0.1083984375 0.03515625
0 0.158203125 0.6650390625 0.0693359375 0.029296875
0 0.3662109375 0.5625 0.138671875 0.0263671875
0 0.6513671875 0.2744140625 0.0888671875 0.068359375
0 0.111328125 0.046875 0.111328125 0.033203125
0 0.91796875 0.02734375 0.05078125 0.02734375
0 0.5712890625 0.0419921875 0.0849609375 0.041015625
0 0.6591796875 0.5986328125 0.078125 0.046875
0 0.9609375 0.8759765625 0.05078125 0.0361328125
0 0.814453125 0.6630859375 0.125 0.0380859375
0 0.7783203125 0.0341796875 0.068359375 0.0341796875
0 0.34765625 0.9326171875 0.0712890625 0.0361328125
0 0.1201171875 0.9990234375 0.1201171875 0.04296875
0 0.2998046875 0.9580078125 0.1171875 0.0322265625
0 0.373046875 0.0322265625 0.0888671875 0.0322265625
0 0.060546875 0.5439453125 0.060546875 0.0556640625
0 1.0 0.77734375 0.111328125 0.07421875
0 0.435546875 0.0771484375 0.11328125 0.04296875
0 0.453125 0.33203125 0.125 0.0419921875
0 0.0537109375 0.908203125 0.052734375 0.0400390625
0 0.25 0.0224609375 0.072265625 0.0224609375
0 0.9326171875 1.0 0.134765625 0.03125
0 0.556640625 0.8505859375 0.1455078125 0.0322265625
0 0.58984375 0.41015625 0.0693359375 0.0185546875
0 0.0947265625 0.0634765625 0.0947265625 0.0263671875
0 0.0576171875 0.84765625 0.0576171875 0.029296875
0 0.939453125 0.9697265625 0.1162109375 0.033203125
0 0.453125 0.6142578125 0.19921875 0.0537109375
0 0.1044921875 0.833984375 0.091796875 0.029296875
0 0.4677734375 0.05859375 0.09765625 0.04296875
0 0.7529296875 0.3271484375 0.1083984375 0.0888671875
0 0.43359375 0.369140625 0.09765625 0.0625
0 0.232421875 0.3544921875 0.1015625 0.0517578125
0 0.1259765625 0.998046875 0.0966796875 0.0283203125
0 0.0625 0.41015625 0.0625 0.0361328125
