0 0.166015625 0.380859375 0.07421875 0.0986328125
0 0.392578125 0.72265625 0.0732421875 0.0849609375
0 0.2353515625 0.1171875 0.0634765625 0.109375
0 0.8291015625 0.5771484375 0.0751953125 0.1123046875
0 0.890625 0.3583984375 0.052734375 0.1162109375
0 0.1884765625 0.7236328125 0.0751953125 0.1005859375
0 0.0927734375 0.318359375 0.0888671875 0.0986328125
0 0.150390625 0.482421875 0.0859375 0.0751953125
0 0.529296875 0.3779296875 0.064453125 0.158203125
0 0.818359375 0.369140625 0.0712890625 0.0947265625
0 0.0341796875 0.478515625 0.0341796875 0.0673828125
0 0.345703125 0.169921875 0.05859375 0.078125
0 0.3251953125 0.427734375 0.1376953125 0.1298828125
0 0.7529296875 0.400390625 0.044921875 0.125
0 0.658203125 0.08203125 0.025390625 0.08203125
0 0.1796875 1.0 0.0810546875 0.056640625
0 0.1328125 0.5859375 0.09375 0.0439453125
0 0.568359375 0.44990234375 0.14775390625 0.06435546874999998
0 0.3447265625 0.369140625 0.0625 0.1513671875
0 0.322265625 0.23828125 0.0869140625 0.09765625
0 0.7177734375 0.6904296875 0.0302734375 0.1640625
0 0.5009765625 0.8408203125 0.1416015625 0.05078125
0 0.466796875 0.7783203125 0.1875 0.0654296875
0 0.7744140625 0.494140625 0.0673828125 0.0634765625
0 0.72265625 1.0 0.123046875 0.0341796875
0 1.0 0.5068359375 0.0927734375 0.0498046875
0 0.9658203125 0.044921875 0.03125 0.044921875
0 0.69326171875 0.63349609375 0.10468749999999993 0.055859375000000044
0 0.896484375 0.068359375 0.1044921875 0.0517578125
0 0.8564453125 0.818359375 0.0263671875 0.0712890625
0 0.12890625 0.7138671875 0.0439453125 0.060546875
0 0.2060546875 0.9287109375 0.0478515625 0.0283203125
0 1.0 0.8076171875 0.05078125 0.0478515625
0 0.6376953125 0.76171875 0.1142578125 0.05078125
0 0.0751953125 0.2607421875 0.056640625 0.0810546875
0 0.607421875 0.7265625 0.0283203125 0.1259765625
0 0.69921875 0.8017578125 0.1005859375 0.1572265625
0 0.671875 0.2666015625 0.109375 0.1669921875
0 0.8857421875 0.51953125 0.0927734375 0.0263671875
0 0.2783203125 0.1103515625 0.072265625 0.099609375
0 0.36328125 0.0986328125 0.0986328125 0.0859375
0 0.91796875 0.11328125 0.1044921875 0.0703125
0 1.0 0.1044921875 0.029296875 0.0634765625
0 0.623046875 0.5771484375 0.046875 0.0771484375
0 0.6015625 0.58984375 0.107421875 0.044921875
0 0.5419921875 0.7158203125 0.048828125 0.0439453125
