0 0.6494140625 0.4716796875 0.162109375 0.1396484375
0 0.77734375 0.232421875 0.1005859375 0.078125
0 0.056640625 0.7021484375 0.056640625 0.1162109375
0 0.671875 0.1474609375 0.1328125 0.05078125
0 0.9521484375 0.5 0.134765625 0.0654296875
0 0.697265625 0.0810546875 0.1650390625 0.0595703125
0 0.9794921875 0.197265625 0.1728515625 0.0673828125
0 0.8623046875 0.3291015625 0.150390625 0.07421875
0 0.796875 0.107421875 0.1669921875 0.1005859375
0 0.544921875 0.21484375 0.1455078125 0.0673828125
0 0.78515625 0.53515625 0.0869140625 0.0673828125
0 0.5869140625 0.5595703125 0.177734375 0.0947265625
0 0.8095703125 0.794921875 0.2080078125 0.1826171875
0 0.806640625 0.3623046875 0.1669921875 0.0576171875
0 0.5625 0.47265625 0.0703125 0.064453125
0 0.96484375 0.482421875 0.1103515625 0.087890625
0 0.8798828125 0.4091796875 0.107421875 0.0869140625
0 1.0 0.404296875 0.0537109375 0.044921875
0 1.0 0.2685546875 0.0859375 0.0400390625
0 1.0 0.1298828125 0.1025390625 0.052734375
0 0.8974609375 0.072265625 0.1181640625 0.0576171875
0 0.966796875 0.08203125 0.09765625 0.037109375
