0 1.0 0.578125 0.0732421875 0.08203125
0 0.9091796875 0.6875 0.103515625 0.1171875
0 1.0 0.154296875 0.046875 0.0732421875
0 0.9091796875 0.529296875 0.076171875 0.0673828125
0 0.974609375 0.224609375 0.1103515625 0.1025390625
0 0.9990234375 1.0 0.0986328125 0.0517578125
0 1.0 0.9609375 0.064453125 0.06640625
0 1.0 0.0947265625 0.115234375 0.0927734375
0 0.8271484375 0.123046875 0.041015625 0.07421875
0 0.9501953125 0.5537109375 0.0869140625 0.0625
0 0.8798828125 0.05078125 0.0498046875 0.05078125
