0 0.48046875 0.1875 0.125 0.0859375
0 0.439453125 0.2470703125 0.08203125 0.087890625
0 0.3173828125 0.2900390625 0.0771484375 0.0751953125
0 0.21484375 0.2880859375 0.1240234375 0.0751953125
0 0.51953125 0.3525390625 0.1279296875 0.056640625
0 0.509765625 0.375 0.076171875 0.1064453125
0 0.1708984375 0.3984375 0.0908203125 0.0537109375
0 0.1005859375 0.51171875 0.1005859375 0.0986328125
0 0.4462890625 0.48828125 0.0771484375 0.1015625
0 0.3642578125 0.5 0.0771484375 0.0859375
0 0.341796875 0.4296875 0.0810546875 0.0576171875
0 0.74609375 0.4208984375 0.0966796875 0.087890625
0 0.89453125 0.34375 0.095703125 0.080078125
0 0.7861328125 0.17578125 0.0888671875 0.083984375
0 0.58203125 0.125 0.072265625 0.0556640625
0 0.671875 0.1591796875 0.04296875 0.0546875
0 1.0 0.072265625 0.0947265625 0.072265625
0 0.8916015625 0.6435546875 0.0517578125 0.0810546875
0 0.921875 0.689453125 0.048828125 0.0771484375
0 0.6923828125 0.5703125 0.1337890625 0.076171875
0 0.5009765625 0.5712890625 0.0830078125 0.0546875
0 0.4794921875 0.6845703125 0.1083984375 0.0908203125
0 0.095703125 0.6708984375 0.095703125 0.0751953125
0 0.3720703125 0.7666015625 0.130859375 0.072265625
0 0.3583984375 0.71875 0.1484375 0.064453125
0 0.4658203125 0.8408203125 0.1005859375 0.0712890625
0 0.6416015625 0.8642578125 0.072265625 0.064453125
0 0.3896484375 1.0 0.1015625 0.0712890625
0 0.271484375 0.9541015625 0.1064453125 0.06640625
0 0.0869140625 0.9130859375 0.0654296875 0.0615234375
0 0.9169921875 0.935546875 0.0810546875 0.080078125
0 0.7109375 0.23046875 0.091796875 0.08984375
