0 0.0185546875 0.13671875 0.0185546875 0.0927734375
0 0.1484375 0.2421875 0.0751953125 0.0693359375
0 0.052734375 0.2734375 0.052734375 0.07421875
0 0.2529296875 0.0869140625 0.07421875 0.060546875
0 0.09765625 0.43359375 0.08203125 0.0712890625
0 0.1025390625 0.5498046875 0.052734375 0.080078125
0 0.091796875 0.505859375 0.0498046875 0.068359375
0 0.2919921875 0.5 0.10546875 0.0888671875
0 0.05078125 0.8681640625 0.05078125 0.0625
0 0.0625 1.0 0.0625 0.11328125
0 0.1640625 0.93359375 0.0966796875 0.0634765625
0 0.1181640625 0.8115234375 0.0615234375 0.0517578125
0 0.05078125 0.7275390625 0.05078125 0.0751953125
0 0.1953125 0.681640625 0.0908203125 0.056640625
0 0.205078125 0.814453125 0.0556640625 0.0615234375
0 0.294921875 0.7919921875 0.0966796875 0.0908203125
0 0.32421875 0.8642578125 0.068359375 0.0791015625
0 0.7041015625 1.0 0.0869140625 0.025390625
0 0.498046875 0.9638671875 0.076171875 0.064453125
0 0.5283203125 0.931640625 0.1083984375 0.0712890625
0 0.62890625 0.98828125 0.0927734375 0.1474609375
0 0.6923828125 0.8271484375 0.130859375 0.0869140625
0 0.482421875 0.7978515625 0.076171875 0.09765625
0 0.39453125 0.865234375 0.0732421875 0.0830078125
0 0.7978515625 0.9111328125 0.0859375 0.0771484375
0 0.7763671875 0.998046875 0.0751953125 0.0673828125
0 0.8779296875 0.9482421875 0.0888671875 0.0546875
0 0.861328125 1.0 0.0859375 0.05078125
0 0.966796875 1.0 0.111328125 0.0224609375
0 0.9580078125 0.83203125 0.1455078125 0.08984375
0 0.8173828125 0.6494140625 0.1005859375 0.0654296875
0 0.697265625 0.6484375 0.0986328125 0.0634765625
0 0.6640625 0.5869140625 0.11328125 0.060546875
0 0.4833984375 0.5546875 0.0791015625 0.076171875
0 0.41015625 0.615234375 0.0927734375 0.1064453125
0 0.287109375 0.625 0.0859375 0.0771484375
0 0.1728515625 0.546875 0.0576171875 0.0673828125
0 0.4482421875 0.4111328125 0.0810546875 0.0771484375
0 0.41796875 0.357421875 0.0751953125 0.0830078125
0 0.408203125 0.2587890625 0.0849609375 0.078125
0 0.3671875 0.2138671875 0.080078125 0.056640625
0 0.3125 0.1484375 0.0751953125 0.078125
0 0.333984375 0.0732421875 0.06640625 0.0732421875
0 0.4619140625 0.1748046875 0.0654296875 0.078125
0 0.4892578125 0.1005859375 0.0576171875 0.064453125
0 0.59765625 0.138671875 0.087890625 0.0625
0 0.6748046875 0.0537109375 0.173828125 0.0537109375
0 0.7822265625 0.076171875 0.080078125 0.0546875
0 0.931640625 0.07421875 0.107421875 0.07421875
0 0.78125 0.3525390625 0.22265625 0.146484375
0 0.8759765625 0.357421875 0.0966796875 0.087890625
0 0.9248046875 0.271484375 0.0859375 0.111328125
0 0.9951171875 0.35546875 0.109375 0.0810546875
0 1.0 0.65234375 0.1005859375 0.0849609375
0 0.32421875 1.0 0.076171875 0.0380859375
0 0.5390625 0.8466796875 0.087890625 0.056640625
0 0.677734375 0.18359375 0.13671875 0.083984375
