0 0.4453125 0.046875 0.1064453125 0.046875
0 0.3095703125 0.0771484375 0.0693359375 0.0771484375
0 0.3642578125 0.146484375 0.12109375 0.0732421875
0 0.2509765625 0.1064453125 0.076171875 0.1064453125
0 0.431640625 0.2998046875 0.134765625 0.0810546875
0 0.421875 0.232421875 0.0634765625 0.0625
0 0.140625 0.24609375 0.0771484375 0.068359375
0 0.166015625 0.322265625 0.0576171875 0.0615234375
0 0.671875 0.173828125 0.091796875 0.080078125
0 0.6357421875 0.20703125 0.08203125 0.06640625
0 0.65625 0.2958984375 0.083984375 0.095703125
0 0.728515625 0.4248046875 0.1748046875 0.16796875
0 0.5751953125 0.400390625 0.0615234375 0.0576171875
0 0.6484375 0.46875 0.0791015625 0.107421875
0 0.8818359375 0.3037109375 0.0986328125 0.0732421875
0 0.7236328125 0.2412109375 0.06640625 0.0634765625
0 0.8388671875 0.2412109375 0.1015625 0.083984375
0 0.8994140625 0.193359375 0.0869140625 0.0625
0 0.9775390625 0.1396484375 0.1083984375 0.048828125
0 0.9658203125 0.4169921875 0.0625 0.0693359375
0 0.70703125 0.578125 0.0556640625 0.15625
0 0.58203125 0.6328125 0.09375 0.0654296875
0 0.3427734375 0.6533203125 0.060546875 0.068359375
0 0.6728515625 0.71484375 0.1181640625 0.06640625
0 0.41015625 0.513671875 0.1494140625 0.2080078125
0 0.3896484375 0.4765625 0.220703125 0.087890625
0 0.2158203125 0.630859375 0.1015625 0.0654296875
0 0.21875 0.681640625 0.0546875 0.072265625
0 0.2509765625 0.5576171875 0.0771484375 0.048828125
0 0.119140625 0.6748046875 0.083984375 0.078125
0 0.173828125 0.70703125 0.0771484375 0.07421875
0 0.025390625 0.6328125 0.025390625 0.1064453125
0 1.0 0.6142578125 0.0537109375 0.0869140625
0 0.921875 0.5712890625 0.06640625 0.0595703125
0 0.955078125 0.3447265625 0.0517578125 0.0458984375
0 0.783203125 1.0 0.072265625 0.0634765625
0 0.4990234375 0.9990234375 0.080078125 0.0546875
0 0.98046875 0.982421875 0.0625 0.0888671875
0 0.072265625 0.1220703125 0.046875 0.0576171875
0 0.13671875 0.712890625 0.080078125 0.0634765625
0 0.1064453125 0.06640625 0.0517578125 0.0556640625
