0 0.6796875 0.77734375 0.0947265625 0.1279296875
0 0.3583984375 0.3974609375 0.109375 0.16015625
0 0.322265625 0.5205078125 0.1123046875 0.12109375
0 0.96484375 1.0 0.123046875 0.1201171875
0 0.966796875 0.4794921875 0.1474609375 0.107421875
0 0.5078125 0.6279296875 0.1025390625 0.1201171875
0 0.8359375 0.908203125 0.1513671875 0.1240234375
0 0.919921875 0.666015625 0.1376953125 0.1435546875
0 0.884765625 0.384765625 0.095703125 0.1552734375
0 0.76953125 1.0 0.099609375 0.0732421875
0 0.759765625 0.58203125 0.1455078125 0.162109375
0 0.2568359375 0.2373046875 0.115234375 0.2080078125
0 0.9091796875 0.1298828125 0.0966796875 0.1279296875
0 0.7568359375 0.3896484375 0.142578125 0.1376953125
0 0.572265625 0.7919921875 0.080078125 0.0927734375
0 0.697265625 0.1083984375 0.12109375 0.107421875
0 0.33984375 0.08203125 0.1357421875 0.080078125
0 0.140625 0.998046875 0.1376953125 0.138671875
0 0.9580078125 0.138671875 0.072265625 0.119140625
