0 0.9453125 0.107421875 0.048828125 0.107421875
0 0.1884765625 0.4453125 0.0732421875 0.08203125
0 0.0849609375 0.95703125 0.068359375 0.1044921875
0 0.3525390625 0.1064453125 0.0556640625 0.083984375
0 0.6220703125 0.08984375 0.04296875 0.08984375
0 0.5859375 0.7021484375 0.083984375 0.0703125
0 0.4111328125 0.1337890625 0.0703125 0.1025390625
0 0.6884765625 0.2060546875 0.0595703125 0.0830078125
0 0.2685546875 0.09375 0.0634765625 0.0859375
0 0.982421875 0.11328125 0.0439453125 0.0888671875
0 0.4453125 0.6826171875 0.0712890625 0.0615234375
0 0.927734375 0.4423828125 0.0419921875 0.1005859375
0 0.826171875 0.3818359375 0.0341796875 0.099609375
0 0.4609375 0.1279296875 0.0791015625 0.0751953125
0 0.759765625 0.724609375 0.037109375 0.0810546875
0 0.591796875 0.3076171875 0.0244140625 0.0947265625
0 0.654296875 0.091796875 0.0322265625 0.091796875
0 0.6689453125 0.994140625 0.05859375 0.0625
0 0.923828125 0.7578125 0.0859375 0.1103515625
0 0.5341796875 0.8115234375 0.060546875 0.0810546875
0 0.4755859375 0.720703125 0.0361328125 0.0625
0 0.1943359375 0.0703125 0.0693359375 0.0693359375
0 0.6474609375 0.6220703125 0.0322265625 0.0888671875
0 0.099609375 0.7099609375 0.0703125 0.0556640625
0 0.662109375 0.8212890625 0.0595703125 0.0634765625
0 1.0 0.4658203125 0.0283203125 0.0693359375
0 0.7666015625 0.45703125 0.0908203125 0.0869140625
0 0.5888671875 0.7607421875 0.0498046875 0.0634765625
0 0.75390625 0.787109375 0.0400390625 0.080078125
0 0.3662109375 0.8017578125 0.0830078125 0.052734375
0 0.873046875 0.4501953125 0.037109375 0.087890625
0 0.4794921875 0.6162109375 0.0771484375 0.064453125
0 0.78125 0.3798828125 0.0458984375 0.0576171875
0 0.251953125 0.24609375 0.025390625 0.0771484375
0 0.0556640625 0.97265625 0.0390625 0.0771484375
0 0.2080078125 1.0 0.08203125 0.041015625
0 0.3720703125 0.4541015625 0.0927734375 0.0498046875
0 0.0693359375 0.6640625 0.0693359375 0.115234375
0 0.6943359375 0.7275390625 0.041015625 0.1103515625
0 0.46875 0.083984375 0.044921875 0.0830078125
0 0.4111328125 0.9013671875 0.09765625 0.0625
0 0.341796875 0.7490234375 0.052734375 0.056640625
0 0.998046875 0.771484375 0.033203125 0.068359375
0 0.7138671875 0.66796875 0.0419921875 0.0888671875
0 0.166015625 0.97265625 0.0703125 0.0341796875
0 0.423828125 0.1767578125 0.064453125 0.0400390625
0 0.6904296875 0.1083984375 0.04296875 0.0673828125
0 0.416015625 0.72265625 0.087890625 0.0546875
0 0.314453125 0.8671875 0.0537109375 0.044921875
0 0.50390625 0.8505859375 0.048828125 0.0400390625
0 0.1513671875 0.7587890625 0.0849609375 0.0595703125
0 0.53515625 0.0341796875 0.0341796875 0.033203125
0 0.7841796875 0.1455078125 0.0439453125 0.0732421875
0 0.89453125 0.2529296875 0.046875 0.0712890625
0 0.3291015625 0.7099609375 0.0498046875 0.0654296875
0 0.6513671875 0.509765625 0.0380859375 0.08984375
0 0.3859375 0.85390625 0.0576171875 0.037109375
0 0.85546875 0.7724609375 0.0546875 0.0439453125
0 0.888671875 0.8359375 0.1220703125 0.05078125
0 0.796875 0.0302734375 0.0283203125 0.0302734375
0 0.822265625 0.5712890625 0.0439453125 0.115234375
0 0.673828125 0.482421875 0.1201171875 0.0859375
0 0.12890625 0.037109375 0.0458984375 0.037109375
0 0.8818359375 0.861328125 0.0322265625 0.0380859375
