0 0.25 0.8154296875 0.0791015625 0.0830078125
0 0.95703125 0.052734375 0.0859375 0.052734375
0 0.3359375 0.197265625 0.134765625 0.0986328125
0 0.0478515625 0.6630859375 0.0478515625 0.09765625
0 0.8056640625 0.2412109375 0.0908203125 0.0908203125
0 0.77734375 0.853515625 0.0791015625 0.08984375
0 0.69921875 1.0 0.12109375 0.0634765625
0 0.6015625 0.546875 0.0849609375 0.142578125
0 0.8408203125 0.1826171875 0.080078125 0.08203125
0 0.1220703125 0.177734375 0.0771484375 0.083984375
0 0.6484375 0.0771484375 0.1005859375 0.0732421875
0 0.966796875 0.9150390625 0.0859375 0.0751953125
0 0.568359375 0.1435546875 0.0703125 0.0615234375
0 0.0498046875 0.193359375 0.0498046875 0.0849609375
0 0.474609375 0.23828125 0.0927734375 0.1435546875
0 0.3916015625 0.27734375 0.1162109375 0.27734375
0 0.9482421875 0.2587890625 0.17578125 0.0693359375
0 0.876953125 0.5625 0.099609375 0.18359375
0 0.15625 0.81640625 0.1298828125 0.138671875
0 0.703125 0.564453125 0.111328125 0.0966796875
0 0.666015625 0.1455078125 0.0732421875 0.0654296875
0 0.6884765625 0.8779296875 0.25390625 0.1015625
0 0.7890625 0.775390625 0.119140625 0.0791015625
0 0.8701171875 0.427734375 0.083984375 0.0908203125
0 0.7607421875 1.0 0.05859375 0.041015625
0 1.0 0.2978515625 0.19140625 0.052734375
0 0.94140625 0.1240234375 0.111328125 0.0927734375
0 0.244140625 0.37890625 0.0546875 0.2080078125
0 0.181640625 0.28515625 0.111328125 0.05078125
0 0.033203125 0.3818359375 0.033203125 0.1298828125
0 0.03125 0.5048828125 0.03125 0.1123046875
0 0.0927734375 0.470703125 0.0693359375 0.171875
0 0.1806640625 0.673828125 0.103515625 0.1328125
0 0.4931640625 0.70703125 0.2607421875 0.1025390625
0 0.2509765625 0.6884765625 0.0478515625 0.0810546875
0 0.3125 0.6201171875 0.12109375 0.1484375
0 0.384765625 0.5634765625 0.0966796875 0.06640625
0 0.2216796875 0.5 0.0810546875 0.115234375
0 0.45703125 0.4765625 0.1572265625 0.1103515625
0 0.4228515625 0.447265625 0.154296875 0.1318359375
0 1.0 0.1865234375 0.07421875 0.0732421875
0 1.0 0.115234375 0.0546875 0.048828125
0 0.541015625 0.07421875 0.0703125 0.0625
0 0.69921875 0.0244140625 0.0498046875 0.0244140625
0 0.76953125 0.0322265625 0.0556640625 0.03125
0 0.8330078125 1.0 0.0498046875 0.013671875
0 0.2021484375 0.583984375 0.052734375 0.0908203125
