0 1.0 0.5595703125 0.0654296875 0.10546875
0 0.333984375 0.279296875 0.1328125 0.1142578125
0 0.9990234375 0.21484375 0.0625 0.1123046875
0 1.0 0.9345703125 0.1201171875 0.1376953125
0 0.6044921875 0.3701171875 0.0947265625 0.115234375
0 0.8193359375 0.806640625 0.1943359375 0.126953125
0 0.4140625 0.091796875 0.1943359375 0.091796875
0 0.44921875 0.509765625 0.1572265625 0.142578125
0 1.0 0.4091796875 0.068359375 0.0966796875
0 0.8515625 0.15234375 0.1015625 0.0830078125
0 0.875 0.08203125 0.0859375 0.08203125
0 0.7822265625 0.0341796875 0.0751953125 0.0341796875
0 0.58203125 1.0 0.115234375 0.068359375
0 0.998046875 1.0 0.1630859375 0.08984375
0 0.7744140625 0.921875 0.0673828125 0.064453125
0 0.4873046875 0.9345703125 0.1337890625 0.1005859375
0 0.373046875 0.798828125 0.0966796875 0.0830078125
0 0.771484375 0.623046875 0.123046875 0.087890625
0 0.181640625 0.2255859375 0.0927734375 0.080078125
0 0.70703125 0.4873046875 0.0888671875 0.076171875
0 0.5859375 0.1259765625 0.0849609375 0.0732421875
