0 0.2646484375 0.4462890625 0.08203125 0.068359375
0 0.0771484375 0.095703125 0.0478515625 0.0771484375
0 0.453125 0.3544921875 0.0654296875 0.083984375
0 0.40625 0.5517578125 0.068359375 0.08203125
0 0.6572265625 0.6474609375 0.076171875 0.080078125
0 0.078125 0.7138671875 0.0576171875 0.0693359375
0 0.6064453125 0.7275390625 0.0693359375 0.0576171875
0 0.1083984375 0.62109375 0.091796875 0.0615234375
0 0.8701171875 0.07421875 0.04296875 0.0732421875
0 0.8291015625 0.509765625 0.064453125 0.08203125
0 0.5263671875 0.2822265625 0.046875 0.0986328125
0 0.81640625 0.201171875 0.03125 0.0830078125
0 0.2607421875 0.5537109375 0.0654296875 0.064453125
0 0.759765625 0.310546875 0.0390625 0.068359375
0 0.78515625 0.06640625 0.0283203125 0.064453125
0 0.0927734375 0.1796875 0.07421875 0.0517578125
0 0.7060546875 0.1904296875 0.0947265625 0.08984375
0 0.70703125 0.068359375 0.0625 0.0595703125
0 0.2021484375 0.6513671875 0.05078125 0.0634765625
0 0.42578125 0.404296875 0.111328125 0.0576171875
0 0.3388671875 0.220703125 0.09765625 0.0810546875
0 0.6005859375 0.5849609375 0.0712890625 0.0478515625
0 0.01953125 0.6337890625 0.01953125 0.0556640625
0 0.4951171875 0.4462890625 0.0634765625 0.05859375
0 0.251953125 0.869140625 0.08984375 0.03125
0 0.32421875 0.9765625 0.0517578125 0.07421875
0 0.53125 0.39453125 0.0625 0.0439453125
0 0.5634765625 0.24609375 0.05859375 0.05859375
0 0.5849609375 1.0 0.091796875 0.0556640625
0 0.986328125 0.0537109375 0.0322265625 0.0537109375
0 0.953125 0.041015625 0.0322265625 0.041015625
0 0.044921875 0.6064453125 0.044921875 0.0537109375
0 0.75498046875 0.6392578125 0.05869140625000002 0.04482421874999998
0 0.09375 0.3837890625 0.0546875 0.04296875
0 0.4345703125 0.7138671875 0.046875 0.0400390625
0 0.7451171875 0.0419921875 0.0400390625 0.0419921875
0 0.6513671875 0.0986328125 0.0615234375 0.05078125
0 0.8681640625 0.923828125 0.0419921875 0.08984375
0 0.1005859375 1.0 0.0478515625 0.0234375
0 0.435546875 0.5166015625 0.0615234375 0.0302734375
0 0.90234375 0.67578125 0.029296875 0.0751953125
0 0.2822265625 0.537109375 0.03515625 0.0576171875
0 0.5244140625 0.1904296875 0.0419921875 0.064453125
0 0.158203125 0.587890625 0.0546875 0.0400390625
0 0.92578125 0.755859375 0.0400390625 0.0498046875
0 0.1376953125 0.666015625 0.0458984375 0.0380859375
0 0.9970703125 0.59375 0.0458984375 0.0341796875
0 0.3330078125 0.998046875 0.0576171875 0.0234375
0 0.708984375 0.3701171875 0.0263671875 0.0625
0 0.603515625 0.4951171875 0.0263671875 0.0703125
0 0.228515625 0.7158203125 0.0517578125 0.033203125
0 0.0810546875 0.953125 0.0498046875 0.03515625
0 0.865234375 0.3037109375 0.0419921875 0.0478515625
0 0.3046875 0.1259765625 0.046875 0.0419921875
0 0.5849609375 0.9111328125 0.0791015625 0.0498046875
0 0.845703125 0.6171875 0.029296875 0.087890625
0 0.7275390625 0.369140625 0.0283203125 0.052734375
0 0.498046875 0.6884765625 0.0439453125 0.0400390625
0 0.41015625 0.583984375 0.046875 0.048828125
0 0.9599609375 0.73046875 0.04296875 0.05859375
0 0.859375 0.671875 0.0322265625 0.0498046875
0 0.86328125 0.3818359375 0.0478515625 0.033203125
0 0.890625 0.927734375 0.048828125 0.0224609375
0 0.12109375 0.9462890625 0.05078125 0.04296875
0 0.3583984375 0.568359375 0.046875 0.078125
0 0.2490234375 0.6904296875 0.0703125 0.0341796875
0 0.1787109375 0.69921875 0.0595703125 0.0361328125
0 0.513671875 0.7265625 0.05859375 0.03515625
0 0.7685546875 0.6953125 0.0673828125 0.037109375
0 0.953125 0.6201171875 0.03515625 0.0517578125
0 0.8203125 0.5302734375 0.05859375 0.0390625
0 0.89453125 0.6640625 0.033203125 0.05078125
0 0.765625 0.318359375 0.1064453125 0.0390625
0 0.3623046875 0.5390625 0.06640625 0.078125
0 0.34375 0.8974609375 0.072265625 0.0546875
0 0.9638671875 0.9560546875 0.0478515625 0.0458984375
0 0.9306640625 0.97265625 0.0556640625 0.0390625
