0 0.2373046875 0.4873046875 0.1123046875 0.0908203125
0 0.3193359375 0.0615234375 0.1220703125 0.0615234375
0 0.6904296875 0.5205078125 0.11328125 0.126953125
0 0.181640625 0.046875 0.13671875 0.046875
0 0.4072265625 0.904296875 0.15625 0.1572265625
0 0.73828125 0.822265625 0.0712890625 0.080078125
0 0.134765625 0.1484375 0.09765625 0.099609375
0 0.5341796875 0.87109375 0.0751953125 0.0810546875
0 0.3974609375 0.9970703125 0.1025390625 0.072265625
0 0.0966796875 0.3916015625 0.0947265625 0.0849609375
0 0.056640625 0.306640625 0.0546875 0.07421875
0 0.0673828125 0.056640625 0.05078125 0.056640625
0 0.07421875 0.431640625 0.0732421875 0.060546875
