0 0.5 0.185546875 0.0693359375 0.1015625
0 0.41796875 0.21484375 0.060546875 0.0849609375
0 0.416015625 0.28515625 0.072265625 0.080078125
0 0.4814453125 0.3525390625 0.07421875 0.109375
0 0.60546875 0.37109375 0.0615234375 0.09765625
0 0.5537109375 0.4453125 0.0693359375 0.0986328125
0 0.4658203125 0.4873046875 0.0576171875 0.1201171875
0 0.4912109375 0.482421875 0.048828125 0.0810546875
0 0.27734375 0.4052734375 0.05859375 0.0673828125
0 0.2099609375 0.3251953125 0.0654296875 0.103515625
0 0.1201171875 0.36328125 0.0908203125 0.119140625
0 0.037109375 0.181640625 0.037109375 0.0810546875
0 0.021484375 0.0771484375 0.021484375 0.05859375
0 0.287109375 0.0625 0.1005859375 0.0625
0 0.4345703125 0.0283203125 0.0634765625 0.0283203125
0 0.6484375 0.037109375 0.0693359375 0.037109375
0 0.623046875 0.1005859375 0.10546875 0.0654296875
0 0.8671875 0.0546875 0.1015625 0.0546875
0 0.9873046875 0.177734375 0.0751953125 0.09375
0 0.6640625 0.20703125 0.0517578125 0.091796875
0 0.65234375 0.306640625 0.072265625 0.1318359375
0 0.9296875 0.3935546875 0.0810546875 0.1083984375
0 0.8876953125 0.4306640625 0.0927734375 0.095703125
0 0.8818359375 0.51171875 0.115234375 0.1220703125
0 0.8505859375 0.5732421875 0.076171875 0.07421875
0 0.9677734375 0.591796875 0.0859375 0.0693359375
0 0.736328125 0.6025390625 0.068359375 0.0947265625
0 0.583984375 0.611328125 0.1025390625 0.0634765625
0 0.5771484375 0.734375 0.0712890625 0.064453125
0 0.8125 0.814453125 0.078125 0.095703125
0 0.783203125 0.638671875 0.0576171875 0.0556640625
0 0.9951171875 1.0 0.068359375 0.0947265625
0 0.828125 1.0 0.078125 0.0439453125
0 0.6162109375 0.9560546875 0.0654296875 0.05859375
0 0.697265625 0.9013671875 0.046875 0.0654296875
0 0.537109375 0.890625 0.078125 0.1181640625
0 0.4970703125 0.919921875 0.0673828125 0.0673828125
0 0.3759765625 0.9033203125 0.078125 0.1123046875
0 0.373046875 0.9921875 0.0693359375 0.0703125
0 0.423828125 0.9921875 0.05078125 0.0556640625
0 0.0498046875 0.9033203125 0.0498046875 0.08984375
0 0.1923828125 0.84765625 0.09765625 0.07421875
0 0.0625 0.6865234375 0.0625 0.0703125
0 0.0546875 0.6025390625 0.0546875 0.095703125
0 0.2197265625 0.6171875 0.08984375 0.0810546875
0 0.2626953125 0.5205078125 0.076171875 0.076171875
0 0.16015625 0.509765625 0.064453125 0.087890625
0 0.0146484375 0.51171875 0.0146484375 0.08203125
0 0.08984375 1.0 0.078125 0.044921875
0 0.046875 0.951171875 0.046875 0.0546875
0 0.4189453125 0.66796875 0.0830078125 0.0693359375
0 0.3544921875 0.724609375 0.0927734375 0.0615234375
0 0.9755859375 0.41796875 0.0673828125 0.0380859375
0 0.84765625 0.1025390625 0.0810546875 0.1025390625
0 0.2080078125 0.8505859375 0.0439453125 0.0634765625
