0 0.8671875 0.2939453125 0.1220703125 0.08203125
0 0.19140625 0.599609375 0.126953125 0.10546875
0 0.109375 0.3515625 0.109375 0.0869140625
0 0.6806640625 0.6650390625 0.1259765625 0.17578125
0 0.2568359375 0.46484375 0.109375 0.095703125
0 0.5390625 0.1669921875 0.08984375 0.1298828125
0 0.3818359375 0.794921875 0.0751953125 0.087890625
0 0.9638671875 0.1875 0.17578125 0.09765625
0 0.181640625 0.5107421875 0.177734375 0.0927734375
0 1.0 0.7568359375 0.17578125 0.1318359375
0 0.7744140625 0.7626953125 0.1533203125 0.0810546875
0 0.9326171875 0.9951171875 0.2099609375 0.16796875
0 0.978515625 0.453125 0.1923828125 0.10546875
0 0.3330078125 0.1865234375 0.1796875 0.1044921875
0 0.681640625 0.287109375 0.109375 0.09765625
0 0.359375 0.232421875 0.080078125 0.068359375
0 0.1005859375 0.966796875 0.0703125 0.0693359375
0 0.716796875 0.134765625 0.16015625 0.0673828125
0 0.138671875 0.4384765625 0.0791015625 0.0869140625
0 0.7841796875 0.0771484375 0.197265625 0.0771484375
0 0.7216796875 0.8173828125 0.2021484375 0.1181640625
0 0.1474609375 0.732421875 0.1083984375 0.087890625
0 0.8818359375 0.5869140625 0.177734375 0.125
0 0.6005859375 0.185546875 0.0859375 0.076171875
0 0.9248046875 0.6259765625 0.14453125 0.0986328125
0 0.6591796875 0.419921875 0.14453125 0.1650390625
