0 0.095703125 0.869140625 0.095703125 0.0625
0 0.1455078125 0.9921875 0.068359375 0.1083984375
0 0.0966796875 0.984375 0.0771484375 0.0966796875
0 0.1962890625 0.2509765625 0.09375 0.126953125
0 0.1240234375 0.2470703125 0.05859375 0.1005859375
0 0.1416015625 0.4736328125 0.1416015625 0.0908203125
0 0.11328125 0.3818359375 0.0732421875 0.1025390625
0 0.0419921875 0.3828125 0.0419921875 0.0986328125
0 0.3857421875 0.1455078125 0.0908203125 0.072265625
0 0.3583984375 0.205078125 0.0888671875 0.0771484375
0 0.568359375 0.09375 0.09375 0.0546875
0 0.8759765625 0.16796875 0.146484375 0.103515625
0 0.8056640625 0.3095703125 0.080078125 0.1201171875
0 0.65234375 0.3876953125 0.0751953125 0.0634765625
0 0.466796875 0.37109375 0.0908203125 0.052734375
0 0.5361328125 0.2890625 0.1142578125 0.0634765625
0 0.5400390625 0.44921875 0.0771484375 0.0859375
0 0.4853515625 0.5 0.0517578125 0.0771484375
0 0.619140625 0.60546875 0.0673828125 0.0517578125
0 0.8134765625 0.6640625 0.12890625 0.0947265625
0 1.0 0.5830078125 0.083984375 0.046875
0 0.240234375 0.591796875 0.072265625 0.0859375
0 0.4619140625 0.669921875 0.09765625 0.1044921875
0 0.3427734375 0.75390625 0.0654296875 0.10546875
0 0.3505859375 0.9384765625 0.0810546875 0.080078125
0 0.4482421875 0.98828125 0.076171875 0.0693359375
0 0.6025390625 1.0 0.0986328125 0.041015625
0 0.8251953125 0.9345703125 0.1220703125 0.0595703125
0 0.673828125 0.923828125 0.078125 0.0703125
0 0.5185546875 0.92578125 0.0712890625 0.072265625
0 0.734375 0.3896484375 0.0751953125 0.0810546875
0 0.91796875 0.349609375 0.16015625 0.060546875
0 0.9775390625 0.3984375 0.1279296875 0.0703125
0 1.0 0.298828125 0.0986328125 0.07421875
0 0.984375 0.228515625 0.0810546875 0.1376953125
0 0.875 0.25 0.0625 0.072265625
