0 0.21484375 0.70703125 0.0595703125 0.05078125
0 0.044921875 0.5419921875 0.044921875 0.0703125
0 0.7177734375 0.3681640625 0.05078125 0.0869140625
0 0.6083984375 0.4873046875 0.0966796875 0.05078125
0 0.662109375 0.11328125 0.0615234375 0.0322265625
0 0.6044921875 0.5390625 0.0849609375 0.048828125
0 0.5048828125 0.259765625 0.02734375 0.0810546875
0 0.7138671875 0.46484375 0.060546875 0.0810546875
0 0.6005859375 0.916015625 0.0556640625 0.0556640625
0 0.49609375 0.689453125 0.0703125 0.078125
0 0.8193359375 0.1015625 0.0634765625 0.0625
0 0.6591796875 0.38671875 0.0869140625 0.111328125
0 0.18359375 0.056640625 0.076171875 0.056640625
0 0.46875 0.7265625 0.0908203125 0.064453125
0 0.6787109375 0.705078125 0.0869140625 0.0771484375
0 0.5068359375 0.953125 0.068359375 0.1103515625
0 0.583984375 1.0 0.107421875 0.0791015625
0 0.2978515625 0.1640625 0.0771484375 0.076171875
0 0.630859375 0.2236328125 0.072265625 0.09765625
0 0.9150390625 0.654296875 0.0771484375 0.12890625
0 0.93359375 0.09375 0.09765625 0.072265625
0 0.6552734375 0.873046875 0.0869140625 0.1337890625
0 0.7412109375 0.7646484375 0.0908203125 0.1005859375
0 0.4912109375 0.2587890625 0.033203125 0.0830078125
0 0.1171875 0.2041015625 0.0859375 0.13671875
0 0.7119140625 0.8994140625 0.0546875 0.0888671875
0 0.4140625 0.794921875 0.119140625 0.0634765625
0 0.7861328125 1.0 0.09375 0.0458984375
0 0.044921875 0.96875 0.044921875 0.056640625
0 0.1376953125 0.8427734375 0.0771484375 0.0712890625
0 0.0712890625 0.8203125 0.06640625 0.0546875
0 0.423828125 0.9599609375 0.09375 0.0732421875
0 0.1474609375 0.4189453125 0.0771484375 0.0556640625
0 0.1787109375 0.4521484375 0.068359375 0.06640625
0 0.1796875 0.3505859375 0.0859375 0.09375
0 0.4755859375 0.06640625 0.0869140625 0.0537109375
0 0.046875 0.9189453125 0.046875 0.0439453125
0 0.5693359375 0.451171875 0.076171875 0.0361328125
0 0.494140625 0.357421875 0.056640625 0.0556640625
0 0.5888671875 0.390625 0.0830078125 0.0791015625
0 0.5732421875 0.2626953125 0.0576171875 0.0693359375
0 0.6279296875 0.0859375 0.06640625 0.0419921875
0 0.5302734375 0.16015625 0.0615234375 0.0654296875
0 0.705078125 0.25 0.04296875 0.029296875
0 0.6806640625 0.546875 0.0654296875 0.0302734375
