0 0.955078125 0.794921875 0.1298828125 0.1279296875
0 0.1494140625 0.3505859375 0.064453125 0.060546875
0 0.3955078125 0.16796875 0.08984375 0.0712890625
0 0.125 0.953125 0.0673828125 0.060546875
0 0.27734375 0.796875 0.09765625 0.0810546875
0 0.6171875 0.689453125 0.140625 0.08203125
0 0.5771484375 0.61328125 0.2158203125 0.1396484375
0 0.6796875 0.48828125 0.169921875 0.166015625
0 0.0732421875 0.333984375 0.0732421875 0.1083984375
0 0.3271484375 0.2236328125 0.16796875 0.0849609375
0 0.0537109375 0.5537109375 0.0537109375 0.1005859375
0 0.9208984375 0.953125 0.111328125 0.087890625
0 0.4677734375 0.302734375 0.15625 0.119140625
0 0.7607421875 1.0 0.126953125 0.05859375
0 0.400390625 0.814453125 0.1279296875 0.0703125
0 0.4345703125 1.0 0.0966796875 0.0400390625
0 0.3291015625 0.4189453125 0.1787109375 0.0849609375
0 0.185546875 0.82421875 0.1171875 0.1171875
0 0.31640625 0.3564453125 0.087890625 0.0576171875
0 0.470703125 0.7763671875 0.1708984375 0.0615234375
0 0.0556640625 0.921875 0.0556640625 0.0751953125
0 1.0 0.9443359375 0.072265625 0.0634765625
0 1.0 0.8798828125 0.03125 0.041015625
0 0.9990234375 0.9990234375 0.1279296875 0.1318359375
0 1.0 0.748046875 0.0263671875 0.087890625
0 0.63671875 0.822265625 0.060546875 0.08984375
0 0.7060546875 0.7578125 0.0771484375 0.0595703125
0 0.1435546875 1.0 0.0693359375 0.0634765625
0 0.1474609375 0.3017578125 0.072265625 0.060546875
