0 0.1533203125 0.115234375 0.1357421875 0.115234375
0 0.26171875 0.0419921875 0.1025390625 0.0419921875
0 0.259765625 0.2890625 0.0830078125 0.0673828125
0 0.2001953125 0.4384765625 0.0654296875 0.0849609375
0 0.1806640625 0.7529296875 0.064453125 0.060546875
0 0.333984375 0.775390625 0.05078125 0.08203125
0 0.05078125 0.9462890625 0.05078125 0.080078125
0 0.4208984375 0.2509765625 0.115234375 0.0498046875
0 0.3525390625 0.2958984375 0.0654296875 0.0517578125
0 0.56640625 0.3857421875 0.1728515625 0.0439453125
0 0.572265625 0.33203125 0.140625 0.115234375
0 0.591796875 0.3427734375 0.08984375 0.103515625
0 0.7138671875 0.44921875 0.0751953125 0.0498046875
0 0.806640625 0.5771484375 0.072265625 0.0419921875
0 0.8603515625 0.59375 0.064453125 0.0966796875
0 0.92578125 0.6796875 0.083984375 0.1005859375
0 0.97265625 0.873046875 0.123046875 0.0478515625
0 1.0 0.80078125 0.1201171875 0.078125
0 0.615234375 1.0 0.0751953125 0.0478515625
0 0.7275390625 1.0 0.06640625 0.05078125
0 0.408203125 0.8740234375 0.0546875 0.078125
0 0.5166015625 0.896484375 0.1015625 0.0478515625
0 0.6259765625 0.8515625 0.1484375 0.07421875
0 0.69140625 0.9111328125 0.046875 0.052734375
0 0.7763671875 0.8203125 0.09765625 0.119140625
0 0.603515625 0.7216796875 0.09765625 0.056640625
0 0.7138671875 0.7568359375 0.0947265625 0.0654296875
0 0.390625 0.908203125 0.1240234375 0.0771484375
0 0.400390625 0.9970703125 0.060546875 0.0576171875
0 0.751953125 0.3701171875 0.0859375 0.1103515625
0 0.7939453125 0.236328125 0.0830078125 0.1044921875
0 0.9072265625 0.2705078125 0.1025390625 0.0791015625
0 0.7255859375 0.158203125 0.072265625 0.115234375
0 0.779296875 0.111328125 0.0517578125 0.0908203125
0 0.4921875 0.1220703125 0.0537109375 0.1220703125
0 0.98828125 0.201171875 0.0673828125 0.072265625
0 0.974609375 0.326171875 0.060546875 0.0546875
0 0.822265625 0.30859375 0.0908203125 0.0537109375
0 0.8271484375 0.4453125 0.0693359375 0.0439453125
0 0.8505859375 0.3837890625 0.15234375 0.05859375
0 0.482421875 0.7109375 0.16015625 0.068359375
0 0.48828125 0.9599609375 0.0791015625 0.0634765625
0 0.46875 0.8359375 0.0703125 0.0673828125
0 0.9677734375 0.953125 0.0693359375 0.0849609375
