0 0.9619140625 0.1845703125 0.0869140625 0.0751953125
0 0.919921875 0.751953125 0.095703125 0.125
0 0.77734375 0.171875 0.103515625 0.0927734375
0 0.2705078125 0.376953125 0.0859375 0.099609375
0 0.96484375 0.2802734375 0.0703125 0.078125
0 0.7099609375 0.912109375 0.09765625 0.0986328125
0 0.9697265625 0.9892578125 0.1181640625 0.1025390625
0 0.6142578125 0.7119140625 0.1064453125 0.12109375
0 0.7392578125 0.3095703125 0.08203125 0.107421875
0 0.857421875 0.572265625 0.095703125 0.150390625
0 0.7822265625 0.9765625 0.078125 0.1298828125
0 0.7158203125 0.6298828125 0.1142578125 0.099609375
0 0.193359375 0.9873046875 0.087890625 0.099609375
0 0.751953125 0.45703125 0.0927734375 0.10546875
0 0.744140625 0.76953125 0.087890625 0.13671875
0 0.216796875 0.1669921875 0.1298828125 0.087890625
0 0.1474609375 0.7197265625 0.0927734375 0.10546875
0 0.1123046875 0.921875 0.107421875 0.189453125
0 0.125 0.4521484375 0.095703125 0.1171875
0 0.0673828125 0.1494140625 0.0654296875 0.0927734375
0 0.07421875 0.2216796875 0.072265625 0.0625
0 0.08984375 0.287109375 0.0625 0.052734375
0 0.2041015625 0.2890625 0.0595703125 0.0947265625
0 0.83984375 0.9892578125 0.0751953125 0.1123046875
0 0.0771484375 1.0 0.0751953125 0.0625
