0 0.76171875 0.466796875 0.13671875 0.099609375
0 0.3447265625 0.33203125 0.107421875 0.142578125
0 0.822265625 0.326171875 0.1171875 0.095703125
0 0.08203125 0.8642578125 0.08203125 0.109375
0 0.4892578125 0.5283203125 0.107421875 0.0859375
0 0.9111328125 0.08203125 0.1796875 0.0791015625
0 0.0517578125 0.5390625 0.0517578125 0.189453125
0 0.3818359375 0.63671875 0.115234375 0.1796875
0 1.0 0.94140625 0.1708984375 0.109375
0 0.6884765625 0.998046875 0.271484375 0.2021484375
0 0.62890625 0.7734375 0.10546875 0.09765625
0 0.3271484375 0.9921875 0.1279296875 0.1201171875
0 0.75 0.8818359375 0.1650390625 0.08984375
0 0.56640625 0.083984375 0.095703125 0.0751953125
0 1.0 0.1796875 0.056640625 0.1298828125
