0 0.314453125 0.8720703125 0.1328125 0.080078125
0 0.6875 0.46484375 0.150390625 0.087890625
0 0.75 0.9287109375 0.140625 0.0927734375
0 0.7421875 0.5546875 0.125 0.080078125
0 0.1796875 0.8271484375 0.1103515625 0.0703125
0 0.1220703125 0.681640625 0.09765625 0.0693359375
0 0.306640625 0.6142578125 0.13671875 0.064453125
0 0.947265625 0.732421875 0.197265625 0.087890625
0 0.849609375 0.5947265625 0.1298828125 0.0673828125
0 0.376953125 0.4970703125 0.1123046875 0.0654296875
0 0.109375 0.341796875 0.0849609375 0.109375
0 0.0595703125 0.95703125 0.0595703125 0.0654296875
0 0.4375 0.26953125 0.16015625 0.0751953125
0 0.2666015625 0.7421875 0.1845703125 0.078125
0 0.966796875 0.4248046875 0.1650390625 0.0849609375
0 0.0419921875 0.4140625 0.0419921875 0.08203125
0 0.39453125 0.1748046875 0.162109375 0.140625
0 0.134765625 0.5390625 0.0625 0.056640625
0 0.509765625 0.4296875 0.203125 0.0751953125
0 0.654296875 0.3896484375 0.1572265625 0.0654296875
0 0.912109375 1.0 0.0830078125 0.033203125
0 0.4375 0.9541015625 0.158203125 0.171875
0 0.634765625 0.96484375 0.1201171875 0.0703125
0 0.0673828125 0.224609375 0.0673828125 0.1376953125
0 0.88671875 0.2119140625 0.15234375 0.1396484375
0 0.736328125 0.26171875 0.150390625 0.0703125
0 0.6298828125 1.0 0.1474609375 0.0625
0 0.3544921875 0.064453125 0.1298828125 0.0478515625
0 0.939453125 0.9716796875 0.1875 0.0693359375
0 0.4375 1.0 0.1328125 0.0859375
0 0.7021484375 0.3095703125 0.125 0.052734375
0 0.974609375 0.9970703125 0.0849609375 0.072265625
0 0.5048828125 0.1845703125 0.125 0.08984375
0 0.6416015625 0.232421875 0.2197265625 0.080078125
0 0.466796875 0.064453125 0.08203125 0.0595703125
0 0.8125 0.1572265625 0.2001953125 0.1005859375
0 0.0341796875 0.8857421875 0.0068359375 0.078125
0 0.4892578125 0.3447265625 0.1767578125 0.0751953125
0 0.6572265625 0.1572265625 0.1650390625 0.107421875
0 0.6669921875 0.1748046875 0.1728515625 0.0751953125
0 0.9970703125 0.1220703125 0.0751953125 0.080078125
0 0.4423828125 1.0 0.0849609375 0.0654296875
0 0.3671875 0.0322265625 0.0947265625 0.0302734375
0 0.591796875 0.341796875 0.1396484375 0.08203125
0 0.70703125 0.4521484375 0.0546875 0.052734375
0 0.3994140625 0.51953125 0.1376953125 0.0703125
0 1.0 0.501953125 0.03515625 0.0478515625
0 1.0 0.6142578125 0.0625 0.0625
0 0.1025390625 0.03125 0.0869140625 0.0302734375
0 0.072265625 0.2470703125 0.0703125 0.072265625
0 0.939453125 0.982421875 0.1298828125 0.1025390625
