0 0.40625 0.541015625 0.0693359375 0.1015625
0 0.623046875 0.962890625 0.0810546875 0.0869140625
0 0.3130859375 0.46884765625 0.07480468750000002 0.13486328125000002
0 0.158203125 0.169921875 0.0830078125 0.0859375
0 0.31640625 0.8466796875 0.1181640625 0.0869140625
0 0.85546875 0.771484375 0.0791015625 0.0654296875
0 1.0 0.1171875 0.05078125 0.0986328125
0 0.306640625 0.060546875 0.046875 0.060546875
0 0.2783203125 0.609375 0.0615234375 0.1201171875
0 0.6943359375 0.083984375 0.060546875 0.0791015625
0 0.712890625 0.69921875 0.068359375 0.0732421875
0 0.556640625 0.35546875 0.05859375 0.07421875
0 0.9287109375 0.224609375 0.0673828125 0.06640625
0 0.3427734375 0.71484375 0.09765625 0.0576171875
0 0.978515625 0.5859375 0.0458984375 0.0771484375
0 0.6982421875 0.4404296875 0.0537109375 0.0673828125
0 0.6103515625 0.3828125 0.064453125 0.1005859375
0 0.7900390625 0.4306640625 0.0615234375 0.08203125
0 0.95703125 0.591796875 0.076171875 0.0654296875
0 0.62109375 0.0986328125 0.0673828125 0.072265625
0 0.609375 0.181640625 0.0751953125 0.0732421875
0 0.8349609375 0.1943359375 0.0791015625 0.0625
0 0.9755859375 0.9169921875 0.044921875 0.06640625
0 0.5966796875 0.607421875 0.0517578125 0.0849609375
0 1.0 0.4619140625 0.0849609375 0.05859375
0 0.97265625 0.2646484375 0.0634765625 0.12890625
0 0.0732421875 0.1513671875 0.072265625 0.05859375
0 0.08203125 0.5146484375 0.08203125 0.0498046875
0 0.1328125 0.4501953125 0.09375 0.0390625
0 0.5673828125 0.662109375 0.0439453125 0.0654296875
0 0.0498046875 0.283203125 0.048828125 0.056640625
0 0.767578125 0.759765625 0.0908203125 0.0478515625
0 0.0869140625 0.7822265625 0.078125 0.041015625
0 0.3125 0.326171875 0.0693359375 0.0439453125
0 0.2470703125 0.2529296875 0.0634765625 0.080078125
0 0.5009765625 0.65419921875 0.09013671875000001 0.09755859374999998
0 0.30859375 0.7529296875 0.16015625 0.0576171875
0 0.3232421875 0.5771484375 0.0634765625 0.109375
0 0.892578125 0.4677734375 0.041015625 0.080078125
0 0.361328125 0.177734375 0.0888671875 0.048828125
0 0.712890625 0.9140625 0.068359375 0.0732421875
0 0.7177734375 0.96484375 0.048828125 0.0576171875
0 0.955078125 0.3798828125 0.099609375 0.1416015625
0 0.337890625 0.2333984375 0.0947265625 0.0576171875
0 0.130859375 0.759765625 0.0556640625 0.02734375
0 0.45703125 1.0 0.0361328125 0.0361328125
0 0.9111328125 0.4599609375 0.0400390625 0.0791015625
0 0.53515625 0.1484375 0.0556640625 0.0458984375
0 0.2099609375 0.3916015625 0.0693359375 0.080078125
0 0.0673828125 0.4619140625 0.0673828125 0.0400390625
0 0.095703125 1.0 0.0380859375 0.078125
0 0.7998046875 0.5048828125 0.02734375 0.06640625
0 0.1875 0.826171875 0.095703125 0.048828125
0 0.17578125 0.298828125 0.1220703125 0.1015625
0 0.275390625 0.650390625 0.0830078125 0.0390625
0 0.6025390625 0.591796875 0.0673828125 0.091796875
0 0.19921875 0.935546875 0.111328125 0.0732421875
0 0.169921875 0.0556640625 0.0654296875 0.04296875
0 0.2392578125 0.5654296875 0.078125 0.029296875
0 0.943359375 1.0 0.0654296875 0.0478515625
0 0.0537109375 0.91796875 0.0263671875 0.0546875
0 0.2685546875 0.9873046875 0.1396484375 0.0390625
0 0.0849609375 0.837890625 0.05859375 0.021484375
0 0.685546875 0.537109375 0.03515625 0.0712890625
0 0.951171875 0.9892578125 0.044921875 0.068359375
0 1.0 0.048828125 0.03515625 0.048828125
0 0.724609375 0.35546875 0.0439453125 0.091796875
0 0.033203125 0.8271484375 0.033203125 0.0517578125
0 0.70703125 0.0419921875 0.0458984375 0.0419921875
0 0.58984375 0.80078125 0.048828125 0.0361328125
0 0.9580078125 1.0 0.0615234375 0.0498046875
0 0.138671875 0.947265625 0.0673828125 0.05078125
0 0.671875 0.677734375 0.0634765625 0.048828125
0 1.0 0.8701171875 0.0927734375 0.0361328125
0 0.734375 0.3916015625 0.0576171875 0.1201171875
0 0.6064453125 0.7998046875 0.0615234375 0.0419921875
0 0.9560546875 0.7744140625 0.0576171875 0.0556640625
0 0.123046875 0.400390625 0.0947265625 0.044921875
0 0.3955078125 0.4677734375 0.072265625 0.0634765625
0 0.4814453125 0.7978515625 0.0859375 0.04296875
0 0.677734375 0.7783203125 0.0673828125 0.0517578125
0 0.7392578125 0.8193359375 0.0859375 0.0361328125
0 0.6865234375 0.841796875 0.0625 0.037109375
0 0.8505859375 0.9462890625 0.072265625 0.068359375
0 0.189453125 0.7958984375 0.0712890625 0.033203125
0 0.169921875 0.7509765625 0.091796875 0.072265625
0 0.9873046875 0.26953125 0.0556640625 0.1181640625
0 0.2822265625 0.193359375 0.06640625 0.0654296875
0 0.2109375 0.21484375 0.1328125 0.05078125
0 0.0888671875 0.3955078125 0.0888671875 0.0458984375
0 0.4287109375 0.1298828125 0.048828125 0.0537109375
0 0.7900390625 0.1240234375 0.0517578125 0.0576171875
