0 0.65234375 0.482421875 0.0849609375 0.0576171875
0 0.626953125 0.9521484375 0.1025390625 0.0576171875
0 0.7099609375 0.1015625 0.0751953125 0.07421875
0 0.6767578125 0.419921875 0.0869140625 0.107421875
0 0.70703125 0.298828125 0.1748046875 0.091796875
0 0.90234375 0.2197265625 0.060546875 0.060546875
0 0.5517578125 0.5419921875 0.072265625 0.0673828125
0 0.2021484375 0.7646484375 0.072265625 0.0498046875
0 0.4970703125 0.7822265625 0.0625 0.0673828125
0 0.8046875 0.1494140625 0.0654296875 0.0703125
0 0.2099609375 0.58203125 0.0625 0.0595703125
0 0.9794921875 0.3173828125 0.1669921875 0.09765625
0 0.4140625 0.4140625 0.0966796875 0.091796875
0 0.19921875 0.9091796875 0.1123046875 0.1025390625
0 0.2666015625 0.509765625 0.0595703125 0.1025390625
0 0.25 1.0 0.0703125 0.0283203125
0 0.4423828125 0.32421875 0.0556640625 0.046875
0 0.328125 0.3134765625 0.060546875 0.072265625
0 0.322265625 0.3798828125 0.0751953125 0.0732421875
0 0.2724609375 0.2724609375 0.0732421875 0.060546875
0 0.21484375 0.984375 0.0849609375 0.0625
0 0.82421875 0.83203125 0.0771484375 0.080078125
0 0.6669921875 0.6494140625 0.0478515625 0.0625
0 0.3720703125 0.5625 0.1103515625 0.0478515625
0 0.25 0.9267578125 0.0576171875 0.0751953125
0 0.8544921875 0.4072265625 0.0673828125 0.0654296875
0 1.0 0.099609375 0.0576171875 0.0849609375
0 0.1396484375 1.0 0.134765625 0.0703125
0 0.83203125 0.3623046875 0.0654296875 0.0732421875
0 0.412109375 0.794921875 0.0703125 0.052734375
0 0.681640625 0.5966796875 0.044921875 0.0625
0 0.921875 0.9345703125 0.1044921875 0.0927734375
0 0.9970703125 0.9443359375 0.0703125 0.0595703125
0 0.6796875 0.994140625 0.0478515625 0.064453125
0 0.4716796875 0.609375 0.0546875 0.0576171875
0 0.88671875 0.9873046875 0.0625 0.0703125
0 0.2744140625 0.091796875 0.1220703125 0.0595703125
0 0.3330078125 0.9091796875 0.1025390625 0.072265625
0 0.5693359375 0.76171875 0.09765625 0.08203125
0 0.6845703125 0.869140625 0.08984375 0.15234375
0 0.3798828125 0.169921875 0.0703125 0.052734375
0 0.6201171875 0.1533203125 0.052734375 0.0751953125
0 0.5791015625 0.2041015625 0.234375 0.1416015625
0 0.947265625 0.4521484375 0.0556640625 0.0498046875
0 0.8515625 0.6943359375 0.1474609375 0.0927734375
0 1.0 0.681640625 0.0478515625 0.0966796875
0 0.3818359375 0.2890625 0.072265625 0.08203125
0 0.939453125 0.654296875 0.0703125 0.0498046875
0 0.125 0.359375 0.0751953125 0.0576171875
0 0.8271484375 0.58203125 0.107421875 0.0478515625
0 0.3125 0.6669921875 0.0654296875 0.0751953125
0 0.8046875 0.279296875 0.0830078125 0.0869140625
0 0.0791015625 0.494140625 0.0673828125 0.107421875
0 0.125 0.169921875 0.11328125 0.150390625
0 0.7373046875 0.8447265625 0.0703125 0.0830078125
0 0.2099609375 0.3994140625 0.1005859375 0.1845703125
0 0.9794921875 0.2666015625 0.0498046875 0.091796875
0 0.51953125 0.4443359375 0.052734375 0.0751953125
0 0.884765625 0.0849609375 0.0556640625 0.0703125
0 0.876953125 0.8173828125 0.087890625 0.0478515625
0 0.189453125 0.494140625 0.037109375 0.0498046875
0 0.814453125 0.7568359375 0.0673828125 0.0751953125
0 0.3544921875 0.6767578125 0.08203125 0.064453125
0 0.6943359375 0.89453125 0.0771484375 0.0654296875
0 0.7294921875 0.3515625 0.0400390625 0.0546875
0 0.0791015625 0.921875 0.0771484375 0.08203125
0 0.544921875 0.6767578125 0.060546875 0.0498046875
0 0.662109375 0.0498046875 0.0673828125 0.0478515625
0 0.96484375 0.19921875 0.060546875 0.07421875
0 0.1123046875 0.0341796875 0.0732421875 0.0322265625
0 0.5859375 0.0791015625 0.0419921875 0.0673828125
0 0.80859375 0.4892578125 0.0419921875 0.0419921875
0 0.052734375 0.078125 0.052734375 0.078125
0 0.5205078125 0.26953125 0.142578125 0.224609375
0 0.568359375 0.251953125 0.0400390625 0.10546875
0 0.7666015625 0.1591796875 0.0400390625 0.0400390625
0 0.0966796875 0.3544921875 0.091796875 0.0478515625
0 0.3017578125 0.5517578125 0.080078125 0.0498046875
0 0.76953125 0.7744140625 0.0849609375 0.2724609375
0 0.5322265625 0.544921875 0.0302734375 0.080078125
0 0.6220703125 0.0693359375 0.052734375 0.0673828125
0 0.546875 0.0498046875 0.0869140625 0.0478515625
0 0.7470703125 0.0791015625 0.0478515625 0.072265625
0 0.46484375 0.251953125 0.0830078125 0.0703125
0 0.7548828125 0.8896484375 0.0576171875 0.0703125
