0 0.212890625 0.2958984375 0.0830078125 0.12109375
0 0.2666015625 0.1298828125 0.068359375 0.07421875
0 0.1865234375 0.1171875 0.083984375 0.087890625
0 0.4287109375 0.0693359375 0.1142578125 0.068359375
0 0.4443359375 0.3935546875 0.09765625 0.087890625
0 0.68359375 0.1953125 0.076171875 0.0732421875
0 0.5341796875 0.134765625 0.0966796875 0.1025390625
0 0.6630859375 0.048828125 0.12890625 0.048828125
0 0.173828125 0.5234375 0.0751953125 0.076171875
0 0.3408203125 0.39453125 0.076171875 0.072265625
0 0.361328125 0.4716796875 0.0810546875 0.068359375
0 0.77734375 0.5205078125 0.080078125 0.1005859375
0 0.7568359375 0.416015625 0.068359375 0.0693359375
0 0.7587890625 0.33984375 0.0712890625 0.068359375
0 0.3740234375 0.642578125 0.0810546875 0.08203125
0 0.5234375 0.646484375 0.0771484375 0.0751953125
0 0.1416015625 0.771484375 0.0859375 0.0908203125
0 0.12890625 0.8876953125 0.0771484375 0.080078125
0 0.595703125 0.939453125 0.10546875 0.0693359375
0 0.5009765625 0.79296875 0.095703125 0.0654296875
0 0.615234375 0.71875 0.07421875 0.068359375
0 0.7021484375 0.689453125 0.07421875 0.076171875
0 0.69921875 0.6201171875 0.0595703125 0.0625
0 0.6005859375 0.5673828125 0.068359375 0.07421875
0 0.6787109375 0.5419921875 0.07421875 0.0712890625
0 0.828125 0.6474609375 0.07421875 0.078125
0 0.79296875 0.734375 0.08984375 0.115234375
0 0.9052734375 0.548828125 0.080078125 0.083984375
0 0.8076171875 0.560546875 0.0537109375 0.0615234375
0 1.0 0.6181640625 0.123046875 0.0673828125
0 1.0 0.5546875 0.0517578125 0.07421875
0 0.705078125 1.0 0.0771484375 0.05078125
0 0.8095703125 1.0 0.0771484375 0.03125
0 0.9013671875 1.0 0.0693359375 0.0390625
0 0.615234375 0.8388671875 0.0830078125 0.099609375
0 1.0 0.337890625 0.0419921875 0.1025390625
0 0.8193359375 0.26953125 0.076171875 0.1171875
0 0.9326171875 0.201171875 0.06640625 0.064453125
0 0.998046875 0.962890625 0.072265625 0.0625
0 0.431640625 0.44140625 0.0771484375 0.0791015625
0 0.310546875 0.0595703125 0.0771484375 0.05859375
0 0.33984375 0.783203125 0.119140625 0.0712890625
0 0.2685546875 0.6240234375 0.08984375 0.0615234375
0 1.0 0.45703125 0.08984375 0.0791015625
0 0.564453125 0.3134765625 0.0595703125 0.1044921875
0 0.0703125 0.05859375 0.0693359375 0.05859375
0 0.2158203125 0.486328125 0.0712890625 0.0576171875
0 0.232421875 0.8076171875 0.068359375 0.0693359375
0 0.6552734375 0.974609375 0.05078125 0.056640625
0 0.8994140625 0.419921875 0.0498046875 0.064453125
0 0.177734375 0.0341796875 0.1162109375 0.0341796875
0 0.04296875 0.6904296875 0.04296875 0.0673828125
0 0.384765625 0.9990234375 0.08203125 0.015625
0 0.8623046875 0.9912109375 0.0556640625 0.048828125
0 0.583984375 0.9765625 0.0478515625 0.048828125
0 0.287109375 0.7353515625 0.0576171875 0.044921875
0 0.4658203125 0.8759765625 0.0419921875 0.060546875
