0 0.4794921875 0.119140625 0.0830078125 0.07421875
0 0.841796875 0.2099609375 0.1044921875 0.0693359375
0 0.20703125 0.880859375 0.1044921875 0.05859375
0 0.4716796875 0.3515625 0.1240234375 0.0498046875
0 0.6318359375 0.494140625 0.056640625 0.10546875
0 0.2587890625 0.1865234375 0.0751953125 0.0869140625
0 0.8115234375 0.1650390625 0.068359375 0.08984375
0 0.8759765625 0.1572265625 0.0537109375 0.0634765625
0 0.59765625 0.2333984375 0.12109375 0.078125
0 0.595703125 0.0771484375 0.0576171875 0.05859375
0 0.8603515625 0.568359375 0.08203125 0.0537109375
0 0.4306640625 0.291015625 0.0908203125 0.041015625
0 0.90625 0.44921875 0.1171875 0.083984375
0 1.0 0.5732421875 0.015625 0.072265625
0 0.41015625 0.53125 0.12109375 0.0966796875
0 0.884765625 1.0 0.091796875 0.033203125
0 0.814453125 0.57421875 0.0947265625 0.0361328125
0 0.7724609375 0.876953125 0.03515625 0.072265625
0 0.6064453125 0.177734375 0.083984375 0.0693359375
0 0.5615234375 0.8740234375 0.0693359375 0.0625
0 0.72265625 0.0712890625 0.052734375 0.0361328125
0 0.125 0.0771484375 0.0830078125 0.03515625
0 0.5185546875 0.2431640625 0.0712890625 0.0302734375
0 0.939453125 0.50390625 0.08984375 0.046875
0 0.6416015625 0.619140625 0.1025390625 0.037109375
0 0.5703125 0.927734375 0.09375 0.044921875
0 0.41796875 0.8671875 0.0595703125 0.0703125
0 0.3330078125 0.8583984375 0.095703125 0.0224609375
0 0.060546875 0.880859375 0.04296875 0.0947265625
0 0.484375 0.787109375 0.080078125 0.0341796875
0 0.6923828125 0.5078125 0.052734375 0.0283203125
0 0.283203125 0.3359375 0.0634765625 0.0390625
0 0.23828125 0.587890625 0.095703125 0.03125
0 0.2578125 0.58203125 0.0302734375 0.0810546875
0 0.7978515625 0.6328125 0.103515625 0.03515625
0 0.501953125 0.8544921875 0.0908203125 0.0458984375
0 0.8046875 0.91015625 0.044921875 0.12109375
0 0.33984375 0.6865234375 0.052734375 0.0537109375
0 1.0 0.630859375 0.056640625 0.0537109375
0 0.6982421875 0.5009765625 0.0849609375 0.0576171875
0 0.7978515625 0.9384765625 0.0400390625 0.0693359375
0 0.5966796875 0.322265625 0.1064453125 0.041015625
0 0.947265625 0.8388671875 0.1142578125 0.111328125
0 0.5595703125 0.9892578125 0.0908203125 0.0361328125
0 0.205078125 0.607421875 0.12109375 0.037109375
0 0.9111328125 0.9580078125 0.0947265625 0.044921875
0 0.615234375 0.228515625 0.072265625 0.080078125
0 0.7568359375 0.873046875 0.0390625 0.0732421875
0 0.6298828125 0.609375 0.1865234375 0.1064453125
0 0.9736328125 0.9033203125 0.0654296875 0.08203125
0 0.216796875 0.1767578125 0.046875 0.0537109375
0 0.72265625 0.6953125 0.060546875 0.025390625
0 1.0 0.6748046875 0.107421875 0.05859375
0 0.7080078125 0.2236328125 0.0673828125 0.0390625
0 0.30859375 0.0615234375 0.0693359375 0.0419921875
0 0.279296875 0.3564453125 0.0849609375 0.0390625
0 0.6552734375 0.544921875 0.095703125 0.0498046875
0 0.1796875 0.3388671875 0.0869140625 0.0439453125
0 0.7783203125 0.6005859375 0.06640625 0.021484375
0 0.2763671875 0.015625 0.0625 0.015625
0 0.6083984375 0.697265625 0.0888671875 0.037109375
0 0.2490234375 0.5849609375 0.029296875 0.076171875
0 0.0849609375 0.103515625 0.0390625 0.0302734375
0 0.3466796875 0.841796875 0.1015625 0.03515625
0 0.751953125 0.2646484375 0.0576171875 0.048828125
0 0.8115234375 0.5859375 0.068359375 0.0224609375
0 0.7646484375 0.544921875 0.0419921875 0.0361328125
0 0.177734375 0.5810546875 0.09765625 0.03125
0 0.130859375 0.5615234375 0.08203125 0.05078125
0 0.34375 0.9384765625 0.0703125 0.0380859375
0 0.2451171875 0.9638671875 0.1142578125 0.052734375
0 0.2392578125 0.9345703125 0.1201171875 0.029296875
0 0.173828125 0.0615234375 0.1015625 0.048828125
0 0.427734375 0.576171875 0.052734375 0.0322265625
