0 0.0380859375 0.427734375 0.0380859375 0.12890625
0 0.15234375 0.3125 0.0908203125 0.0947265625
0 0.2265625 0.396484375 0.1220703125 0.087890625
0 0.3603515625 0.2705078125 0.1484375 0.0869140625
0 0.232421875 0.5029296875 0.072265625 0.0712890625
0 0.3056640625 0.5009765625 0.07421875 0.080078125
0 0.0859375 0.69921875 0.0654296875 0.06640625
0 0.1640625 0.732421875 0.0830078125 0.0732421875
0 0.2158203125 0.6611328125 0.0810546875 0.072265625
0 0.072265625 1.0 0.072265625 0.044921875
0 0.1826171875 0.9365234375 0.076171875 0.0693359375
0 0.408203125 0.935546875 0.08203125 0.0869140625
0 0.3388671875 0.86328125 0.083984375 0.0693359375
0 0.2939453125 0.8857421875 0.087890625 0.05078125
0 0.4072265625 0.759765625 0.095703125 0.0751953125
0 0.4091796875 0.814453125 0.072265625 0.0654296875
0 0.6240234375 0.8896484375 0.0869140625 0.0810546875
0 0.5771484375 0.83984375 0.0625 0.08984375
0 0.6083984375 0.7666015625 0.0703125 0.060546875
0 0.7080078125 0.77734375 0.1015625 0.0693359375
0 0.7021484375 0.8564453125 0.0625 0.0712890625
0 0.76171875 0.8603515625 0.0693359375 0.0634765625
0 0.490234375 0.697265625 0.0849609375 0.0732421875
0 0.3974609375 0.603515625 0.0947265625 0.080078125
0 0.455078125 0.5517578125 0.080078125 0.076171875
0 0.603515625 0.6806640625 0.0810546875 0.064453125
0 0.513671875 0.4814453125 0.0654296875 0.0693359375
0 0.630859375 0.453125 0.1318359375 0.0869140625
0 0.666015625 0.3994140625 0.08203125 0.0849609375
0 0.6748046875 0.353515625 0.078125 0.0908203125
0 0.45703125 0.2587890625 0.0732421875 0.068359375
0 0.4423828125 0.1953125 0.08984375 0.0625
0 0.4794921875 0.0625 0.126953125 0.0625
0 0.693359375 0.1318359375 0.09765625 0.12890625
0 0.8427734375 0.162109375 0.078125 0.0673828125
0 0.8388671875 0.361328125 0.0654296875 0.0654296875
0 1.0 0.1435546875 0.0810546875 0.0576171875
0 1.0 0.59765625 0.0703125 0.080078125
0 0.8896484375 0.5849609375 0.0810546875 0.0732421875
0 0.8623046875 0.6298828125 0.1328125 0.0693359375
0 0.75390625 0.6748046875 0.0732421875 0.0546875
0 0.810546875 0.708984375 0.06640625 0.064453125
0 0.9423828125 0.8125 0.0888671875 0.0654296875
0 0.9697265625 0.859375 0.072265625 0.0625
0 0.9052734375 1.0 0.068359375 0.0712890625
0 0.865234375 0.21875 0.0869140625 0.072265625
0 0.67578125 0.509765625 0.068359375 0.0703125
0 0.830078125 0.3330078125 0.1005859375 0.0810546875
0 0.7841796875 0.771484375 0.0625 0.0673828125
0 0.42578125 0.6806640625 0.0751953125 0.0537109375
0 0.65234375 0.4736328125 0.0712890625 0.111328125
0 1.0 0.978515625 0.021484375 0.0595703125
