0 1.0 0.7216796875 0.044921875 0.0517578125
0 0.97265625 0.923828125 0.076171875 0.0771484375
0 0.9521484375 0.6416015625 0.0771484375 0.08984375
0 0.921875 0.76953125 0.080078125 0.1298828125
0 0.9970703125 0.38671875 0.115234375 0.1318359375
0 0.8447265625 0.3017578125 0.0556640625 0.1337890625
0 0.919921875 0.1572265625 0.0654296875 0.1474609375
0 1.0 0.5166015625 0.064453125 0.064453125
0 0.181640625 0.32421875 0.068359375 0.0927734375
0 0.2021484375 0.1923828125 0.0634765625 0.0556640625
0 0.1884765625 0.544921875 0.0751953125 0.060546875
0 0.8369140625 0.064453125 0.03515625 0.0625
0 0.109375 0.6953125 0.072265625 0.064453125
