0 0.330078125 0.23046875 0.0869140625 0.0888671875
0 0.431640625 0.109375 0.09375 0.0888671875
0 0.115234375 0.220703125 0.11328125 0.1005859375
0 0.20703125 0.2919921875 0.1015625 0.0791015625
0 0.1923828125 0.4052734375 0.1318359375 0.0771484375
0 0.5205078125 0.4130859375 0.0869140625 0.0908203125
0 0.6337890625 0.4208984375 0.0654296875 0.0693359375
0 0.8359375 0.3154296875 0.11328125 0.158203125
0 0.9248046875 0.4267578125 0.0966796875 0.16015625
0 1.0 0.0380859375 0.04296875 0.0380859375
0 1.0 0.4169921875 0.013671875 0.0927734375
0 0.962890625 0.5087890625 0.0791015625 0.080078125
0 0.8671875 0.58984375 0.0869140625 0.0859375
0 0.7587890625 0.5703125 0.111328125 0.08984375
0 0.5419921875 0.5341796875 0.0869140625 0.0888671875
0 0.21875 0.6015625 0.0693359375 0.1015625
0 0.087890625 0.7822265625 0.0859375 0.091796875
0 0.1953125 0.849609375 0.083984375 0.09765625
0 0.36328125 0.69921875 0.0869140625 0.083984375
0 0.59375 0.853515625 0.0986328125 0.0732421875
0 0.484375 0.990234375 0.0537109375 0.0517578125
0 0.740234375 0.9755859375 0.1123046875 0.0966796875
0 0.845703125 0.9013671875 0.0869140625 0.0634765625
0 0.857421875 0.830078125 0.0830078125 0.0869140625
0 0.943359375 0.82421875 0.078125 0.0810546875
0 1.0 0.966796875 0.025390625 0.0791015625
0 0.982421875 0.9765625 0.0615234375 0.0732421875
0 0.8994140625 0.9765625 0.0712890625 0.0673828125
0 0.654296875 0.7470703125 0.1044921875 0.13671875
0 0.0419921875 0.337890625 0.0419921875 0.072265625
0 0.2275390625 0.0322265625 0.0673828125 0.0322265625
0 0.365234375 0.6103515625 0.15625 0.09765625
0 0.2802734375 0.7255859375 0.08984375 0.0693359375
0 0.6484375 0.9677734375 0.08203125 0.1044921875
