0 0.8720703125 0.09765625 0.123046875 0.0771484375
0 0.251953125 0.787109375 0.1396484375 0.0947265625
0 0.2373046875 0.5419921875 0.16015625 0.087890625
0 0.197265625 0.931640625 0.134765625 0.091796875
0 0.875 0.546875 0.125 0.107421875
0 0.939453125 0.796875 0.1474609375 0.1376953125
0 0.734375 0.76171875 0.126953125 0.0693359375
0 0.171875 0.9716796875 0.1298828125 0.0576171875
0 0.15234375 0.484375 0.1025390625 0.080078125
0 0.8544921875 0.884765625 0.1279296875 0.1025390625
0 0.3671875 0.83984375 0.1201171875 0.1025390625
0 0.1162109375 0.818359375 0.109375 0.0576171875
0 0.1083984375 0.0947265625 0.09765625 0.08203125
0 0.6767578125 0.8896484375 0.064453125 0.0625
0 0.744140625 0.181640625 0.072265625 0.0673828125
0 0.537109375 0.716796875 0.0771484375 0.099609375
0 0.8916015625 0.2919921875 0.1875 0.115234375
0 0.0849609375 0.166015625 0.078125 0.0595703125
0 0.697265625 0.5146484375 0.0556640625 0.0654296875
0 0.748046875 1.0 0.1005859375 0.0771484375
0 0.4697265625 1.0 0.185546875 0.0908203125
0 0.857421875 0.654296875 0.150390625 0.0751953125
0 0.76171875 0.564453125 0.0625 0.0478515625
0 0.9873046875 0.9970703125 0.10546875 0.0673828125
0 0.7373046875 0.6923828125 0.1103515625 0.0556640625
0 0.0380859375 0.1376953125 0.0380859375 0.05078125
0 0.669921875 0.98828125 0.1884765625 0.0546875
