0 0.9775390625 0.9140625 0.080078125 0.08984375
0 0.98828125 0.2880859375 0.12109375 0.109375
0 0.8798828125 0.2998046875 0.0693359375 0.109375
0 0.8564453125 0.2119140625 0.09375 0.166015625
0 0.755859375 0.2373046875 0.1630859375 0.1162109375
0 0.6455078125 0.365234375 0.0751953125 0.099609375
0 0.482421875 0.23046875 0.142578125 0.099609375
0 0.458984375 0.3837890625 0.177734375 0.205078125
0 0.55859375 0.466796875 0.056640625 0.095703125
0 0.642578125 0.5751953125 0.125 0.09765625
0 0.55078125 0.5947265625 0.125 0.0576171875
0 0.5166015625 0.673828125 0.083984375 0.0947265625
0 0.447265625 0.6845703125 0.072265625 0.103515625
0 0.640625 0.7578125 0.1337890625 0.10546875
0 0.818359375 0.7109375 0.1064453125 0.1044921875
0 0.873046875 0.78515625 0.06640625 0.091796875
0 1.0 0.8203125 0.083984375 0.0751953125
0 0.76171875 0.916015625 0.1123046875 0.076171875
0 0.703125 1.0 0.1494140625 0.072265625
0 0.5625 0.9873046875 0.12890625 0.072265625
0 0.4814453125 1.0 0.080078125 0.0576171875
0 0.3544921875 0.8837890625 0.087890625 0.08203125
0 0.2333984375 0.744140625 0.0927734375 0.17578125
0 0.2841796875 0.7802734375 0.076171875 0.05078125
0 0.0830078125 0.8759765625 0.0537109375 0.0478515625
0 0.0751953125 0.9990234375 0.0712890625 0.0458984375
0 1.0 0.67578125 0.0322265625 0.080078125
0 0.978515625 0.62109375 0.0849609375 0.064453125
0 0.8857421875 0.453125 0.1162109375 0.0712890625
0 0.7578125 0.5224609375 0.09375 0.052734375
0 0.81640625 0.5947265625 0.1533203125 0.1162109375
0 0.966796875 0.1240234375 0.0556640625 0.1240234375
0 0.9423828125 0.177734375 0.056640625 0.09765625
0 0.9033203125 0.0986328125 0.0595703125 0.0986328125
0 0.24609375 0.1611328125 0.0634765625 0.099609375
0 0.123046875 0.177734375 0.0712890625 0.0751953125
0 0.1171875 0.3173828125 0.060546875 0.1142578125
0 0.083984375 0.3291015625 0.083984375 0.1474609375
0 0.224609375 0.4267578125 0.1484375 0.0771484375
0 0.2080078125 0.5146484375 0.11328125 0.107421875
0 0.12109375 0.626953125 0.12109375 0.068359375
0 0.0654296875 0.5322265625 0.0654296875 0.095703125
0 0.12109375 0.5078125 0.08203125 0.0517578125
0 0.31640625 0.369140625 0.083984375 0.0400390625
0 0.35546875 0.6591796875 0.169921875 0.0791015625
0 0.2451171875 0.103515625 0.0576171875 0.103515625
0 0.2451171875 0.35546875 0.0615234375 0.037109375
0 0.2705078125 0.7685546875 0.0693359375 0.0390625
0 0.1943359375 0.8173828125 0.078125 0.0361328125
0 0.615234375 0.2900390625 0.05078125 0.041015625
0 0.7646484375 0.107421875 0.0302734375 0.060546875
0 0.7626953125 0.2138671875 0.0810546875 0.05078125
0 0.6630859375 0.5087890625 0.0390625 0.099609375
