0 0.19140625 0.2841796875 0.0859375 0.22265625
0 0.1103515625 0.4326171875 0.1103515625 0.140625
0 0.2138671875 0.4697265625 0.1181640625 0.111328125
0 0.275390625 0.4658203125 0.068359375 0.1328125
0 0.1162109375 0.572265625 0.1162109375 0.1435546875
0 0.3828125 0.4580078125 0.1435546875 0.0751953125
0 0.609375 0.4873046875 0.068359375 0.11328125
0 0.73828125 0.3369140625 0.1162109375 0.1845703125
0 0.7158203125 0.431640625 0.115234375 0.078125
0 0.529296875 0.626953125 0.087890625 0.103515625
0 0.3779296875 0.71484375 0.076171875 0.0986328125
0 0.1484375 0.685546875 0.1484375 0.083984375
0 0.091796875 0.765625 0.0908203125 0.0927734375
0 0.0849609375 0.80078125 0.0849609375 0.0498046875
0 0.3193359375 0.7841796875 0.1142578125 0.0595703125
0 0.51953125 0.8408203125 0.0830078125 0.1455078125
0 0.5732421875 0.7490234375 0.068359375 0.0712890625
0 0.6396484375 0.6513671875 0.0625 0.0732421875
0 0.173828125 0.951171875 0.08203125 0.1103515625
0 0.3203125 1.0 0.083984375 0.05859375
0 0.853515625 0.97265625 0.0341796875 0.0380859375
0 0.537109375 1.0 0.0830078125 0.046875
0 0.6083984375 0.93359375 0.072265625 0.0712890625
0 0.79296875 0.939453125 0.0810546875 0.080078125
0 0.7548828125 0.88671875 0.078125 0.0693359375
0 0.9833984375 0.8408203125 0.0654296875 0.140625
0 1.0 0.7724609375 0.03515625 0.1171875
0 0.8037109375 0.494140625 0.0537109375 0.109375
0 0.74609375 0.4658203125 0.0576171875 0.056640625
0 0.9404296875 0.482421875 0.119140625 0.130859375
0 0.7919921875 0.6162109375 0.0712890625 0.0654296875
0 0.6435546875 0.8232421875 0.068359375 0.056640625
0 0.384765625 0.4150390625 0.056640625 0.0625
0 0.9765625 0.9990234375 0.0400390625 0.0517578125
0 0.8330078125 0.9599609375 0.0380859375 0.0419921875
0 0.4365234375 0.7216796875 0.033203125 0.0380859375
0 0.416015625 0.7236328125 0.0439453125 0.044921875
0 0.271484375 0.7431640625 0.0771484375 0.0634765625
0 0.1982421875 0.923828125 0.05078125 0.046875
0 0.224609375 1.0 0.0361328125 0.0283203125
0 0.447265625 0.5146484375 0.1005859375 0.0791015625
0 0.3408203125 0.646484375 0.0537109375 0.0419921875
0 0.4326171875 0.556640625 0.1337890625 0.1611328125
0 0.611328125 0.5048828125 0.0546875 0.04296875
