0 0.5712890625 0.9765625 0.091796875 0.029296875
0 0.736328125 0.8232421875 0.091796875 0.0576171875
0 0.5205078125 0.087890625 0.109375 0.087890625
0 0.6552734375 0.2431640625 0.07421875 0.0556640625
0 0.0966796875 0.9091796875 0.0966796875 0.080078125
0 0.552734375 0.1669921875 0.09765625 0.0751953125
0 0.623046875 0.130859375 0.09765625 0.080078125
0 0.6689453125 0.19921875 0.083984375 0.1064453125
0 0.5771484375 1.0 0.0927734375 0.037109375
0 0.0908203125 0.1884765625 0.0908203125 0.0556640625
0 0.51171875 0.4404296875 0.0849609375 0.064453125
0 0.857421875 0.2119140625 0.0703125 0.0869140625
0 0.2158203125 0.5107421875 0.1455078125 0.150390625
0 0.75390625 0.6318359375 0.0810546875 0.0986328125
0 0.83203125 0.0771484375 0.0693359375 0.0771484375
0 0.9111328125 0.345703125 0.0703125 0.09375
0 0.7919921875 0.890625 0.103515625 0.06640625
0 0.583984375 0.3017578125 0.0966796875 0.0771484375
0 0.779296875 0.3017578125 0.1298828125 0.052734375
0 0.3515625 0.177734375 0.07421875 0.072265625
0 0.76171875 0.064453125 0.0810546875 0.064453125
0 0.669921875 0.4951171875 0.0869140625 0.0703125
0 0.7158203125 0.94921875 0.056640625 0.05859375
0 0.814453125 0.53125 0.0810546875 0.078125
0 1.0 0.876953125 0.0625 0.078125
0 0.439453125 1.0 0.123046875 0.037109375
0 0.4912109375 0.369140625 0.1328125 0.0673828125
0 0.810546875 0.255859375 0.08984375 0.0546875
0 0.951171875 0.892578125 0.07421875 0.0927734375
0 0.3076171875 0.0400390625 0.1171875 0.0400390625
0 0.94140625 0.40625 0.0576171875 0.1064453125
0 0.4990234375 0.6611328125 0.1005859375 0.072265625
0 0.6513671875 0.5859375 0.1025390625 0.0712890625
0 0.5009765625 0.51171875 0.103515625 0.0654296875
0 0.572265625 0.9453125 0.134765625 0.07421875
0 0.3603515625 0.6953125 0.1435546875 0.0771484375
0 0.572265625 0.8642578125 0.1416015625 0.0849609375
0 0.6455078125 0.9736328125 0.060546875 0.0615234375
0 0.765625 0.82421875 0.0576171875 0.06640625
0 0.55078125 0.400390625 0.0673828125 0.064453125
0 0.046875 0.81640625 0.0458984375 0.0537109375
0 0.0712890625 0.1396484375 0.0625 0.0595703125
0 0.166015625 0.0908203125 0.0869140625 0.0791015625
0 0.1064453125 0.0751953125 0.1064453125 0.0625
0 0.5517578125 0.04296875 0.064453125 0.04296875
0 0.05859375 0.306640625 0.05859375 0.0595703125
