0 0.7392578125 0.1845703125 0.0498046875 0.107421875
0 0.732421875 0.994140625 0.0703125 0.126953125
0 0.2822265625 0.77734375 0.087890625 0.0751953125
0 0.4296875 0.341796875 0.1025390625 0.1201171875
0 0.21484375 0.2666015625 0.095703125 0.0673828125
0 0.1474609375 0.51171875 0.11328125 0.08203125
0 1.0 0.341796875 0.0927734375 0.125
0 0.1572265625 0.3818359375 0.140625 0.0849609375
0 0.3974609375 0.734375 0.140625 0.14453125
0 0.6298828125 0.71875 0.1220703125 0.1376953125
0 0.654296875 0.9892578125 0.0654296875 0.115234375
0 0.072265625 0.27734375 0.0703125 0.0751953125
0 0.94921875 0.53515625 0.0732421875 0.064453125
0 0.197265625 0.6943359375 0.095703125 0.080078125
0 0.109375 0.8173828125 0.107421875 0.060546875
0 0.6923828125 0.1923828125 0.078125 0.0830078125
