0 0.4345703125 0.224609375 0.087890625 0.0703125
0 0.814453125 0.0625 0.099609375 0.0625
0 0.421875 0.1171875 0.0625 0.0751953125
0 0.8349609375 0.4697265625 0.0625 0.087890625
0 0.7265625 0.5673828125 0.072265625 0.060546875
0 0.5849609375 0.38671875 0.0849609375 0.046875
0 0.197265625 0.484375 0.0654296875 0.115234375
0 0.759765625 0.724609375 0.0703125 0.060546875
0 0.779296875 0.26953125 0.0576171875 0.1025390625
0 0.232421875 0.869140625 0.060546875 0.1396484375
0 0.6923828125 0.0341796875 0.080078125 0.0341796875
0 0.9248046875 0.27734375 0.0498046875 0.140625
0 1.0 0.154296875 0.0458984375 0.072265625
0 0.6845703125 0.4169921875 0.0625 0.0576171875
0 0.25 0.1220703125 0.0703125 0.1220703125
0 0.966796875 0.3974609375 0.0849609375 0.115234375
0 0.1591796875 0.7841796875 0.0966796875 0.0576171875
0 0.40234375 0.9091796875 0.080078125 0.1025390625
0 1.0 0.439453125 0.04296875 0.0625
0 0.69921875 0.904296875 0.1201171875 0.0693359375
0 1.0 0.658203125 0.03125 0.115234375
0 0.64453125 0.474609375 0.0654296875 0.0478515625
0 0.6640625 0.794921875 0.0693359375 0.1181640625
0 0.607421875 0.6474609375 0.0732421875 0.068359375
0 0.3193359375 0.529296875 0.0673828125 0.0498046875
0 0.419921875 0.02734375 0.0576171875 0.02734375
0 0.4140625 0.6943359375 0.056640625 0.0927734375
0 0.8623046875 0.779296875 0.0673828125 0.080078125
0 0.1591796875 0.3720703125 0.134765625 0.0546875
0 0.603515625 1.0 0.078125 0.15234375
0 0.4765625 0.9873046875 0.064453125 0.1357421875
0 0.556640625 0.0947265625 0.0625 0.0400390625
0 0.322265625 0.1123046875 0.0498046875 0.0556640625
0 0.4345703125 0.341796875 0.072265625 0.125
0 0.447265625 0.857421875 0.0498046875 0.1025390625
0 0.8623046875 0.65234375 0.0556640625 0.0625
0 0.2197265625 0.544921875 0.060546875 0.0576171875
0 1.0 0.232421875 0.0029296875 0.0625
0 0.8447265625 0.9853515625 0.064453125 0.18359375
0 0.1171875 0.912109375 0.0546875 0.080078125
0 0.4072265625 0.994140625 0.078125 0.0693359375
0 0.7900390625 1.0 0.0693359375 0.1796875
0 0.107421875 0.58203125 0.0654296875 0.0849609375
0 0.26953125 0.279296875 0.0625 0.0947265625
0 1.0 0.7958984375 0.060546875 0.076171875
0 0.6171875 0.2568359375 0.0830078125 0.115234375
0 0.1123046875 0.1015625 0.107421875 0.0625
0 0.3271484375 0.9267578125 0.0576171875 0.14453125
0 0.4248046875 0.38671875 0.052734375 0.0498046875
0 0.14453125 0.3173828125 0.08984375 0.0625
0 0.7294921875 0.279296875 0.0546875 0.052734375
0 0.6767578125 0.2216796875 0.0693359375 0.064453125
0 0.1669921875 0.7216796875 0.0703125 0.0869140625
0 0.1142578125 0.1318359375 0.1123046875 0.052734375
0 1.0 0.8818359375 0.03515625 0.0673828125
0 0.1845703125 0.931640625 0.0625 0.1142578125
0 0.3623046875 0.83203125 0.0654296875 0.09765625
0 0.6923828125 0.9697265625 0.0556640625 0.078125
0 0.234375 0.984375 0.0849609375 0.08203125
0 0.5166015625 0.537109375 0.07421875 0.04296875
0 0.556640625 0.322265625 0.056640625 0.0703125
0 0.119140625 0.3291015625 0.1142578125 0.056640625
0 0.2197265625 0.6416015625 0.0576171875 0.0517578125
0 0.8818359375 0.091796875 0.064453125 0.0595703125
0 0.0947265625 0.26171875 0.0927734375 0.0947265625
0 0.2744140625 0.2841796875 0.111328125 0.1923828125
0 0.537109375 0.5 0.107421875 0.123046875
0 0.1171875 0.9873046875 0.0947265625 0.078125
0 0.89453125 0.8271484375 0.0751953125 0.0771484375
0 0.1708984375 0.0966796875 0.037109375 0.052734375
0 0.1572265625 0.6474609375 0.1005859375 0.09765625
0 0.8974609375 0.919921875 0.0654296875 0.1279296875
0 0.189453125 0.197265625 0.0625 0.052734375
0 0.939453125 0.2470703125 0.087890625 0.0751953125
0 0.5419921875 0.482421875 0.072265625 0.09765625
0 0.0576171875 0.546875 0.0576171875 0.0556640625
0 0.0517578125 0.716796875 0.0498046875 0.091796875
0 0.0849609375 0.69921875 0.0703125 0.091796875
0 0.5546875 0.716796875 0.044921875 0.09765625
0 0.5166015625 0.744140625 0.0546875 0.099609375
0 0.912109375 0.4892578125 0.0400390625 0.0751953125
0 0.953125 0.482421875 0.0390625 0.0546875
0 0.0595703125 0.9765625 0.0595703125 0.0546875
0 0.2041015625 1.0 0.1171875 0.05078125
0 0.154296875 0.8515625 0.0869140625 0.0693359375
0 0.5146484375 0.9970703125 0.0625 0.1376953125
0 0.734375 0.9873046875 0.0419921875 0.087890625
