0 0.3349609375 0.919921875 0.1552734375 0.1103515625
0 0.654296875 0.3798828125 0.154296875 0.080078125
0 0.2041015625 0.244140625 0.0869140625 0.072265625
0 0.2373046875 0.724609375 0.0673828125 0.0927734375
0 0.9580078125 0.912109375 0.0771484375 0.07421875
0 0.279296875 0.5068359375 0.080078125 0.1796875
0 0.95703125 0.599609375 0.0595703125 0.125
0 0.7607421875 0.529296875 0.1123046875 0.068359375
0 0.6689453125 0.28125 0.107421875 0.0546875
0 0.88671875 0.1845703125 0.0947265625 0.0625
0 0.751953125 0.724609375 0.2021484375 0.1552734375
0 0.556640625 0.546875 0.064453125 0.080078125
0 1.0 0.009765625 0.10546875 0.009765625
0 0.1640625 0.8291015625 0.099609375 0.08984375
0 0.849609375 0.484375 0.142578125 0.224609375
0 0.3974609375 0.51171875 0.1103515625 0.109375
0 0.4619140625 0.625 0.1201171875 0.0830078125
0 0.1630859375 0.0537109375 0.0625 0.0537109375
0 0.869140625 0.787109375 0.08984375 0.0703125
0 1.0 0.0849609375 0.1240234375 0.0849609375
0 0.9541015625 1.0 0.0869140625 0.0791015625
0 0.3974609375 0.275390625 0.1181640625 0.1298828125
0 0.12109375 0.173828125 0.064453125 0.08984375
0 0.58203125 0.4443359375 0.0654296875 0.064453125
0 0.4892578125 0.982421875 0.1796875 0.1474609375
0 0.537109375 0.2998046875 0.0703125 0.078125
0 0.3076171875 0.2890625 0.083984375 0.1015625
0 1.0 0.77734375 0.11328125 0.087890625
0 0.4599609375 0.5595703125 0.09765625 0.0703125
0 0.7822265625 0.912109375 0.115234375 0.1552734375
0 0.759765625 0.3046875 0.078125 0.0576171875
0 0.474609375 0.8017578125 0.09765625 0.1376953125
0 0.619140625 0.7216796875 0.0947265625 0.0693359375
0 0.134765625 0.294921875 0.0849609375 0.078125
0 0.912109375 0.359375 0.0751953125 0.052734375
0 0.9892578125 0.349609375 0.091796875 0.0830078125
0 0.109375 0.7021484375 0.107421875 0.169921875
0 0.5048828125 0.7021484375 0.0556640625 0.0654296875
0 0.70703125 0.9130859375 0.0771484375 0.0830078125
0 0.939453125 0.8125 0.064453125 0.1025390625
0 0.859375 0.671875 0.0869140625 0.08203125
0 0.7265625 1.0 0.0595703125 0.060546875
0 0.8798828125 1.0 0.05078125 0.05078125
0 0.3291015625 0.1669921875 0.0693359375 0.0498046875
