0 0.1435546875 0.68359375 0.0673828125 0.060546875
0 0.1982421875 0.6552734375 0.0576171875 0.0751953125
0 0.2998046875 0.625 0.0625 0.08203125
0 0.23828125 0.6650390625 0.0419921875 0.0615234375
0 0.3037109375 0.6748046875 0.0654296875 0.0498046875
0 0.3134765625 0.7509765625 0.0712890625 0.0849609375
0 0.25 0.7900390625 0.0546875 0.0791015625
0 0.248046875 0.85546875 0.08203125 0.0615234375
0 0.11328125 0.8857421875 0.0595703125 0.05859375
0 0.1298828125 0.0771484375 0.0888671875 0.0703125
0 0.18359375 0.0576171875 0.046875 0.0576171875
0 0.349609375 0.076171875 0.064453125 0.076171875
0 0.21875 0.2275390625 0.0703125 0.0673828125
0 0.58984375 0.1298828125 0.0498046875 0.0712890625
0 0.6484375 0.224609375 0.0830078125 0.111328125
0 0.4912109375 0.33984375 0.072265625 0.0751953125
0 0.40234375 0.3310546875 0.0517578125 0.0498046875
0 0.7421875 0.3642578125 0.138671875 0.080078125
0 0.8671875 0.2177734375 0.076171875 0.0810546875
0 0.7900390625 0.16015625 0.0556640625 0.0771484375
0 0.9052734375 0.119140625 0.0556640625 0.0986328125
0 0.9912109375 0.0576171875 0.05078125 0.0576171875
0 1.0 0.19140625 0.0390625 0.0751953125
0 0.9638671875 0.37890625 0.0576171875 0.08203125
0 0.8037109375 0.708984375 0.1201171875 0.111328125
0 1.0 0.5888671875 0.05078125 0.0615234375
0 0.619140625 0.9287109375 0.068359375 0.068359375
0 0.978515625 1.0 0.109375 0.0537109375
0 0.4462890625 0.716796875 0.125 0.1572265625
0 0.37890625 0.8271484375 0.09375 0.09765625
