0 0.1396484375 0.2275390625 0.083984375 0.087890625
0 0.9365234375 0.5380859375 0.07421875 0.095703125
0 1.0 0.205078125 0.037109375 0.068359375
0 1.0 0.5927734375 0.025390625 0.068359375
0 0.4462890625 0.1728515625 0.0810546875 0.0595703125
0 0.8671875 0.982421875 0.1005859375 0.072265625
0 0.6533203125 0.9853515625 0.109375 0.0634765625
0 0.80078125 0.1201171875 0.0830078125 0.0732421875
0 0.7177734375 0.1162109375 0.1376953125 0.0673828125
0 0.2421875 0.6953125 0.080078125 0.072265625
0 0.544921875 0.9970703125 0.134765625 0.060546875
0 0.30859375 0.3125 0.0791015625 0.068359375
0 0.7529296875 0.2265625 0.0830078125 0.0439453125
0 0.4345703125 0.3994140625 0.1201171875 0.041015625
0 0.6474609375 0.5771484375 0.0732421875 0.0693359375
0 0.703125 0.455078125 0.048828125 0.0634765625
0 0.2470703125 0.873046875 0.208984375 0.080078125
0 0.603515625 0.873046875 0.1806640625 0.0712890625
0 0.80859375 0.7666015625 0.171875 0.0615234375
0 0.12109375 0.974609375 0.12109375 0.0517578125
0 0.296875 0.443359375 0.1142578125 0.0517578125
0 0.4033203125 0.5048828125 0.0556640625 0.087890625
0 0.7412109375 0.671875 0.08203125 0.05859375
0 0.2021484375 0.0673828125 0.1328125 0.0673828125
0 0.3466796875 0.4169921875 0.1181640625 0.0546875
0 0.8857421875 0.0595703125 0.0517578125 0.0361328125
0 0.10546875 0.46484375 0.1044921875 0.0751953125
0 0.1630859375 0.1123046875 0.1376953125 0.0498046875
0 0.328125 0.9892578125 0.158203125 0.19921875
0 0.583984375 0.2978515625 0.0966796875 0.060546875
0 0.173828125 0.7900390625 0.0712890625 0.0546875
0 0.8251953125 0.4052734375 0.1484375 0.068359375
0 0.94140625 0.662109375 0.0478515625 0.0927734375
0 0.298828125 0.5625 0.107421875 0.072265625
0 0.50390625 0.4619140625 0.0439453125 0.05859375
0 0.64453125 0.4111328125 0.1005859375 0.0849609375
0 0.126953125 0.9990234375 0.099609375 0.029296875
0 0.8828125 0.2900390625 0.068359375 0.041015625
0 0.4208984375 0.9814453125 0.13671875 0.056640625
0 0.69140625 0.6630859375 0.0615234375 0.07421875
0 0.208984375 0.3701171875 0.107421875 0.0556640625
0 0.7236328125 0.4912109375 0.1669921875 0.0625
0 0.6904296875 0.4580078125 0.052734375 0.05859375
0 0.060546875 0.5166015625 0.060546875 0.0810546875
0 0.5146484375 0.06640625 0.0673828125 0.05078125
0 0.9580078125 0.2001953125 0.044921875 0.0703125
0 0.1572265625 0.30859375 0.046875 0.0771484375
0 0.2099609375 0.822265625 0.0625 0.0869140625
0 0.9013671875 0.3818359375 0.12890625 0.0732421875
0 0.3515625 0.25 0.078125 0.044921875
0 0.5966796875 0.896484375 0.0576171875 0.0234375
0 0.5576171875 0.380859375 0.083984375 0.041015625
0 0.07421875 0.0810546875 0.068359375 0.0400390625
0 0.2548828125 0.4052734375 0.107421875 0.044921875
0 0.666015625 0.603515625 0.0703125 0.037109375
0 0.4248046875 0.623046875 0.068359375 0.0322265625
0 0.162109375 0.7080078125 0.0546875 0.0615234375
0 0.9970703125 0.9990234375 0.060546875 0.0302734375
0 0.6162109375 0.123046875 0.2275390625 0.0927734375
0 0.359375 0.0400390625 0.0908203125 0.0400390625
0 0.4365234375 0.6142578125 0.0810546875 0.046875
0 0.958984375 1.0 0.09765625 0.0419921875
0 0.08984375 0.5732421875 0.08984375 0.048828125
0 0.0966796875 0.751953125 0.0966796875 0.07421875
0 0.3310546875 0.4892578125 0.0517578125 0.03125
0 0.482421875 0.69921875 0.1630859375 0.052734375
0 0.322265625 0.1474609375 0.1474609375 0.0986328125
0 0.9990234375 0.6416015625 0.0712890625 0.05859375
0 0.2138671875 0.6220703125 0.1806640625 0.0751953125
0 0.2958984375 0.478515625 0.0927734375 0.044921875
0 1.0 0.1689453125 0.193359375 0.0810546875
0 0.19140625 0.7421875 0.0556640625 0.0341796875
0 0.9609375 0.67578125 0.0390625 0.0859375
0 0.87890625 0.3818359375 0.095703125 0.1083984375
0 0.310546875 0.353515625 0.19140625 0.0556640625
