0 0.96484375 0.6162109375 0.0537109375 0.0859375
0 0.5419921875 0.232421875 0.06640625 0.07421875
0 0.666015625 0.2021484375 0.0810546875 0.0888671875
0 0.5771484375 0.5771484375 0.15234375 0.060546875
0 0.537109375 0.87109375 0.0908203125 0.064453125
0 0.345703125 0.4091796875 0.119140625 0.0615234375
0 0.4794921875 0.5810546875 0.1435546875 0.0517578125
0 0.0908203125 0.373046875 0.0908203125 0.0498046875
0 0.98046875 0.1923828125 0.06640625 0.064453125
0 0.880859375 0.0673828125 0.099609375 0.0478515625
0 0.7490234375 0.5654296875 0.0849609375 0.05859375
0 0.90625 0.2861328125 0.072265625 0.06640625
0 0.154296875 0.31640625 0.095703125 0.048828125
0 0.3720703125 0.5205078125 0.1083984375 0.044921875
0 0.2470703125 0.0537109375 0.0986328125 0.0419921875
0 0.501953125 0.296875 0.08203125 0.044921875
0 1.0 0.5576171875 0.0458984375 0.0673828125
0 0.7216796875 0.607421875 0.076171875 0.0517578125
0 0.5791015625 0.5205078125 0.1044921875 0.0634765625
0 0.640625 0.5107421875 0.0791015625 0.0849609375
0 0.50390625 0.0419921875 0.080078125 0.0380859375
0 0.6025390625 0.19921875 0.0830078125 0.0439453125
0 0.9384765625 0.9072265625 0.0625 0.0634765625
0 0.31640625 0.1806640625 0.1396484375 0.11328125
0 0.259765625 0.5517578125 0.060546875 0.0771484375
0 0.4638671875 0.212890625 0.1298828125 0.083984375
0 0.974609375 0.2900390625 0.07421875 0.0615234375
0 1.0 0.63671875 0.03515625 0.0556640625
0 0.431640625 0.642578125 0.09375 0.0302734375
0 0.2578125 1.0 0.0400390625 0.0576171875
0 0.73828125 0.716796875 0.0615234375 0.033203125
0 0.6015625 0.5634765625 0.0810546875 0.0625
0 0.2021484375 0.2763671875 0.064453125 0.03515625
0 0.3134765625 0.2119140625 0.1103515625 0.064453125
0 0.5888671875 0.6298828125 0.078125 0.04296875
0 0.9462890625 0.83984375 0.0986328125 0.0419921875
0 0.1357421875 0.083984375 0.056640625 0.04296875
0 1.0 0.5859375 0.1015625 0.0546875
0 0.7919921875 0.5947265625 0.0693359375 0.041015625
0 0.787109375 0.2998046875 0.048828125 0.0498046875
0 0.140625 0.5732421875 0.1025390625 0.0888671875
0 0.13671875 0.66796875 0.126953125 0.052734375
0 0.66796875 0.662109375 0.0615234375 0.0537109375
0 0.802734375 0.517578125 0.07421875 0.123046875
0 0.27734375 0.3251953125 0.080078125 0.0380859375
0 0.7529296875 0.7685546875 0.0771484375 0.0390625
0 0.529296875 0.943359375 0.0927734375 0.0380859375
0 0.2265625 0.9951171875 0.0703125 0.0390625
0 0.384765625 0.02734375 0.037109375 0.02734375
0 0.7080078125 0.521484375 0.05078125 0.0927734375
0 0.4609375 0.333984375 0.1513671875 0.0595703125
0 0.1796875 0.607421875 0.150390625 0.0400390625
0 0.154296875 0.9990234375 0.0849609375 0.03125
0 0.1953125 0.5615234375 0.0869140625 0.0498046875
0 0.7998046875 0.962890625 0.1142578125 0.04296875
0 0.318359375 0.3623046875 0.0498046875 0.021484375
0 0.2353515625 0.591796875 0.0771484375 0.0361328125
0 0.0751953125 0.3046875 0.0654296875 0.06640625
0 0.9833984375 1.0 0.07421875 0.0224609375
0 0.3642578125 0.5771484375 0.0927734375 0.0439453125
0 0.0498046875 0.5458984375 0.0498046875 0.044921875
0 0.28515625 0.5166015625 0.0390625 0.0634765625
0 0.9833984375 0.9775390625 0.0986328125 0.0263671875
0 0.7724609375 0.69921875 0.080078125 0.056640625
0 0.4404296875 0.671875 0.06640625 0.056640625
0 0.3994140625 0.59375 0.0673828125 0.03125
0 0.455078125 0.5146484375 0.06640625 0.0537109375
0 0.9111328125 0.251953125 0.0537109375 0.0546875
0 0.4794921875 0.216796875 0.04296875 0.076171875
0 0.25 0.626953125 0.099609375 0.037109375
0 0.5888671875 0.9638671875 0.083984375 0.0517578125
0 0.947265625 0.939453125 0.0498046875 0.0400390625
0 0.9990234375 0.9609375 0.083984375 0.029296875
0 0.2216796875 0.5302734375 0.0458984375 0.03515625
0 0.974609375 0.0205078125 0.0673828125 0.0205078125
