0 0.068359375 0.0712890625 0.048828125 0.0712890625
0 0.1474609375 0.1123046875 0.06640625 0.0810546875
0 0.1201171875 0.2001953125 0.078125 0.078125
0 0.2412109375 0.2666015625 0.0625 0.1416015625
0 0.291015625 0.2490234375 0.0537109375 0.0654296875
0 0.1884765625 0.34375 0.078125 0.1318359375
0 0.181640625 0.3994140625 0.0712890625 0.072265625
0 0.1240234375 0.384765625 0.1005859375 0.1103515625
0 0.072265625 0.462890625 0.072265625 0.103515625
0 0.1220703125 0.611328125 0.06640625 0.0751953125
0 0.212890625 0.61328125 0.056640625 0.052734375
0 0.169921875 0.724609375 0.09375 0.060546875
0 0.3857421875 0.5166015625 0.07421875 0.0634765625
0 0.34765625 0.4599609375 0.0654296875 0.0712890625
0 0.4873046875 0.5908203125 0.083984375 0.0751953125
0 0.4873046875 0.5244140625 0.0693359375 0.0625
0 0.6123046875 0.4462890625 0.08984375 0.0634765625
0 0.6357421875 0.5478515625 0.0771484375 0.0654296875
0 0.751953125 0.533203125 0.0693359375 0.0654296875
0 0.744140625 0.6162109375 0.09375 0.0810546875
0 0.6845703125 0.6572265625 0.068359375 0.06640625
0 0.66015625 0.7236328125 0.0771484375 0.0732421875
0 0.6298828125 0.9111328125 0.0966796875 0.1064453125
0 0.5078125 0.912109375 0.087890625 0.064453125
0 0.4619140625 1.0 0.0634765625 0.05078125
0 0.2568359375 1.0 0.142578125 0.0849609375
0 0.76171875 0.966796875 0.0771484375 0.091796875
0 0.9169921875 0.900390625 0.060546875 0.0712890625
0 0.947265625 0.74609375 0.1015625 0.0791015625
0 0.95703125 0.8203125 0.0693359375 0.0888671875
0 1.0 0.7509765625 0.052734375 0.06640625
0 0.998046875 0.58984375 0.060546875 0.06640625
0 0.916015625 0.607421875 0.068359375 0.06640625
0 0.9482421875 0.5048828125 0.056640625 0.0693359375
0 1.0 0.5283203125 0.056640625 0.0634765625
0 0.8974609375 0.365234375 0.0732421875 0.0732421875
0 1.0 0.3095703125 0.0625 0.10546875
0 0.7138671875 0.232421875 0.087890625 0.052734375
0 0.51171875 0.234375 0.0751953125 0.0615234375
0 0.8720703125 0.173828125 0.060546875 0.0712890625
0 0.9306640625 0.0908203125 0.0693359375 0.0458984375
0 0.3291015625 0.111328125 0.06640625 0.0556640625
0 0.4052734375 0.10546875 0.0693359375 0.0576171875
0 0.5068359375 0.0849609375 0.0732421875 0.0625
0 0.5751953125 0.0625 0.0615234375 0.060546875
0 0.6787109375 0.052734375 0.0595703125 0.0517578125
0 0.3994140625 0.015625 0.0517578125 0.015625
0 0.3056640625 0.02734375 0.0703125 0.02734375
0 0.0791015625 0.708984375 0.0380859375 0.041015625
0 0.0751953125 0.9990234375 0.0390625 0.01953125
0 1.0 1.0 0.0419921875 0.0341796875
0 0.986328125 0.623046875 0.0615234375 0.056640625
0 0.17578125 0.544921875 0.046875 0.0458984375
0 0.9658203125 0.177734375 0.1083984375 0.0634765625
