0 0.0537109375 0.1279296875 0.0537109375 0.1025390625
0 0.140625 0.1865234375 0.0703125 0.0810546875
0 0.1044921875 0.587890625 0.09375 0.0849609375
0 0.2509765625 0.630859375 0.068359375 0.07421875
0 0.208984375 0.4462890625 0.0625 0.078125
0 0.2568359375 0.4072265625 0.0517578125 0.080078125
0 0.265625 0.9150390625 0.0849609375 0.1552734375
0 0.33984375 1.0 0.0888671875 0.06640625
0 0.6103515625 1.0 0.09765625 0.07421875
0 0.6845703125 0.9375 0.0771484375 0.0556640625
0 0.755859375 0.962890625 0.0693359375 0.06640625
0 0.8134765625 1.0 0.0673828125 0.0830078125
0 0.697265625 1.0 0.0693359375 0.0546875
0 0.94921875 0.99609375 0.107421875 0.1044921875
0 1.0 0.9189453125 0.078125 0.0712890625
0 0.8671875 0.796875 0.1015625 0.0771484375
0 0.68359375 0.7802734375 0.1650390625 0.154296875
0 0.4150390625 0.625 0.1171875 0.0947265625
0 0.32421875 0.455078125 0.05859375 0.0703125
0 0.341796875 0.3857421875 0.087890625 0.06640625
0 0.3359375 0.2998046875 0.083984375 0.064453125
0 0.390625 0.248046875 0.080078125 0.056640625
0 0.4794921875 0.32421875 0.0712890625 0.0634765625
0 0.419921875 0.197265625 0.099609375 0.0869140625
0 0.6748046875 0.2939453125 0.0703125 0.0673828125
0 0.7021484375 0.3388671875 0.0673828125 0.0693359375
0 0.658203125 0.462890625 0.154296875 0.091796875
0 0.67578125 0.5947265625 0.0703125 0.1015625
0 0.96875 0.671875 0.111328125 0.1357421875
0 1.0 0.6533203125 0.037109375 0.0625
0 0.80859375 0.419921875 0.0859375 0.08203125
0 0.896484375 0.44921875 0.107421875 0.0673828125
0 0.96875 0.5029296875 0.072265625 0.115234375
0 1.0 0.50390625 0.044921875 0.0498046875
0 0.9482421875 0.3408203125 0.0498046875 0.0869140625
0 0.99609375 0.396484375 0.0791015625 0.072265625
0 0.8271484375 0.30078125 0.1533203125 0.08984375
0 0.412109375 0.46875 0.076171875 0.0771484375
0 0.470703125 0.6103515625 0.0927734375 0.1201171875
