0 0.9765625 0.1591796875 0.0732421875 0.119140625
0 1.0 0.322265625 0.0693359375 0.1279296875
0 0.755859375 0.4267578125 0.0869140625 0.1396484375
0 0.9443359375 0.626953125 0.0693359375 0.09765625
0 0.8642578125 0.724609375 0.1044921875 0.16015625
0 0.884765625 0.3173828125 0.099609375 0.1298828125
0 0.9599609375 0.4375 0.080078125 0.1005859375
0 0.9189453125 0.56640625 0.1318359375 0.140625
0 0.8583984375 0.8876953125 0.0859375 0.0810546875
0 0.9697265625 0.8544921875 0.078125 0.0771484375
0 0.9794921875 0.5244140625 0.0947265625 0.0869140625
0 0.7998046875 0.3916015625 0.044921875 0.1123046875
0 0.9423828125 0.7041015625 0.0751953125 0.072265625
0 0.7998046875 0.9345703125 0.1025390625 0.107421875
