0 0.1328125 0.619140625 0.0869140625 0.0712890625
0 0.19921875 0.8701171875 0.1396484375 0.0888671875
0 0.7958984375 0.474609375 0.076171875 0.1181640625
0 0.0380859375 0.068359375 0.0380859375 0.068359375
0 1.0 0.072265625 0.1611328125 0.072265625
0 0.3955078125 0.599609375 0.0888671875 0.0517578125
0 0.97265625 0.6337890625 0.08203125 0.0634765625
0 1.0 0.2451171875 0.0537109375 0.0654296875
0 0.931640625 0.1875 0.0458984375 0.1123046875
0 0.0146484375 0.72265625 0.0146484375 0.0419921875
0 0.9541015625 0.5419921875 0.060546875 0.1416015625
0 0.2900390625 0.724609375 0.10546875 0.0361328125
0 0.8046875 0.5703125 0.076171875 0.0693359375
0 0.384765625 0.62890625 0.083984375 0.0556640625
0 0.80078125 0.78515625 0.05859375 0.10546875
0 0.994140625 0.9462890625 0.1025390625 0.046875
0 0.5517578125 0.7197265625 0.140625 0.0625
0 0.208984375 0.3251953125 0.0693359375 0.0400390625
0 0.5732421875 0.6259765625 0.166015625 0.0625
0 0.9833984375 0.2646484375 0.0947265625 0.05859375
0 0.640625 0.5732421875 0.0986328125 0.0400390625
0 0.1181640625 0.0224609375 0.0986328125 0.021484375
0 0.4755859375 0.6474609375 0.08984375 0.029296875
0 0.2470703125 0.5625 0.1025390625 0.029296875
0 0.224609375 0.2490234375 0.103515625 0.0625
0 1.0 0.2939453125 0.0546875 0.0341796875
0 0.150390625 0.447265625 0.087890625 0.0634765625
0 0.62890625 0.251953125 0.1201171875 0.103515625
0 0.75 0.9873046875 0.044921875 0.05859375
0 0.1533203125 0.4091796875 0.1337890625 0.072265625
0 0.7060546875 0.28125 0.052734375 0.068359375
0 0.18359375 0.0478515625 0.0439453125 0.0478515625
0 0.75 0.76171875 0.0615234375 0.052734375
0 0.3037109375 0.6474609375 0.0537109375 0.0283203125
0 0.95703125 0.89453125 0.0400390625 0.0673828125
0 0.5986328125 0.75 0.0595703125 0.0439453125
0 0.0517578125 0.927734375 0.0517578125 0.08203125
0 0.939453125 0.7255859375 0.1435546875 0.0673828125
0 0.3994140625 0.9951171875 0.0830078125 0.0546875
0 1.0 0.9970703125 0.0498046875 0.025390625
0 0.62890625 0.2578125 0.076171875 0.0439453125
0 0.6533203125 0.7138671875 0.0712890625 0.029296875
0 0.7861328125 0.0458984375 0.0537109375 0.03125
0 0.974609375 0.7333984375 0.0615234375 0.0908203125
0 0.587890625 0.9970703125 0.0712890625 0.0283203125
0 0.9580078125 0.89453125 0.0263671875 0.064453125
0 0.0771484375 0.5234375 0.068359375 0.0361328125
0 0.060546875 0.7529296875 0.060546875 0.0263671875
0 0.2666015625 0.25 0.0693359375 0.0517578125
0 0.318359375 0.5986328125 0.1259765625 0.0517578125
0 0.6197265625 0.3828125 0.10957031250000004 0.06103515625
0 0.0185546875 0.5537109375 0.0185546875 0.08984375
0 0.6005859375 0.1318359375 0.07421875 0.05859375
0 0.9111328125 0.66015625 0.21484375 0.05078125
0 1.0 0.7314453125 0.0595703125 0.041015625
0 0.7138671875 0.634765625 0.1396484375 0.1396484375
0 0.6064453125 0.8837890625 0.1767578125 0.091796875
0 0.7919921875 0.888671875 0.14453125 0.0732421875
0 0.2275390625 0.70703125 0.1005859375 0.05859375
0 0.130859375 0.48046875 0.1015625 0.0517578125
0 0.9736328125 0.5400390625 0.107421875 0.1103515625
0 1.0 0.6904296875 0.041015625 0.0390625
0 0.11328125 1.0 0.103515625 0.0244140625
0 0.9228515625 0.9697265625 0.0615234375 0.04296875
