0 0.0712890625 0.0693359375 0.056640625 0.0693359375
0 0.2763671875 0.1552734375 0.08984375 0.072265625
0 0.4814453125 0.1572265625 0.10546875 0.080078125
0 0.91796875 0.2255859375 0.0859375 0.099609375
0 1.0 0.251953125 0.087890625 0.078125
0 0.9931640625 0.3564453125 0.0556640625 0.0673828125
0 1.0 0.419921875 0.046875 0.0595703125
0 0.919921875 0.4443359375 0.0712890625 0.087890625
0 0.8984375 0.5458984375 0.0859375 0.1162109375
0 0.845703125 0.568359375 0.0859375 0.1083984375
0 1.0 0.568359375 0.0341796875 0.0634765625
0 0.70703125 0.53515625 0.0693359375 0.0693359375
0 0.6923828125 0.4091796875 0.0576171875 0.0419921875
0 0.5810546875 0.3720703125 0.107421875 0.080078125
0 0.4072265625 0.2548828125 0.123046875 0.0654296875
0 0.45703125 0.3564453125 0.1005859375 0.0732421875
0 0.412109375 0.41796875 0.083984375 0.0634765625
0 0.513671875 0.4638671875 0.0693359375 0.0771484375
0 0.546875 0.5498046875 0.08984375 0.0791015625
0 0.3984375 0.69921875 0.0966796875 0.0966796875
0 0.283203125 0.6455078125 0.1083984375 0.0888671875
0 0.28515625 0.466796875 0.080078125 0.076171875
0 0.1171875 0.3857421875 0.0771484375 0.1044921875
0 0.0947265625 0.4697265625 0.072265625 0.0859375
0 0.1318359375 0.66796875 0.0927734375 0.0908203125
0 0.0908203125 0.7841796875 0.0908203125 0.0732421875
0 0.419921875 0.974609375 0.099609375 0.111328125
0 0.26171875 0.875 0.080078125 0.076171875
0 0.6904296875 0.9482421875 0.119140625 0.119140625
0 0.8564453125 0.849609375 0.126953125 0.087890625
0 0.7109375 0.7412109375 0.091796875 0.10546875
0 1.0 0.810546875 0.0888671875 0.0986328125
0 0.197265625 0.5576171875 0.0908203125 0.0517578125
0 0.43359375 0.7646484375 0.0908203125 0.0595703125
0 0.6279296875 0.9853515625 0.0595703125 0.0625
0 0.822265625 1.0 0.0771484375 0.0615234375
0 0.9853515625 0.1279296875 0.056640625 0.0693359375
