0 0.3916015625 0.310546875 0.060546875 0.0927734375
0 0.197265625 0.4453125 0.0751953125 0.099609375
0 0.7451171875 0.646484375 0.08984375 0.1162109375
0 0.3876953125 0.1552734375 0.072265625 0.0986328125
0 0.5 0.8212890625 0.068359375 0.07421875
0 0.0849609375 0.767578125 0.0849609375 0.064453125
0 0.51171875 0.12890625 0.0751953125 0.0517578125
0 0.3369140625 0.083984375 0.0517578125 0.083984375
0 0.2646484375 0.326171875 0.0517578125 0.06640625
0 0.1826171875 0.564453125 0.0654296875 0.056640625
0 0.8310546875 0.0888671875 0.03515625 0.080078125
0 0.1982421875 0.9755859375 0.146484375 0.0498046875
0 0.94921875 0.083984375 0.0634765625 0.0546875
0 0.3447265625 0.4208984375 0.041015625 0.08984375
0 0.755859375 0.2138671875 0.064453125 0.0546875
0 0.3193359375 0.9306640625 0.046875 0.07421875
0 0.2138671875 0.0810546875 0.02734375 0.080078125
0 0.12890625 0.095703125 0.0830078125 0.056640625
0 0.5927734375 0.3447265625 0.0849609375 0.048828125
0 0.6474609375 0.9677734375 0.083984375 0.068359375
0 0.5439453125 0.4384765625 0.0654296875 0.05078125
0 0.9873046875 0.7021484375 0.0693359375 0.0390625
0 0.5810546875 0.712890625 0.087890625 0.0322265625
0 0.98046875 0.953125 0.0517578125 0.052734375
0 0.146484375 0.3544921875 0.0498046875 0.0625
0 0.3369140625 0.6943359375 0.0615234375 0.0712890625
0 0.125 0.533203125 0.068359375 0.03125
0 0.9970703125 0.1845703125 0.06640625 0.0341796875
0 0.798828125 0.6259765625 0.041015625 0.0712890625
0 0.5126953125 0.548828125 0.05859375 0.0615234375
0 0.8271484375 0.986328125 0.03125 0.091796875
0 0.0634765625 0.1669921875 0.0634765625 0.03515625
0 0.560546875 0.279296875 0.078125 0.07421875
0 0.1728515625 0.224609375 0.0654296875 0.0234375
0 0.8046875 0.869140625 0.0263671875 0.0712890625
0 0.9462890625 0.544921875 0.0732421875 0.0439453125
0 0.1923828125 0.8212890625 0.0703125 0.017578125
0 0.921875 0.4716796875 0.0712890625 0.03125
0 0.28125 0.3818359375 0.05078125 0.0478515625
0 0.2763671875 0.2275390625 0.056640625 0.0390625
0 0.74609375 0.1142578125 0.041015625 0.0625
0 0.2431640625 0.52734375 0.048828125 0.0224609375
0 0.4091796875 0.9873046875 0.03125 0.099609375
0 0.4296875 0.52734375 0.0703125 0.0498046875
0 0.1591796875 0.2548828125 0.1279296875 0.06640625
0 0.9580078125 0.810546875 0.0439453125 0.03515625
0 0.126953125 0.8759765625 0.0751953125 0.0498046875
0 0.3271484375 0.9892578125 0.0458984375 0.0322265625
0 0.103515625 0.2099609375 0.0703125 0.0400390625
0 0.1943359375 1.0 0.029296875 0.0234375
0 0.759765625 0.6865234375 0.0625 0.0380859375
0 0.7412109375 0.3623046875 0.08203125 0.04296875
0 0.0888671875 0.80078125 0.087890625 0.0322265625
0 0.896484375 0.583984375 0.0478515625 0.0537109375
0 0.69140625 0.23046875 0.0302734375 0.0400390625
0 0.03515625 0.1279296875 0.03515625 0.037109375
0 0.6025390625 0.919921875 0.0712890625 0.03515625
0 0.474609375 0.9541015625 0.0419921875 0.037109375
0 0.9404296875 0.9580078125 0.0478515625 0.021484375
0 0.85546875 0.251953125 0.046875 0.044921875
0 0.5341796875 0.6318359375 0.048828125 0.0380859375
0 0.6044921875 0.748046875 0.0478515625 0.0361328125
0 0.5 0.7607421875 0.0654296875 0.041015625
0 0.3427734375 0.712890625 0.0859375 0.0419921875
0 0.2216796875 0.93359375 0.0693359375 0.041015625
0 1.0 0.2568359375 0.0537109375 0.05078125
0 1.0 0.4248046875 0.01953125 0.0439453125
0 0.9658203125 0.4287109375 0.12109375 0.0458984375
0 0.9833984375 0.38671875 0.0478515625 0.056640625
0 0.57421875 0.41015625 0.052734375 0.041015625
0 0.974609375 0.865234375 0.056640625 0.04296875
0 0.072265625 0.94140625 0.072265625 0.07421875
0 0.5341796875 0.9892578125 0.0712890625 0.02734375
