0 0.8525390625 0.998046875 0.0595703125 0.10546875
0 0.2822265625 0.6611328125 0.0986328125 0.0869140625
0 0.1103515625 0.890625 0.056640625 0.076171875
0 0.978515625 0.7744140625 0.072265625 0.1015625
0 0.1337890625 0.6630859375 0.109375 0.0595703125
0 0.869140625 0.1826171875 0.0615234375 0.0859375
0 0.9091796875 0.767578125 0.0791015625 0.064453125
0 0.5537109375 0.650390625 0.111328125 0.0712890625
0 0.4130859375 0.39453125 0.04296875 0.0908203125
0 0.54296875 0.333984375 0.0830078125 0.0634765625
0 0.669921875 0.888671875 0.0615234375 0.080078125
0 0.5224609375 0.939453125 0.140625 0.099609375
0 1.0 0.986328125 0.0546875 0.0576171875
0 0.0634765625 0.2412109375 0.0634765625 0.0634765625
0 0.955078125 0.3857421875 0.0244140625 0.0986328125
0 0.025390625 0.14453125 0.025390625 0.05078125
0 0.1376953125 0.234375 0.0517578125 0.0751953125
0 1.0 0.6171875 0.0791015625 0.04296875
0 0.66796875 0.279296875 0.0908203125 0.0703125
0 0.52734375 0.6064453125 0.0400390625 0.0712890625
0 0.1220703125 0.560546875 0.05078125 0.0654296875
0 0.0478515625 0.5625 0.0478515625 0.068359375
0 0.36328125 0.7236328125 0.064453125 0.0478515625
0 0.4326171875 0.626953125 0.0419921875 0.0849609375
0 0.3955078125 0.0439453125 0.0537109375 0.0439453125
0 0.533203125 0.912109375 0.0302734375 0.0966796875
0 0.3671875 0.474609375 0.0458984375 0.0615234375
0 0.72578125 0.0533203125 0.08466796875000004 0.0533203125
0 0.234375 0.7724609375 0.0498046875 0.0595703125
0 0.5 0.42578125 0.0888671875 0.1416015625
0 0.119140625 0.935546875 0.08203125 0.0322265625
0 0.021484375 0.5615234375 0.021484375 0.037109375
0 0.0537109375 0.9716796875 0.052734375 0.076171875
0 0.1787109375 0.1357421875 0.0390625 0.1103515625
0 0.20703125 0.0322265625 0.15625 0.0322265625
0 0.4951171875 0.4658203125 0.080078125 0.1259765625
0 0.63642578125 1.0 0.03642578125000007 0.0400390625
0 0.0625 1.0 0.03125 0.046875
0 0.94921875 0.5771484375 0.0712890625 0.0498046875
0 0.8798828125 0.6865234375 0.0634765625 0.0390625
0 0.7431640625 0.89453125 0.0263671875 0.05859375
0 0.3193359375 0.1650390625 0.0517578125 0.046875
0 0.0478515625 0.3310546875 0.0419921875 0.0234375
0 0.4755859375 0.6865234375 0.0732421875 0.02734375
0 0.8857421875 0.6513671875 0.03125 0.0693359375
0 0.833984375 0.1650390625 0.0732421875 0.025390625
0 0.431640625 0.6533203125 0.0498046875 0.05078125
0 0.5751953125 0.962890625 0.04296875 0.080078125
0 0.5478515625 0.841796875 0.0986328125 0.068359375
0 1.0 0.15234375 0.02734375 0.048828125
0 0.765625 0.0185546875 0.0302734375 0.0185546875
