0 0.150390625 0.080078125 0.1484375 0.0546875
0 0.2666015625 0.10546875 0.0693359375 0.0478515625
0 0.3828125 0.283203125 0.087890625 0.1640625
0 0.189453125 0.2763671875 0.095703125 0.169921875
0 0.44140625 0.37890625 0.1318359375 0.08984375
0 0.3681640625 0.4189453125 0.1162109375 0.0830078125
0 0.2724609375 0.36328125 0.0859375 0.107421875
0 0.2109375 0.4482421875 0.0732421875 0.123046875
0 0.1953125 0.5146484375 0.0693359375 0.0625
0 0.478515625 0.4853515625 0.08203125 0.1103515625
0 0.6630859375 0.4375 0.0625 0.0908203125
0 0.3134765625 0.59765625 0.1357421875 0.0537109375
0 0.177734375 0.6171875 0.115234375 0.0458984375
0 0.0986328125 0.6552734375 0.0986328125 0.0634765625
0 0.083984375 0.7958984375 0.0703125 0.07421875
0 0.2255859375 0.677734375 0.1357421875 0.0537109375
0 0.4091796875 0.78125 0.0634765625 0.1689453125
0 0.4443359375 0.87109375 0.1162109375 0.169921875
0 0.314453125 0.9326171875 0.0712890625 0.060546875
0 0.2099609375 1.0 0.07421875 0.1142578125
0 0.1162109375 0.9765625 0.1162109375 0.068359375
0 0.509765625 1.0 0.0869140625 0.048828125
0 0.6025390625 1.0 0.0966796875 0.041015625
0 0.853515625 1.0 0.1162109375 0.076171875
0 1.0 0.9404296875 0.076171875 0.140625
0 0.9853515625 0.6669921875 0.0771484375 0.109375
0 0.9052734375 0.6123046875 0.0986328125 0.119140625
0 0.810546875 0.6123046875 0.1396484375 0.0986328125
0 0.8427734375 0.7109375 0.15234375 0.1162109375
0 0.7158203125 0.3134765625 0.138671875 0.06640625
0 0.7451171875 0.17578125 0.0732421875 0.0595703125
0 0.82421875 0.16015625 0.068359375 0.1162109375
0 0.9638671875 0.259765625 0.1494140625 0.0888671875
0 1.0 0.3564453125 0.0771484375 0.1865234375
0 0.560546875 0.109375 0.0791015625 0.109375
0 0.53125 0.0732421875 0.115234375 0.05078125
0 0.626953125 0.0498046875 0.0791015625 0.0498046875
0 0.693359375 0.181640625 0.0869140625 0.125
0 0.890625 0.478515625 0.0654296875 0.0673828125
0 1.0 0.4658203125 0.05859375 0.0791015625
0 0.501953125 0.560546875 0.1044921875 0.0634765625
0 1.0 0.6005859375 0.05859375 0.0546875
