0 0.1806640625 0.3076171875 0.07421875 0.1455078125
0 0.056640625 0.341796875 0.056640625 0.10546875
0 0.3603515625 0.2783203125 0.0693359375 0.0556640625
0 0.275390625 0.130859375 0.0634765625 0.044921875
0 0.4345703125 0.1572265625 0.0703125 0.056640625
0 0.46875 0.2978515625 0.0537109375 0.1318359375
0 0.533203125 0.3505859375 0.0751953125 0.1591796875
0 0.2705078125 0.3603515625 0.083984375 0.06640625
0 0.1572265625 0.4951171875 0.0732421875 0.099609375
0 0.2568359375 0.521484375 0.05859375 0.0595703125
0 0.30859375 0.4794921875 0.0537109375 0.072265625
0 0.1689453125 0.5732421875 0.0595703125 0.06640625
0 0.2998046875 0.591796875 0.072265625 0.0732421875
0 0.67578125 0.482421875 0.0771484375 0.1396484375
0 0.7109375 0.3154296875 0.07421875 0.07421875
0 0.515625 0.5908203125 0.07421875 0.0966796875
0 0.4912109375 0.6806640625 0.080078125 0.08984375
0 0.408203125 0.6171875 0.0703125 0.06640625
0 0.3134765625 0.732421875 0.0947265625 0.111328125
0 0.189453125 0.7734375 0.0771484375 0.103515625
0 0.095703125 0.77734375 0.095703125 0.12109375
0 0.068359375 0.6474609375 0.0673828125 0.068359375
0 0.416015625 0.833984375 0.0654296875 0.1240234375
0 0.3828125 0.8623046875 0.1142578125 0.1123046875
0 0.55078125 0.85546875 0.140625 0.072265625
0 0.126953125 0.91796875 0.103515625 0.0947265625
0 0.2294921875 0.912109375 0.0556640625 0.076171875
0 0.3037109375 1.0 0.083984375 0.0322265625
0 0.361328125 1.0 0.0517578125 0.0380859375
0 0.1748046875 1.0 0.0654296875 0.0458984375
0 0.6484375 0.9833984375 0.0791015625 0.0771484375
0 0.7744140625 0.9306640625 0.1103515625 0.0869140625
0 0.748046875 0.7314453125 0.0830078125 0.1650390625
0 0.8017578125 0.73046875 0.0498046875 0.095703125
0 0.8759765625 0.8232421875 0.0634765625 0.1259765625
0 1.0 0.810546875 0.0830078125 0.1064453125
0 0.9375 0.591796875 0.0625 0.09375
0 0.9482421875 0.4208984375 0.0537109375 0.1044921875
0 0.80859375 0.4287109375 0.0791015625 0.0625
0 0.7177734375 0.099609375 0.060546875 0.0771484375
0 0.9013671875 0.0732421875 0.056640625 0.0556640625
0 1.0 0.1923828125 0.033203125 0.0537109375
0 0.9970703125 1.0 0.001953125 0.0009765625
0 0.3154296875 0.056640625 0.10546875 0.056640625
0 0.12109375 0.408203125 0.0771484375 0.0810546875
0 0.3876953125 0.568359375 0.0771484375 0.0712890625
0 0.29296875 0.2177734375 0.0361328125 0.044921875
0 0.8115234375 0.9638671875 0.0498046875 0.0703125
0 0.802734375 0.0625 0.064453125 0.0625
0 0.521484375 0.0869140625 0.0498046875 0.056640625
0 0.59375 0.0830078125 0.0439453125 0.04296875
0 0.2275390625 0.21484375 0.05859375 0.0712890625
0 0.201171875 0.0546875 0.0458984375 0.0546875
0 0.13671875 0.748046875 0.0556640625 0.06640625
0 0.2548828125 0.140625 0.078125 0.044921875
0 0.3037109375 0.1845703125 0.0244140625 0.033203125
0 0.2861328125 0.1826171875 0.033203125 0.0400390625
0 0.0390625 0.85546875 0.0390625 0.060546875
