0 0.43359375 0.1748046875 0.115234375 0.0673828125
0 0.765625 0.9775390625 0.1064453125 0.0830078125
0 0.724609375 0.9091796875 0.1103515625 0.259765625
0 0.97265625 0.2939453125 0.2841796875 0.142578125
0 0.8671875 0.484375 0.2275390625 0.1875
0 0.5546875 0.26953125 0.1005859375 0.267578125
0 1.0 0.7646484375 0.09375 0.146484375
0 0.58984375 1.0 0.1298828125 0.1103515625
0 0.419921875 0.654296875 0.2978515625 0.1796875
0 0.6630859375 0.8037109375 0.185546875 0.216796875
0 0.2919921875 0.5625 0.2841796875 0.2001953125
0 0.30703125 0.9333984375 0.13642578125 0.08818359374999996
0 0.2421875 0.8896484375 0.240234375 0.0703125
0 0.4765625 0.5712890625 0.080078125 0.0654296875
0 0.6171875 0.947265625 0.115234375 0.1650390625
0 0.9990234375 0.6162109375 0.130859375 0.115234375
0 0.2490234375 0.65625 0.1279296875 0.0810546875
0 1.0 0.5693359375 0.212890625 0.1298828125
0 0.6875 1.0 0.087890625 0.087890625
0 0.107421875 0.8125 0.1025390625 0.23046875
0 0.9345703125 0.431640625 0.15234375 0.0849609375
0 0.7587890625 0.240234375 0.208984375 0.23828125
0 0.677734375 0.220703125 0.0947265625 0.087890625
0 0.6875 0.1591796875 0.1552734375 0.1171875
