0 0.8046875 0.025390625 0.1484375 0.025390625
0 0.40625 0.4248046875 0.0888671875 0.2685546875
0 0.896484375 0.345703125 0.0947265625 0.060546875
0 0.560546875 0.650390625 0.146484375 0.1318359375
0 0.638671875 0.8505859375 0.1005859375 0.1064453125
0 0.8046875 0.787109375 0.154296875 0.189453125
0 0.9541015625 0.869140625 0.158203125 0.1103515625
0 0.0478515625 0.4404296875 0.0478515625 0.115234375
0 0.0234375 0.2646484375 0.0234375 0.09765625
0 0.3046875 0.998046875 0.1123046875 0.2060546875
0 0.380859375 0.716796875 0.0927734375 0.1591796875
0 0.93359375 0.25 0.1650390625 0.1396484375
0 1.0 0.1513671875 0.0517578125 0.07421875
0 0.041015625 0.5703125 0.041015625 0.0751953125
0 0.0771484375 1.0 0.06640625 0.0556640625
0 0.486328125 0.9658203125 0.099609375 0.203125
0 0.2197265625 0.6162109375 0.0869140625 0.11328125
0 0.2548828125 0.44921875 0.1181640625 0.0625
0 0.1435546875 0.4541015625 0.091796875 0.0537109375
0 0.1884765625 0.3505859375 0.083984375 0.052734375
0 0.2060546875 0.29296875 0.0751953125 0.0830078125
0 0.0966796875 0.240234375 0.0771484375 0.1318359375
0 0.2685546875 0.1357421875 0.146484375 0.0703125
0 0.3857421875 0.1513671875 0.10546875 0.142578125
0 0.4697265625 0.0927734375 0.0546875 0.0927734375
0 0.59375 0.158203125 0.0576171875 0.076171875
0 0.2783203125 0.015625 0.0859375 0.015625
0 0.1318359375 0.0458984375 0.0927734375 0.0458984375
0 0.5185546875 0.38671875 0.1318359375 0.236328125
0 0.6806640625 0.34375 0.109375 0.2451171875
0 0.4560546875 0.509765625 0.0419921875 0.0595703125
0 0.5009765625 0.4892578125 0.0556640625 0.0498046875
0 0.2841796875 0.72265625 0.0537109375 0.091796875
0 0.359375 0.8134765625 0.06640625 0.0927734375
0 0.4169921875 0.72265625 0.0546875 0.1318359375
0 0.6728515625 0.9482421875 0.072265625 0.041015625
0 0.681640625 1.0 0.064453125 0.03125
0 0.88671875 1.0 0.083984375 0.1337890625
0 1.0 0.998046875 0.0380859375 0.087890625
0 0.9638671875 0.7529296875 0.0595703125 0.0498046875
0 0.8896484375 0.5771484375 0.0986328125 0.0625
0 0.7666015625 0.564453125 0.1259765625 0.0830078125
0 0.7666015625 0.494140625 0.06640625 0.0810546875
0 1.0 0.46875 0.0205078125 0.048828125
0 0.9443359375 0.4296875 0.04296875 0.060546875
0 0.9833984375 0.2841796875 0.0654296875 0.0654296875
0 0.56640625 0.0361328125 0.052734375 0.0361328125
0 0.7841796875 0.255859375 0.1123046875 0.1884765625
0 0.7939453125 0.3330078125 0.1044921875 0.087890625
0 0.5400390625 1.0 0.0869140625 0.0595703125
