0 0.2119140625 0.119140625 0.0966796875 0.11328125
0 0.7685546875 0.0400390625 0.103515625 0.0400390625
0 0.7001953125 0.0771484375 0.078125 0.0546875
0 0.966796875 0.0439453125 0.078125 0.04296875
0 0.435546875 0.2392578125 0.08984375 0.1416015625
0 0.1123046875 0.4326171875 0.0537109375 0.064453125
0 0.22265625 0.318359375 0.0615234375 0.076171875
0 0.068359375 0.4638671875 0.0615234375 0.0615234375
0 0.216796875 0.6611328125 0.0615234375 0.12890625
0 0.279296875 0.4697265625 0.0927734375 0.046875
0 0.2744140625 0.5166015625 0.083984375 0.060546875
0 0.3271484375 0.416015625 0.0791015625 0.06640625
0 0.42578125 0.4736328125 0.0830078125 0.0751953125
0 0.3720703125 0.560546875 0.0927734375 0.05859375
0 0.46875 0.41796875 0.0556640625 0.0966796875
0 0.5537109375 0.333984375 0.0615234375 0.111328125
0 0.6259765625 0.3310546875 0.064453125 0.0771484375
0 0.7109375 0.404296875 0.076171875 0.1748046875
0 0.865234375 0.3037109375 0.0703125 0.0634765625
0 0.8876953125 0.3642578125 0.08203125 0.0576171875
0 0.8974609375 0.4912109375 0.0869140625 0.1181640625
0 0.970703125 0.4375 0.0888671875 0.064453125
0 0.9853515625 0.5185546875 0.0595703125 0.0859375
0 1.0 0.650390625 0.162109375 0.1025390625
0 0.6171875 0.470703125 0.056640625 0.05078125
0 0.48828125 0.7607421875 0.06640625 0.10546875
0 0.591796875 0.662109375 0.0546875 0.0546875
0 0.744140625 0.75390625 0.091796875 0.103515625
0 0.6845703125 0.7646484375 0.0791015625 0.1181640625
0 0.7783203125 0.83984375 0.068359375 0.1640625
0 0.611328125 0.8603515625 0.068359375 0.125
0 0.5908203125 0.7939453125 0.068359375 0.0810546875
0 0.421875 0.9638671875 0.1181640625 0.0732421875
0 0.3994140625 0.9921875 0.115234375 0.0556640625
0 0.6171875 0.9912109375 0.087890625 0.09765625
0 0.8310546875 0.9873046875 0.0966796875 0.0791015625
0 0.9150390625 0.958984375 0.0947265625 0.0498046875
0 0.1806640625 1.0 0.1044921875 0.0556640625
0 0.4287109375 0.873046875 0.0322265625 0.060546875
0 0.62890625 0.8798828125 0.044921875 0.0537109375
0 0.3037109375 0.88671875 0.0419921875 0.0595703125
0 0.375 0.037109375 0.0546875 0.0322265625
0 0.4326171875 0.0380859375 0.0615234375 0.0380859375
0 0.45703125 0.3232421875 0.09375 0.0546875
0 0.453125 0.25 0.072265625 0.03515625
0 0.92578125 0.7158203125 0.05078125 0.060546875
0 0.865234375 0.8515625 0.0341796875 0.0478515625
0 0.703125 0.4404296875 0.0732421875 0.048828125
0 1.0 0.4990234375 0.03125 0.0556640625
0 1.0 0.998046875 0.0517578125 0.0576171875
0 0.90234375 1.0 0.1103515625 0.0283203125
