0 0.4296875 0.2802734375 0.11328125 0.11328125
0 0.5947265625 0.28125 0.1064453125 0.08203125
0 0.412109375 0.205078125 0.0537109375 0.0634765625
0 0.4482421875 0.0732421875 0.0537109375 0.0732421875
0 0.3974609375 0.029296875 0.0537109375 0.029296875
0 0.53125 0.0517578125 0.1015625 0.0517578125
0 0.306640625 0.03125 0.08203125 0.03125
0 0.064453125 0.2216796875 0.064453125 0.0498046875
0 0.6162109375 0.1640625 0.0703125 0.0830078125
0 0.5947265625 0.0751953125 0.0478515625 0.0419921875
0 0.8173828125 0.064453125 0.0634765625 0.0576171875
0 0.904296875 0.111328125 0.0693359375 0.111328125
0 0.9892578125 0.11328125 0.0703125 0.095703125
0 0.8486328125 0.22265625 0.078125 0.0947265625
0 0.671875 0.58984375 0.099609375 0.09375
0 0.2138671875 0.65625 0.111328125 0.0654296875
0 0.236328125 0.634765625 0.068359375 0.0546875
0 0.47265625 0.6591796875 0.1328125 0.111328125
0 0.5224609375 0.673828125 0.0693359375 0.076171875
0 0.6640625 0.703125 0.072265625 0.0498046875
0 0.7294921875 0.6962890625 0.087890625 0.09375
0 0.73046875 0.619140625 0.0634765625 0.0712890625
0 0.7734375 0.6279296875 0.0595703125 0.05859375
0 0.921875 0.6884765625 0.05859375 0.1005859375
0 0.978515625 0.640625 0.0693359375 0.0966796875
0 0.9033203125 0.919921875 0.0693359375 0.13671875
0 0.7978515625 0.8271484375 0.0693359375 0.064453125
0 0.6279296875 0.7666015625 0.0478515625 0.05078125
0 0.58984375 0.7626953125 0.0576171875 0.0546875
0 0.7333984375 0.75390625 0.06640625 0.03125
0 0.6826171875 0.8251953125 0.0947265625 0.091796875
0 0.4521484375 0.794921875 0.06640625 0.0615234375
0 0.3212890625 0.8251953125 0.0703125 0.048828125
0 0.3583984375 0.873046875 0.0791015625 0.06640625
0 0.1904296875 0.7998046875 0.0712890625 0.087890625
0 0.2197265625 0.7041015625 0.1005859375 0.044921875
0 0.234375 1.0 0.07421875 0.0771484375
0 0.171875 0.970703125 0.041015625 0.052734375
0 0.744140625 1.0 0.0546875 0.0703125
0 0.671875 1.0 0.08203125 0.0439453125
0 0.4296875 0.9765625 0.0517578125 0.060546875
