0 0.05078125 0.474609375 0.05078125 0.1015625
0 0.13671875 0.4921875 0.0693359375 0.06640625
0 0.0302734375 0.546875 0.0302734375 0.0703125
0 0.31640625 0.4931640625 0.087890625 0.0830078125
0 0.384765625 0.4482421875 0.068359375 0.048828125
0 0.3759765625 0.4931640625 0.068359375 0.0498046875
0 0.4384765625 0.556640625 0.07421875 0.091796875
0 0.5283203125 0.5537109375 0.0712890625 0.0986328125
0 0.3125 0.59375 0.0703125 0.0615234375
0 0.3037109375 0.6337890625 0.08203125 0.052734375
0 0.3603515625 0.673828125 0.087890625 0.068359375
0 0.4853515625 0.642578125 0.0888671875 0.083984375
0 0.3662109375 0.77734375 0.05859375 0.07421875
0 0.6220703125 0.4619140625 0.083984375 0.0712890625
0 0.69921875 0.443359375 0.056640625 0.0732421875
0 0.6923828125 0.5068359375 0.0634765625 0.0703125
0 0.6884765625 0.6015625 0.0625 0.068359375
0 0.7900390625 0.5400390625 0.0732421875 0.0791015625
0 0.8759765625 0.3857421875 0.0595703125 0.07421875
0 1.0 0.484375 0.068359375 0.095703125
0 0.958984375 0.5322265625 0.1005859375 0.0654296875
0 0.8896484375 0.6005859375 0.06640625 0.060546875
0 0.953125 0.6484375 0.09375 0.068359375
0 0.87109375 1.0 0.0546875 0.0654296875
0 0.755859375 0.94921875 0.068359375 0.07421875
0 0.3974609375 0.85546875 0.0634765625 0.078125
0 0.607421875 0.9775390625 0.1220703125 0.109375
0 0.541015625 0.986328125 0.09765625 0.0654296875
0 0.6484375 0.9990234375 0.091796875 0.046875
0 0.40625 0.939453125 0.0625 0.052734375
0 0.2724609375 1.0 0.080078125 0.0908203125
0 0.0712890625 0.9736328125 0.0703125 0.09765625
