0 0.1328125 0.857421875 0.078125 0.041015625
0 0.14453125 0.947265625 0.103515625 0.056640625
0 0.2890625 1.0 0.103515625 0.052734375
0 0.2314453125 0.890625 0.060546875 0.0263671875
0 0.2900390625 0.8369140625 0.048828125 0.0419921875
0 0.3662109375 0.8173828125 0.0634765625 0.037109375
0 0.4326171875 0.828125 0.048828125 0.0458984375
0 0.435546875 0.9365234375 0.0517578125 0.052734375
0 0.5458984375 1.0 0.0751953125 0.0439453125
0 0.68359375 0.88671875 0.0869140625 0.0439453125
0 0.798828125 1.0 0.0615234375 0.0859375
0 0.154296875 0.2822265625 0.111328125 0.04296875
0 0.044921875 0.3564453125 0.044921875 0.0380859375
0 0.1826171875 0.529296875 0.0947265625 0.1064453125
0 0.779296875 0.0322265625 0.0625 0.0322265625
0 0.9580078125 0.029296875 0.08203125 0.029296875
0 0.9951171875 0.11328125 0.048828125 0.0341796875
0 0.9814453125 0.19921875 0.06640625 0.0361328125
0 0.3388671875 0.029296875 0.0478515625 0.029296875
0 0.3232421875 0.0869140625 0.0908203125 0.0439453125
0 0.5283203125 0.142578125 0.0771484375 0.0654296875
0 0.646484375 0.1435546875 0.0830078125 0.025390625
0 0.634765625 0.1337890625 0.076171875 0.02734375
0 0.638671875 0.0751953125 0.0458984375 0.02734375
0 0.4521484375 0.224609375 0.0634765625 0.0341796875
0 0.423828125 0.3740234375 0.0869140625 0.048828125
0 0.3212890625 0.412109375 0.048828125 0.0361328125
0 0.4169921875 0.4130859375 0.0947265625 0.048828125
0 0.5 0.4912109375 0.0732421875 0.05078125
0 0.484375 0.51171875 0.1259765625 0.04296875
0 0.5546875 0.533203125 0.1142578125 0.068359375
0 0.373046875 0.564453125 0.1103515625 0.0458984375
0 0.537109375 0.6259765625 0.0341796875 0.0556640625
0 0.7119140625 0.5712890625 0.0517578125 0.0498046875
0 0.759765625 0.451171875 0.1025390625 0.0634765625
0 0.9150390625 0.5927734375 0.041015625 0.0341796875
0 0.921875 0.71484375 0.03125 0.1015625
0 0.880859375 0.3681640625 0.0283203125 0.037109375
0 0.1025390625 0.552734375 0.08984375 0.0458984375
0 0.8232421875 0.1611328125 0.0439453125 0.0673828125
0 0.220703125 0.333984375 0.0849609375 0.0595703125
0 0.51953125 0.0322265625 0.0361328125 0.0322265625
