0 0.2509765625 0.826171875 0.119140625 0.0625
0 0.376953125 0.13671875 0.064453125 0.07421875
0 0.083984375 0.9755859375 0.083984375 0.0849609375
0 0.8701171875 0.185546875 0.0712890625 0.09375
0 0.2119140625 0.3583984375 0.107421875 0.0654296875
0 0.0693359375 0.5849609375 0.0693359375 0.0771484375
0 0.9267578125 0.96484375 0.09375 0.08203125
0 0.177734375 0.052734375 0.1005859375 0.052734375
0 0.2880859375 0.2041015625 0.0703125 0.0634765625
0 0.84375 0.3662109375 0.09765625 0.0908203125
0 0.333984375 0.240234375 0.0732421875 0.060546875
0 0.98046875 0.19140625 0.0458984375 0.05078125
0 0.3994140625 0.4736328125 0.0673828125 0.1181640625
0 0.2314453125 0.15234375 0.1240234375 0.068359375
0 0.0869140625 0.26171875 0.0869140625 0.1142578125
0 0.7841796875 0.208984375 0.103515625 0.12109375
0 0.17578125 0.6591796875 0.103515625 0.083984375
0 1.0 0.03515625 0.0556640625 0.03515625
0 0.1689453125 0.7802734375 0.1259765625 0.05859375
0 0.4912109375 0.15625 0.1103515625 0.1103515625
0 0.2275390625 0.609375 0.064453125 0.0654296875
0 0.236328125 1.0 0.103515625 0.0537109375
0 0.82421875 0.4326171875 0.1005859375 0.0947265625
0 0.830078125 0.830078125 0.1064453125 0.09375
0 0.537109375 0.5419921875 0.142578125 0.0908203125
0 0.287109375 0.7548828125 0.0810546875 0.060546875
0 0.4912109375 0.751953125 0.103515625 0.107421875
0 0.728515625 0.2451171875 0.1728515625 0.126953125
0 0.3349609375 0.41015625 0.1005859375 0.087890625
0 0.9609375 0.658203125 0.1064453125 0.099609375
0 0.82421875 0.98828125 0.1240234375 0.0908203125
0 0.0986328125 0.859375 0.0986328125 0.072265625
0 0.708984375 0.564453125 0.1005859375 0.107421875
0 0.9287109375 0.119140625 0.0693359375 0.1044921875
0 0.876953125 0.9111328125 0.087890625 0.0673828125
0 0.302734375 0.9482421875 0.068359375 0.0673828125
0 0.2783203125 0.86328125 0.0771484375 0.0791015625
0 0.2294921875 0.7275390625 0.0888671875 0.0615234375
0 0.193359375 0.30078125 0.0751953125 0.0615234375
0 0.2158203125 0.5498046875 0.115234375 0.080078125
0 0.162109375 0.5029296875 0.09765625 0.068359375
0 0.1025390625 0.4912109375 0.09375 0.0654296875
0 0.0576171875 0.1630859375 0.0576171875 0.0625
0 0.0908203125 0.0625 0.078125 0.0537109375
0 0.2705078125 0.4755859375 0.06640625 0.056640625
