0 0.154296875 0.0556640625 0.0947265625 0.0556640625
0 0.064453125 0.080078125 0.0615234375 0.080078125
0 0.259765625 0.0927734375 0.064453125 0.0927734375
0 0.20703125 0.146484375 0.0869140625 0.146484375
0 0.5478515625 0.033203125 0.080078125 0.033203125
0 0.6171875 0.3671875 0.083984375 0.134765625
0 0.5751953125 0.5185546875 0.125 0.109375
0 0.453125 0.642578125 0.076171875 0.1533203125
0 0.375 0.662109375 0.16796875 0.1533203125
0 0.1875 0.5888671875 0.1416015625 0.095703125
0 0.095703125 0.7060546875 0.091796875 0.0849609375
0 0.2509765625 0.6962890625 0.1572265625 0.134765625
0 0.287109375 0.9072265625 0.2255859375 0.126953125
0 0.255859375 0.9580078125 0.0732421875 0.115234375
0 0.4677734375 1.0 0.115234375 0.08984375
0 0.583984375 0.7412109375 0.1181640625 0.1708984375
0 0.8408203125 0.6767578125 0.103515625 0.0947265625
0 0.8935546875 0.658203125 0.064453125 0.0654296875
0 0.537109375 1.0 0.0771484375 0.0380859375
0 0.755859375 1.0 0.0869140625 0.1083984375
0 0.8173828125 1.0 0.130859375 0.0830078125
0 0.8759765625 0.509765625 0.1240234375 0.12109375
0 0.984375 0.3974609375 0.0654296875 0.0771484375
0 0.3115234375 0.7822265625 0.1767578125 0.09375
0 0.0498046875 0.9951171875 0.048828125 0.119140625
0 0.5009765625 0.19921875 0.083984375 0.0810546875
0 0.0595703125 0.8759765625 0.0595703125 0.0791015625
0 0.2392578125 0.9423828125 0.1015625 0.0986328125
