0 0.0869140625 0.607421875 0.068359375 0.0673828125
0 0.134765625 0.5732421875 0.076171875 0.0849609375
0 0.1328125 0.482421875 0.0625 0.08984375
0 0.2255859375 0.431640625 0.0693359375 0.0888671875
0 0.1494140625 0.384765625 0.0537109375 0.064453125
0 0.37890625 0.439453125 0.06640625 0.078125
0 0.2861328125 0.2314453125 0.14453125 0.060546875
0 0.1484375 0.1005859375 0.060546875 0.0673828125
0 0.0498046875 0.0859375 0.0498046875 0.0634765625
0 0.36328125 0.0380859375 0.087890625 0.0380859375
0 0.2021484375 0.1298828125 0.0751953125 0.05859375
0 0.40625 0.1474609375 0.095703125 0.068359375
0 0.419921875 0.2421875 0.0791015625 0.0654296875
0 0.578125 0.359375 0.142578125 0.0712890625
0 0.5361328125 0.29296875 0.0751953125 0.04296875
0 0.681640625 0.2587890625 0.072265625 0.0830078125
0 0.796875 0.328125 0.0771484375 0.0830078125
0 0.759765625 0.376953125 0.060546875 0.0673828125
0 0.8125 0.4736328125 0.0751953125 0.1064453125
0 0.6337890625 0.419921875 0.0830078125 0.0556640625
0 0.591796875 0.1953125 0.1005859375 0.05859375
0 0.5439453125 0.1337890625 0.1201171875 0.0439453125
0 0.4814453125 0.078125 0.0625 0.0712890625
0 0.60546875 0.07421875 0.068359375 0.052734375
0 0.6875 0.025390625 0.0859375 0.025390625
0 0.759765625 0.0732421875 0.1005859375 0.0634765625
0 0.3369140625 0.546875 0.1259765625 0.064453125
0 0.3154296875 0.6748046875 0.208984375 0.0634765625
0 0.185546875 0.76953125 0.11328125 0.0390625
0 0.13671875 0.8291015625 0.091796875 0.0576171875
0 0.2060546875 0.8818359375 0.07421875 0.0478515625
0 0.1337890625 1.0 0.0625 0.087890625
0 0.40625 0.9072265625 0.111328125 0.0703125
0 0.6337890625 0.921875 0.142578125 0.1083984375
0 0.46875 1.0 0.0634765625 0.0439453125
0 0.578125 0.822265625 0.05859375 0.0771484375
0 0.5869140625 0.7119140625 0.0859375 0.0673828125
0 0.6552734375 0.8046875 0.068359375 0.060546875
0 0.765625 0.8671875 0.0771484375 0.0419921875
0 0.7890625 0.7783203125 0.0830078125 0.0576171875
0 0.85546875 0.705078125 0.14453125 0.076171875
0 0.994140625 0.6787109375 0.099609375 0.087890625
0 0.7373046875 0.5849609375 0.10546875 0.06640625
0 0.6953125 0.5009765625 0.080078125 0.0625
0 0.7177734375 0.919921875 0.060546875 0.05078125
0 0.8798828125 0.986328125 0.1142578125 0.07421875
0 0.5791015625 0.5498046875 0.0869140625 0.10546875
0 0.5009765625 0.548828125 0.1083984375 0.1015625
0 0.4169921875 0.7607421875 0.0732421875 0.064453125
0 0.9287109375 0.810546875 0.0654296875 0.052734375
0 0.873046875 0.8779296875 0.0537109375 0.076171875
0 0.9609375 0.890625 0.064453125 0.068359375
0 1.0 0.396484375 0.07421875 0.056640625
0 1.0 0.5458984375 0.0458984375 0.0576171875
0 0.9072265625 0.322265625 0.0859375 0.0625
0 0.990234375 0.3193359375 0.0654296875 0.0771484375
0 0.890625 0.208984375 0.087890625 0.1025390625
0 0.939453125 0.1064453125 0.09765625 0.056640625
0 1.0 0.1474609375 0.06640625 0.0576171875
0 0.484375 0.1923828125 0.05078125 0.044921875
0 0.05859375 0.20703125 0.05859375 0.091796875
0 0.0458984375 0.3154296875 0.0458984375 0.0859375
0 0.6259765625 0.259765625 0.0732421875 0.0615234375
0 0.0908203125 0.3505859375 0.06640625 0.0634765625
0 0.705078125 0.740234375 0.046875 0.0498046875
