0 1.0 0.162109375 0.1552734375 0.10546875
0 0.9248046875 0.5595703125 0.123046875 0.134765625
0 0.7470703125 0.2509765625 0.1396484375 0.1572265625
0 0.4599609375 0.091796875 0.087890625 0.0771484375
0 0.869140625 1.0 0.169921875 0.1103515625
0 0.794921875 0.39453125 0.1328125 0.1220703125
0 0.8720703125 0.7646484375 0.09765625 0.0927734375
0 0.662109375 0.51171875 0.1123046875 0.1201171875
0 0.8642578125 0.671875 0.1318359375 0.0927734375
0 0.1337890625 0.654296875 0.130859375 0.119140625
0 0.94921875 0.95703125 0.109375 0.115234375
0 0.0654296875 0.2119140625 0.0654296875 0.1103515625
