0 0.6845703125 0.10546875 0.072265625 0.10546875
0 0.8720703125 0.2216796875 0.1015625 0.080078125
0 0.9599609375 0.259765625 0.076171875 0.0947265625
0 0.482421875 0.123046875 0.0712890625 0.0947265625
0 0.5595703125 0.130859375 0.072265625 0.1220703125
0 0.6005859375 0.1572265625 0.0712890625 0.0771484375
0 0.56640625 0.291015625 0.0556640625 0.0732421875
0 0.6708984375 0.3017578125 0.072265625 0.11328125
0 0.2744140625 0.064453125 0.0751953125 0.064453125
0 0.2646484375 0.1865234375 0.0908203125 0.091796875
0 0.1845703125 0.087890625 0.09765625 0.052734375
0 0.2509765625 0.087890625 0.1044921875 0.033203125
0 0.134765625 0.2890625 0.0771484375 0.1025390625
0 0.123046875 0.3427734375 0.087890625 0.0615234375
0 0.466796875 0.349609375 0.0849609375 0.0615234375
0 0.3505859375 0.3759765625 0.0625 0.0654296875
0 0.34375 0.5947265625 0.125 0.1376953125
0 0.3935546875 0.6787109375 0.0595703125 0.076171875
0 0.4921875 0.7666015625 0.0693359375 0.0966796875
0 0.611328125 0.8056640625 0.0673828125 0.0869140625
0 0.6484375 0.7265625 0.0869140625 0.048828125
0 0.6552734375 0.5185546875 0.056640625 0.07421875
0 0.58203125 0.412109375 0.0849609375 0.0576171875
0 0.77734375 0.501953125 0.0625 0.10546875
0 0.78515625 0.583984375 0.0693359375 0.1416015625
0 0.8134765625 0.669921875 0.06640625 0.16015625
0 0.72265625 0.6533203125 0.05859375 0.134765625
0 0.09765625 0.11328125 0.0869140625 0.099609375
0 0.21484375 0.8251953125 0.1376953125 0.06640625
0 0.1962890625 0.9033203125 0.0732421875 0.0927734375
0 0.4150390625 0.958984375 0.0869140625 0.076171875
0 0.5146484375 0.9990234375 0.095703125 0.05859375
0 0.26953125 0.98828125 0.1240234375 0.08984375
0 0.306640625 0.9111328125 0.103515625 0.0625
0 0.5888671875 0.9443359375 0.060546875 0.107421875
0 1.0 0.6708984375 0.05078125 0.048828125
0 0.791015625 0.8564453125 0.0869140625 0.1416015625
0 0.6552734375 0.9052734375 0.0615234375 0.0927734375
0 0.7734375 1.0 0.072265625 0.072265625
0 0.8984375 1.0 0.056640625 0.15625
0 0.923828125 0.60546875 0.0849609375 0.1025390625
0 0.9697265625 0.5546875 0.0546875 0.095703125
0 0.99609375 0.2919921875 0.046875 0.0546875
0 0.8583984375 0.046875 0.0625 0.046875
0 0.98046875 0.05859375 0.08203125 0.05859375
0 0.3486328125 0.0498046875 0.0546875 0.0498046875
0 0.6328125 0.8291015625 0.0625 0.05859375
0 0.7158203125 0.7529296875 0.044921875 0.037109375
0 0.544921875 0.212890625 0.064453125 0.046875
