0 0.509765625 0.734375 0.185546875 0.0927734375
0 0.5390625 0.83984375 0.1494140625 0.080078125
0 0.0595703125 0.6318359375 0.0595703125 0.09765625
0 0.1416015625 0.296875 0.134765625 0.0751953125
0 0.88671875 0.08203125 0.1318359375 0.0673828125
0 0.474609375 0.33203125 0.123046875 0.087890625
0 0.669921875 0.6474609375 0.0625 0.0673828125
0 0.82421875 0.9248046875 0.171875 0.095703125
0 0.9716796875 0.8466796875 0.14453125 0.0498046875
0 0.5693359375 0.421875 0.1044921875 0.0673828125
0 0.9345703125 0.787109375 0.1396484375 0.0703125
0 0.46484375 0.6123046875 0.0830078125 0.0830078125
0 0.931640625 0.419921875 0.2470703125 0.0654296875
0 0.9296875 0.7265625 0.1328125 0.1875
0 1.0 0.94921875 0.1826171875 0.0849609375
0 0.3447265625 0.591796875 0.1123046875 0.1044921875
0 0.0947265625 0.494140625 0.0947265625 0.162109375
0 0.15234375 0.7099609375 0.15234375 0.1025390625
0 0.6748046875 0.96484375 0.1357421875 0.0654296875
0 0.671875 0.5341796875 0.0625 0.0595703125
0 0.744140625 0.7724609375 0.1220703125 0.0751953125
0 0.671875 0.314453125 0.125 0.0673828125
0 0.2841796875 0.734375 0.1494140625 0.1025390625
0 0.07421875 0.1494140625 0.07421875 0.064453125
0 0.1875 1.0 0.142578125 0.087890625
0 0.9892578125 0.169921875 0.1826171875 0.087890625
0 0.0693359375 1.0 0.0693359375 0.0458984375
0 0.21484375 0.8125 0.1806640625 0.0927734375
0 0.3017578125 0.26171875 0.091796875 0.1669921875
0 0.49609375 0.947265625 0.265625 0.09765625
0 0.6572265625 0.7421875 0.0751953125 0.0849609375
0 0.1748046875 0.5068359375 0.0849609375 0.1494140625
0 0.4970703125 0.4765625 0.1796875 0.08203125
0 0.1669921875 0.26171875 0.0751953125 0.1396484375
0 0.279296875 0.3447265625 0.1025390625 0.107421875
0 0.697265625 0.439453125 0.115234375 0.0595703125
0 0.90234375 0.46484375 0.0703125 0.0654296875
0 0.6796875 0.14453125 0.0751953125 0.0625
0 0.8369140625 0.6943359375 0.080078125 0.0625
0 0.57421875 0.154296875 0.109375 0.064453125
0 0.6142578125 0.19921875 0.0771484375 0.07421875
0 0.232421875 0.2197265625 0.0625 0.0751953125
0 0.626953125 0.0498046875 0.1201171875 0.0478515625
0 0.806640625 0.15234375 0.1123046875 0.05078125
0 0.3349609375 0.6318359375 0.10546875 0.0751953125
0 0.607421875 0.501953125 0.169921875 0.0771484375
0 0.3671875 0.169921875 0.087890625 0.0703125
0 1.0 0.2744140625 0.1181640625 0.0703125
0 0.2099609375 0.8818359375 0.078125 0.052734375
0 0.806640625 0.224609375 0.2119140625 0.0703125
0 0.806640625 0.83984375 0.099609375 0.0625
0 0.4091796875 0.3671875 0.1025390625 0.060546875
0 0.7919921875 0.2724609375 0.1552734375 0.0908203125
0 0.2744140625 0.8818359375 0.1201171875 0.1572265625
0 0.876953125 1.0 0.115234375 0.060546875
0 0.95703125 0.0419921875 0.0703125 0.0400390625
0 0.009765625 0.0771484375 0.009765625 0.0751953125
0 0.1171875 0.05859375 0.103515625 0.056640625
0 0.806640625 0.994140625 0.15234375 0.046875
0 1.0 0.4873046875 0.0751953125 0.0556640625
0 0.2646484375 0.3671875 0.09765625 0.0546875
0 1.0 0.1767578125 0.1025390625 0.046875
0 0.8974609375 0.32421875 0.1083984375 0.0546875
0 0.681640625 0.0849609375 0.1474609375 0.0654296875
0 0.716796875 0.029296875 0.115234375 0.02734375
0 0.71484375 0.1591796875 0.11328125 0.01953125
