0 0.0625 0.0126953125 0.0625 0.0126953125
0 0.02734375 0.09375 0.02734375 0.0810546875
0 0.248046875 0.1923828125 0.1328125 0.0859375
0 0.2890625 0.38671875 0.12890625 0.09765625
0 0.2294921875 0.49609375 0.0595703125 0.1025390625
0 0.2529296875 0.4716796875 0.0439453125 0.0771484375
0 0.06640625 1.0 0.06640625 0.0595703125
0 0.10546875 0.783203125 0.0810546875 0.0732421875
0 0.099609375 0.689453125 0.0625 0.072265625
0 0.1787109375 0.7734375 0.0498046875 0.0595703125
0 0.7939453125 0.9462890625 0.1650390625 0.16796875
0 0.4501953125 1.0 0.0556640625 0.060546875
0 0.3154296875 0.8779296875 0.08984375 0.083984375
0 0.3173828125 0.7919921875 0.080078125 0.0751953125
0 0.43359375 0.7431640625 0.0654296875 0.0888671875
0 0.5234375 0.833984375 0.0810546875 0.09765625
0 0.7099609375 0.77734375 0.0888671875 0.0908203125
0 0.7392578125 0.6728515625 0.0615234375 0.0556640625
0 0.712890625 0.5908203125 0.0576171875 0.05859375
0 0.59765625 0.546875 0.09765625 0.0634765625
0 0.6806640625 0.5234375 0.0927734375 0.072265625
0 0.4951171875 0.4775390625 0.076171875 0.1025390625
0 0.330078125 0.5908203125 0.0771484375 0.13671875
0 0.3447265625 0.1982421875 0.0673828125 0.0703125
0 0.6943359375 0.189453125 0.099609375 0.06640625
0 0.83203125 0.2666015625 0.119140625 0.1083984375
0 0.830078125 0.373046875 0.0966796875 0.1220703125
0 0.9619140625 0.326171875 0.0576171875 0.119140625
0 1.0 0.240234375 0.072265625 0.0908203125
0 0.8857421875 0.4697265625 0.1240234375 0.064453125
0 0.8623046875 0.55859375 0.0703125 0.08984375
0 0.8408203125 0.6376953125 0.0986328125 0.0615234375
0 0.837890625 0.7119140625 0.064453125 0.056640625
0 0.99609375 0.552734375 0.1123046875 0.0869140625
0 1.0 0.4521484375 0.07421875 0.0947265625
0 1.0 0.7421875 0.0458984375 0.080078125
0 0.865234375 0.806640625 0.0712890625 0.0751953125
0 0.89453125 0.8837890625 0.0947265625 0.0966796875
0 0.943359375 0.796875 0.056640625 0.0810546875
0 1.0 0.8408203125 0.056640625 0.0751953125
0 1.0 0.9306640625 0.0537109375 0.095703125
0 0.998046875 0.99609375 0.125 0.08203125
0 0.7041015625 0.064453125 0.0869140625 0.064453125
0 0.6083984375 0.1318359375 0.06640625 0.064453125
0 0.861328125 0.05859375 0.0859375 0.05859375
0 0.8115234375 0.134765625 0.0615234375 0.0732421875
0 0.9287109375 0.158203125 0.091796875 0.0986328125
0 0.986328125 0.0947265625 0.09765625 0.068359375
0 0.966796875 0.0419921875 0.111328125 0.0419921875
0 0.32421875 0.0400390625 0.076171875 0.0400390625
0 0.07421875 0.6279296875 0.044921875 0.05078125
0 0.5322265625 0.796875 0.1123046875 0.0927734375
