0 0.697265625 0.7490234375 0.052734375 0.087890625
0 0.18359375 0.55859375 0.0654296875 0.0888671875
0 0.3447265625 0.50390625 0.0556640625 0.1279296875
0 0.3857421875 0.70703125 0.0732421875 0.0732421875
0 0.7646484375 0.57421875 0.0732421875 0.16015625
0 0.595703125 0.9130859375 0.1015625 0.1025390625
0 0.103515625 0.771484375 0.0263671875 0.0908203125
0 0.703125 0.8837890625 0.0888671875 0.0947265625
0 0.26171875 0.5849609375 0.0810546875 0.0869140625
0 0.2939453125 0.7138671875 0.1201171875 0.1103515625
0 0.58203125 0.5537109375 0.1201171875 0.03515625
0 0.044921875 0.9658203125 0.044921875 0.0732421875
0 0.5048828125 0.123046875 0.05859375 0.0927734375
0 0.2724609375 0.146484375 0.044921875 0.087890625
0 0.11328125 0.6630859375 0.0283203125 0.125
0 0.8232421875 0.845703125 0.0859375 0.0703125
0 0.708984375 0.650390625 0.0400390625 0.0712890625
0 0.9892578125 0.484375 0.048828125 0.08203125
0 0.8759765625 0.5263671875 0.0361328125 0.1171875
0 0.4462890625 0.669921875 0.0400390625 0.0908203125
0 0.07421875 0.5888671875 0.044921875 0.126953125
0 0.67578125 0.18359375 0.05859375 0.0810546875
0 0.5771484375 0.203125 0.0859375 0.169921875
0 0.169921875 0.6474609375 0.0517578125 0.0546875
0 0.0771484375 0.3046875 0.0673828125 0.0556640625
0 0.8740234375 0.5771484375 0.052734375 0.0771484375
0 0.4580078125 0.310546875 0.037109375 0.0693359375
0 0.494140625 0.625 0.0693359375 0.0439453125
0 0.3876953125 0.7607421875 0.03125 0.0546875
0 0.556640625 0.3583984375 0.08955078124999999 0.04843750000000002
0 0.271484375 0.9501953125 0.0263671875 0.0595703125
0 1.0 0.2568359375 0.0400390625 0.0322265625
0 0.3134765625 0.2138671875 0.1513671875 0.0458984375
0 0.142578125 0.9140625 0.0283203125 0.05859375
0 1.0 0.6220703125 0.05078125 0.0234375
0 0.603515625 0.2451171875 0.044921875 0.072265625
0 0.3564453125 0.755859375 0.033203125 0.046875
0 0.5009765625 0.5869140625 0.0791015625 0.0458984375
0 0.7763671875 1.0 0.0419921875 0.021484375
