0 0.0654296875 0.3671875 0.0654296875 0.068359375
0 0.09375 0.4150390625 0.0771484375 0.0478515625
0 0.2978515625 0.39453125 0.0615234375 0.0673828125
0 0.3486328125 0.404296875 0.0576171875 0.0556640625
0 0.3876953125 0.3134765625 0.0703125 0.0615234375
0 0.5283203125 0.3232421875 0.0810546875 0.05859375
0 0.65234375 0.2744140625 0.0791015625 0.052734375
0 0.685546875 0.396484375 0.0771484375 0.076171875
0 0.5986328125 0.5537109375 0.099609375 0.091796875
0 0.8134765625 0.4931640625 0.087890625 0.1513671875
0 0.8779296875 0.546875 0.064453125 0.0625
0 1.0 0.4951171875 0.083984375 0.087890625
0 0.0478515625 0.1162109375 0.0478515625 0.091796875
0 0.11328125 0.123046875 0.076171875 0.0791015625
0 0.072265625 0.234375 0.072265625 0.0634765625
0 0.2138671875 0.26953125 0.078125 0.0703125
0 0.345703125 0.1083984375 0.06640625 0.056640625
0 0.3095703125 0.056640625 0.080078125 0.056640625
0 0.4365234375 0.03515625 0.072265625 0.03515625
0 0.4404296875 0.1640625 0.0751953125 0.078125
0 0.59765625 0.1630859375 0.09375 0.0673828125
0 0.619140625 0.068359375 0.0751953125 0.0654296875
0 0.8984375 0.0419921875 0.0693359375 0.0419921875
0 0.8544921875 0.0947265625 0.0849609375 0.052734375
0 0.806640625 0.078125 0.06640625 0.078125
0 0.984375 0.0693359375 0.0625 0.0693359375
0 0.9990234375 0.162109375 0.099609375 0.064453125
0 0.1259765625 0.529296875 0.1142578125 0.0888671875
0 0.0419921875 0.5791015625 0.0419921875 0.0625
0 0.16796875 0.6484375 0.08203125 0.068359375
0 0.43359375 0.6083984375 0.0654296875 0.076171875
0 0.501953125 0.650390625 0.0615234375 0.060546875
0 0.5166015625 0.73046875 0.0927734375 0.083984375
0 0.7109375 0.69921875 0.064453125 0.068359375
0 0.82421875 0.626953125 0.07421875 0.05859375
0 0.765625 0.69921875 0.05078125 0.0693359375
0 0.9150390625 0.72265625 0.09375 0.08203125
0 0.4892578125 1.0 0.0791015625 0.0361328125
0 0.5068359375 0.9091796875 0.0771484375 0.0771484375
0 0.765625 0.953125 0.0654296875 0.0771484375
0 0.6806640625 0.8212890625 0.0927734375 0.06640625
0 0.806640625 0.962890625 0.0478515625 0.0478515625
0 1.0 0.9609375 0.04296875 0.06640625
0 0.982421875 0.8203125 0.05859375 0.064453125
0 0.2451171875 0.8056640625 0.0615234375 0.0732421875
0 0.28515625 0.908203125 0.064453125 0.072265625
0 0.3349609375 0.876953125 0.0693359375 0.080078125
0 0.33203125 0.697265625 0.0966796875 0.1103515625
0 0.236328125 0.0810546875 0.052734375 0.046875
