0 0.0771484375 0.791015625 0.0771484375 0.0966796875
0 0.236328125 0.611328125 0.109375 0.158203125
0 0.2763671875 0.7138671875 0.05859375 0.0986328125
0 0.20703125 0.3310546875 0.0673828125 0.0703125
0 0.3701171875 0.3349609375 0.08203125 0.1416015625
0 0.4052734375 0.310546875 0.0556640625 0.064453125
0 0.3125 0.232421875 0.0634765625 0.0576171875
0 0.5146484375 0.376953125 0.060546875 0.0712890625
0 0.8193359375 0.228515625 0.1025390625 0.1357421875
0 0.87890625 0.2001953125 0.06640625 0.0986328125
0 0.951171875 0.2392578125 0.056640625 0.072265625
0 0.84765625 0.3330078125 0.0810546875 0.0576171875
0 1.0 0.2939453125 0.0537109375 0.072265625
0 0.498046875 0.744140625 0.076171875 0.0869140625
0 0.6484375 0.7041015625 0.068359375 0.0732421875
0 0.6611328125 0.87890625 0.076171875 0.076171875
0 1.0 0.8466796875 0.0537109375 0.0966796875
0 0.9599609375 0.6728515625 0.0869140625 0.0751953125
0 0.0244140625 0.2939453125 0.0244140625 0.0537109375
0 0.556640625 0.2607421875 0.0380859375 0.048828125
0 1.0 0.3310546875 0.017578125 0.0546875
