0 0.1533203125 0.12109375 0.138671875 0.12109375
0 0.208984375 0.1455078125 0.0830078125 0.1015625
0 0.1943359375 0.2177734375 0.0986328125 0.06640625
0 0.1982421875 0.2578125 0.0859375 0.0703125
0 0.5693359375 0.115234375 0.0712890625 0.0810546875
0 0.6962890625 0.1064453125 0.1103515625 0.0888671875
0 0.8037109375 0.0908203125 0.0751953125 0.0908203125
0 0.87109375 0.138671875 0.103515625 0.083984375
0 1.0 0.0283203125 0.0380859375 0.0283203125
0 1.0 0.234375 0.041015625 0.0654296875
0 0.9248046875 0.3837890625 0.0771484375 0.0673828125
0 0.685546875 0.3828125 0.111328125 0.056640625
0 0.5927734375 0.302734375 0.0771484375 0.083984375
0 0.4287109375 0.333984375 0.0859375 0.1279296875
0 0.2529296875 0.455078125 0.099609375 0.0791015625
0 0.2333984375 0.69140625 0.0654296875 0.1640625
0 0.36328125 0.5927734375 0.0556640625 0.0498046875
0 0.40625 0.537109375 0.0751953125 0.078125
0 0.521484375 0.5302734375 0.080078125 0.091796875
0 0.5888671875 0.62890625 0.2353515625 0.10546875
0 0.5029296875 0.7841796875 0.162109375 0.1083984375
0 0.54296875 0.828125 0.068359375 0.1318359375
0 0.6494140625 0.869140625 0.095703125 0.154296875
0 0.7744140625 0.7900390625 0.0791015625 0.13671875
0 0.8408203125 0.6103515625 0.107421875 0.0947265625
0 0.978515625 0.5009765625 0.0986328125 0.0751953125
0 0.17578125 0.990234375 0.0634765625 0.205078125
0 0.3134765625 0.75390625 0.0908203125 0.08203125
0 0.056640625 0.7109375 0.056640625 0.05859375
0 0.71484375 0.978515625 0.0693359375 0.0791015625
0 0.896484375 0.6904296875 0.1025390625 0.09765625
0 1.0 0.6787109375 0.0947265625 0.0810546875
0 0.99609375 0.8369140625 0.13671875 0.181640625
