0 1.0 0.158203125 0.08203125 0.0390625
0 0.9287109375 0.138671875 0.0498046875 0.0380859375
0 0.83984375 0.0947265625 0.0322265625 0.0439453125
0 0.978515625 0.0322265625 0.056640625 0.0322265625
0 0.783203125 0.0732421875 0.046875 0.03515625
0 0.7822265625 0.19140625 0.0771484375 0.05078125
0 0.8388671875 0.279296875 0.060546875 0.046875
0 1.0 0.2939453125 0.0712890625 0.03515625
0 0.5859375 0.037109375 0.0517578125 0.037109375
0 0.625 0.0693359375 0.083984375 0.046875
0 0.5732421875 0.1591796875 0.08203125 0.0498046875
0 0.4296875 0.1728515625 0.0390625 0.029296875
0 0.4208984375 0.24609375 0.076171875 0.0400390625
0 0.4814453125 0.32421875 0.06640625 0.048828125
0 0.2900390625 0.2333984375 0.0322265625 0.0224609375
0 0.1064453125 0.154296875 0.0693359375 0.025390625
0 0.1796875 0.0380859375 0.0947265625 0.033203125
0 0.916015625 0.638671875 0.0546875 0.052734375
0 0.9111328125 0.669921875 0.0322265625 0.05078125
0 0.8203125 0.642578125 0.0400390625 0.11328125
0 0.7685546875 0.521484375 0.076171875 0.03125
0 0.6826171875 0.607421875 0.0498046875 0.0390625
0 0.560546875 0.673828125 0.09375 0.041015625
0 0.7734375 0.72265625 0.1396484375 0.08984375
0 0.7197265625 0.787109375 0.0615234375 0.0546875
0 0.7880859375 0.8466796875 0.0625 0.068359375
0 0.1953125 0.541015625 0.0869140625 0.0654296875
0 0.1513671875 0.6005859375 0.0927734375 0.0302734375
0 0.0771484375 0.6474609375 0.0693359375 0.0244140625
0 0.0849609375 0.658203125 0.05859375 0.0234375
0 0.0634765625 0.71484375 0.0263671875 0.0390625
0 0.060546875 0.8349609375 0.060546875 0.0908203125
