0 0.060546875 1.0 0.060546875 0.0673828125
0 0.0966796875 0.931640625 0.0966796875 0.0947265625
0 0.09375 0.865234375 0.09375 0.109375
0 0.1962890625 0.814453125 0.076171875 0.0869140625
0 0.1533203125 0.6953125 0.060546875 0.064453125
0 0.216796875 0.7158203125 0.0615234375 0.068359375
0 0.064453125 0.4453125 0.064453125 0.0673828125
0 0.2021484375 0.3779296875 0.0849609375 0.0712890625
0 0.1923828125 0.4599609375 0.0869140625 0.0712890625
0 0.126953125 0.5478515625 0.0654296875 0.056640625
0 0.17578125 0.51171875 0.0849609375 0.0595703125
0 0.224609375 0.498046875 0.0625 0.056640625
0 0.2568359375 0.5439453125 0.0849609375 0.05078125
0 0.140625 0.0771484375 0.0751953125 0.06640625
0 0.109375 0.236328125 0.0771484375 0.07421875
0 0.3271484375 0.12890625 0.0673828125 0.060546875
0 0.4267578125 0.181640625 0.08203125 0.068359375
0 0.369140625 0.271484375 0.0732421875 0.0966796875
0 0.39453125 0.2353515625 0.0703125 0.0732421875
0 0.470703125 0.3330078125 0.0732421875 0.080078125
0 0.5390625 0.3046875 0.0625 0.07421875
0 0.408203125 0.5224609375 0.0703125 0.0517578125
0 0.5693359375 0.5439453125 0.07421875 0.0810546875
0 0.478515625 0.55078125 0.0478515625 0.056640625
0 0.447265625 0.5859375 0.060546875 0.0712890625
0 0.404296875 0.6064453125 0.0927734375 0.08203125
0 0.466796875 0.759765625 0.1064453125 0.080078125
0 0.3662109375 0.8994140625 0.1640625 0.0654296875
0 0.365234375 0.9443359375 0.1005859375 0.064453125
0 0.5185546875 0.880859375 0.1533203125 0.0947265625
0 0.59375 0.9013671875 0.08203125 0.076171875
0 0.4453125 0.9853515625 0.0654296875 0.0673828125
0 0.486328125 1.0 0.0849609375 0.03515625
0 0.6298828125 0.9990234375 0.138671875 0.072265625
0 0.8955078125 0.994140625 0.0703125 0.052734375
0 0.791015625 0.9375 0.0830078125 0.0771484375
0 0.9599609375 0.880859375 0.12890625 0.095703125
0 0.8603515625 0.796875 0.0732421875 0.078125
0 0.919921875 0.7626953125 0.0703125 0.0771484375
0 0.6923828125 0.70703125 0.0556640625 0.0673828125
0 0.6474609375 0.9072265625 0.1025390625 0.0703125
0 1.0 0.8388671875 0.0859375 0.0732421875
0 1.0 0.7158203125 0.0732421875 0.1923828125
0 0.748046875 0.505859375 0.0810546875 0.0546875
0 0.8427734375 0.5302734375 0.0927734375 0.0947265625
0 0.787109375 0.5595703125 0.0751953125 0.0654296875
0 0.8271484375 0.5869140625 0.060546875 0.0625
0 0.9033203125 0.4345703125 0.1044921875 0.0859375
0 0.859375 0.322265625 0.06640625 0.0810546875
0 0.9326171875 0.294921875 0.08203125 0.0703125
0 0.6513671875 0.2451171875 0.0751953125 0.0859375
0 0.5927734375 0.146484375 0.07421875 0.0654296875
0 0.8095703125 0.2119140625 0.10546875 0.0830078125
0 0.8828125 0.1572265625 0.0751953125 0.0771484375
0 0.9912109375 0.1689453125 0.1044921875 0.0703125
0 0.5 0.4375 0.052734375 0.0625
0 0.9677734375 0.5087890625 0.123046875 0.046875
0 0.1337890625 0.9091796875 0.0478515625 0.0390625
0 0.7265625 0.89453125 0.0771484375 0.0634765625
0 0.5263671875 0.9169921875 0.068359375 0.0625
0 0.5390625 0.8642578125 0.052734375 0.0458984375
0 0.474609375 0.9169921875 0.0673828125 0.0517578125
0 1.0 0.7021484375 0.0283203125 0.033203125
0 0.4501953125 0.0185546875 0.0869140625 0.0185546875
0 0.7666015625 0.0224609375 0.0537109375 0.0224609375
0 0.0595703125 0.5087890625 0.0595703125 0.0439453125
