0 0.0439453125 0.9443359375 0.04296875 0.0556640625
0 0.138671875 0.5146484375 0.0791015625 0.123046875
0 0.205078125 0.75390625 0.091796875 0.083984375
0 0.1044921875 0.4111328125 0.0810546875 0.10546875
0 0.1767578125 0.328125 0.0615234375 0.068359375
0 0.10546875 0.0966796875 0.068359375 0.068359375
0 0.369140625 0.12890625 0.1474609375 0.11328125
0 0.39453125 0.1552734375 0.0703125 0.0869140625
0 0.380859375 0.353515625 0.0888671875 0.06640625
0 0.5234375 0.1572265625 0.080078125 0.1572265625
0 0.5634765625 0.2177734375 0.1044921875 0.08203125
0 0.693359375 0.2666015625 0.1162109375 0.0859375
0 0.734375 0.1845703125 0.0859375 0.0703125
0 0.5849609375 0.447265625 0.0927734375 0.09375
0 0.5380859375 0.6953125 0.107421875 0.1181640625
0 0.611328125 0.716796875 0.0634765625 0.064453125
0 0.6279296875 0.7578125 0.0556640625 0.0546875
0 0.5322265625 0.818359375 0.10546875 0.1015625
0 0.412109375 0.876953125 0.0966796875 0.1083984375
0 0.3291015625 0.9892578125 0.119140625 0.1103515625
0 0.5732421875 0.9482421875 0.087890625 0.072265625
0 0.693359375 0.833984375 0.0517578125 0.07421875
0 0.9990234375 0.25 0.0712890625 0.1396484375
0 0.9697265625 0.2060546875 0.0771484375 0.06640625
0 1.0 0.4345703125 0.107421875 0.0625
0 0.94140625 0.642578125 0.1484375 0.076171875
0 0.83203125 0.7275390625 0.0625 0.0810546875
0 1.0 0.8935546875 0.060546875 0.0634765625
0 0.8623046875 0.83984375 0.0849609375 0.0791015625
0 0.7763671875 0.857421875 0.060546875 0.0693359375
0 0.853515625 0.2958984375 0.0751953125 0.08203125
0 0.8291015625 0.2216796875 0.0595703125 0.0712890625
0 0.7939453125 0.0673828125 0.076171875 0.06640625
0 0.26171875 0.8837890625 0.064453125 0.046875
0 0.021484375 0.892578125 0.021484375 0.0439453125
0 0.369140625 0.919921875 0.0576171875 0.0595703125
0 0.9150390625 0.4384765625 0.0693359375 0.056640625
0 0.71484375 0.2568359375 0.068359375 0.0712890625
0 0.154296875 0.2158203125 0.078125 0.0703125
