0 0.4375 0.8720703125 0.0732421875 0.080078125
0 0.171875 0.2197265625 0.080078125 0.0830078125
0 0.322265625 0.5166015625 0.1005859375 0.072265625
0 0.4970703125 0.5947265625 0.1796875 0.5341796875
0 0.4033203125 0.3603515625 0.0830078125 0.0625
0 0.4892578125 0.2431640625 0.125 0.0732421875
0 0.0595703125 0.39453125 0.0595703125 0.0849609375
0 0.859375 0.796875 0.1328125 0.0673828125
0 0.244140625 0.2041015625 0.0771484375 0.0546875
0 0.2041015625 0.5146484375 0.08203125 0.09765625
0 0.2919921875 0.671875 0.1044921875 0.0869140625
0 0.3017578125 0.134765625 0.1025390625 0.0703125
0 0.48828125 1.0 0.091796875 0.048828125
0 0.869140625 0.2314453125 0.1572265625 0.068359375
0 0.0791015625 0.224609375 0.0595703125 0.0576171875
0 1.0 0.6474609375 0.0576171875 0.0703125
0 0.1123046875 0.2998046875 0.095703125 0.0927734375
0 0.32421875 0.2392578125 0.0947265625 0.0595703125
0 0.76953125 0.4541015625 0.1025390625 0.0693359375
0 0.8271484375 0.8369140625 0.0751953125 0.0546875
0 0.431640625 0.171875 0.05078125 0.05078125
0 0.998046875 0.9990234375 0.08203125 0.052734375
0 0.513671875 0.595703125 0.1513671875 0.0732421875
