0 0.7861328125 0.669921875 0.0732421875 0.1015625
0 0.7607421875 0.0986328125 0.048828125 0.0986328125
0 0.775390625 0.14453125 0.0888671875 0.0732421875
0 0.0244140625 0.4638671875 0.0244140625 0.0732421875
0 0.7890625 0.45703125 0.1015625 0.111328125
0 0.3408203125 0.7314453125 0.0615234375 0.06640625
0 0.74609375 0.5439453125 0.0693359375 0.068359375
0 0.5771484375 0.6904296875 0.1015625 0.080078125
0 0.919921875 0.0859375 0.0322265625 0.0849609375
0 0.6298828125 0.4404296875 0.05078125 0.0712890625
0 0.677734375 0.701171875 0.08984375 0.072265625
0 0.83984375 0.2431640625 0.0673828125 0.0625
0 0.9404296875 0.7265625 0.08203125 0.0615234375
0 0.7529296875 0.9794921875 0.1025390625 0.09375
0 0.5537109375 0.5078125 0.037109375 0.1015625
0 0.435546875 0.3984375 0.109375 0.0478515625
0 0.2060546875 0.8662109375 0.0966796875 0.060546875
0 0.8671875 0.6318359375 0.041015625 0.08203125
0 0.6259765625 0.4765625 0.05859375 0.052734375
0 0.5859375 0.2353515625 0.1181640625 0.0615234375
0 0.291015625 0.146484375 0.0849609375 0.0654296875
0 0.98046875 0.814453125 0.1162109375 0.0732421875
0 0.125 0.177734375 0.0712890625 0.0419921875
0 0.4580078125 0.5439453125 0.083984375 0.0361328125
0 0.384765625 0.234375 0.0654296875 0.0419921875
0 0.744140625 0.181640625 0.0908203125 0.056640625
0 0.6025390625 0.1298828125 0.0830078125 0.0400390625
0 0.076171875 0.85546875 0.076171875 0.0791015625
0 0.1396484375 0.591796875 0.0732421875 0.0478515625
0 1.0 0.5126953125 0.0615234375 0.0380859375
0 0.3583984375 0.66796875 0.0751953125 0.0341796875
0 0.8798828125 0.119140625 0.056640625 0.0556640625
0 0.36328125 0.7890625 0.0869140625 0.02734375
0 0.509765625 0.1396484375 0.064453125 0.0654296875
0 0.255859375 0.8310546875 0.068359375 0.0791015625
0 0.265625 0.185546875 0.0947265625 0.0439453125
0 0.5166015625 0.484375 0.078125 0.029296875
0 0.654296875 0.87109375 0.087890625 0.056640625
0 0.3525390625 0.8193359375 0.0673828125 0.0302734375
0 0.8310546875 0.826171875 0.060546875 0.0390625
0 0.5234375 0.1845703125 0.05859375 0.056640625
0 0.48046875 0.8046875 0.083984375 0.048828125
0 0.40234375 0.9140625 0.0498046875 0.0341796875
0 0.11328125 0.78125 0.0869140625 0.0419921875
0 0.30859375 0.537109375 0.056640625 0.0458984375
0 0.888671875 0.91796875 0.111328125 0.0498046875
0 0.4833984375 0.849609375 0.107421875 0.0517578125
0 0.6484375 0.1259765625 0.0712890625 0.046875
0 0.453125 0.2060546875 0.0771484375 0.06640625
0 0.98046875 0.7587890625 0.0869140625 0.0400390625
0 0.146484375 0.8046875 0.0791015625 0.0283203125
0 0.4970703125 0.8662109375 0.068359375 0.0361328125
0 0.490234375 0.443359375 0.1416015625 0.04296875
0 0.96875 0.427734375 0.0771484375 0.0458984375
0 0.6474609375 0.5849609375 0.083984375 0.0205078125
0 0.6982421875 1.0 0.0576171875 0.02734375
0 0.62109375 0.76171875 0.0673828125 0.0234375
0 0.2392578125 0.8505859375 0.0654296875 0.0498046875
0 0.806640625 1.0 0.044921875 0.01953125
0 0.6220703125 0.220703125 0.099609375 0.04296875
0 0.921875 0.181640625 0.0869140625 0.04296875
0 0.158203125 0.66796875 0.0576171875 0.0283203125
0 0.7099609375 0.5419921875 0.0517578125 0.017578125
0 0.0947265625 0.888671875 0.0634765625 0.0400390625
0 0.162109375 0.6953125 0.0546875 0.044921875
0 0.5244140625 0.443359375 0.0517578125 0.0556640625
0 0.9580078125 0.490234375 0.0341796875 0.05078125
0 0.8642578125 0.15234375 0.033203125 0.0322265625
