0 0.970703125 0.294921875 0.0830078125 0.1279296875
0 1.0 0.390625 0.033203125 0.0703125
0 0.873046875 0.37890625 0.0693359375 0.0703125
0 0.7451171875 0.306640625 0.0595703125 0.078125
0 0.642578125 0.4775390625 0.06640625 0.0595703125
0 0.53125 0.365234375 0.0888671875 0.0732421875
0 0.5576171875 0.2578125 0.076171875 0.072265625
0 0.427734375 0.5830078125 0.0849609375 0.119140625
0 0.1650390625 0.396484375 0.125 0.087890625
0 0.2392578125 0.2763671875 0.076171875 0.05859375
0 0.240234375 0.3349609375 0.0830078125 0.0693359375
0 0.2373046875 0.173828125 0.0546875 0.080078125
0 0.3203125 0.1416015625 0.080078125 0.0947265625
0 0.408203125 0.09765625 0.0703125 0.0712890625
0 0.841796875 0.1142578125 0.0654296875 0.1142578125
0 1.0 0.080078125 0.0517578125 0.0703125
0 0.76953125 0.7431640625 0.07421875 0.0732421875
0 0.8876953125 0.6318359375 0.0673828125 0.0625
0 0.984375 0.802734375 0.0830078125 0.0732421875
0 0.8203125 0.9912109375 0.05078125 0.0791015625
0 0.7099609375 1.0 0.068359375 0.05859375
0 0.623046875 0.9423828125 0.0615234375 0.1005859375
0 0.5751953125 0.8984375 0.056640625 0.0595703125
0 0.4130859375 0.7802734375 0.1044921875 0.0810546875
0 0.25390625 0.8486328125 0.0751953125 0.1240234375
0 0.45703125 0.94140625 0.0791015625 0.0517578125
0 0.521484375 0.955078125 0.0615234375 0.0537109375
0 0.0869140625 0.7197265625 0.0869140625 0.115234375
0 0.2158203125 0.560546875 0.0888671875 0.0791015625
0 0.1044921875 0.1787109375 0.1025390625 0.1064453125
0 0.779296875 0.1708984375 0.0888671875 0.0732421875
0 0.75390625 0.2294921875 0.078125 0.0654296875
0 0.06640625 0.8798828125 0.06640625 0.0625
