0 0.2548828125 0.0498046875 0.1103515625 0.0498046875
0 0.3125 0.671875 0.1455078125 0.1298828125
0 0.1572265625 0.6015625 0.1298828125 0.08203125
0 0.9892578125 0.22265625 0.154296875 0.0703125
0 0.87109375 0.6162109375 0.14453125 0.1171875
0 0.296875 0.89453125 0.2001953125 0.111328125
0 0.865234375 0.3115234375 0.1318359375 0.115234375
0 0.2490234375 0.490234375 0.107421875 0.1455078125
0 0.109375 0.056640625 0.109375 0.056640625
0 0.1669921875 0.322265625 0.1396484375 0.095703125
0 0.853515625 1.0 0.1396484375 0.0712890625
0 1.0 0.3388671875 0.095703125 0.0869140625
0 0.2392578125 1.0 0.1201171875 0.1376953125
0 1.0 0.861328125 0.212890625 0.1259765625
0 1.0 0.5322265625 0.0712890625 0.1015625
0 0.998046875 1.0 0.0751953125 0.09375
