0 0.1083984375 0.2021484375 0.0712890625 0.1044921875
0 0.1552734375 0.19140625 0.0693359375 0.0625
0 0.3857421875 0.0888671875 0.07421875 0.0693359375
0 0.0537109375 0.33203125 0.05078125 0.076171875
0 0.1494140625 0.330078125 0.0556640625 0.068359375
0 0.28515625 0.3359375 0.087890625 0.064453125
0 0.359375 0.3251953125 0.080078125 0.1162109375
0 0.3759765625 0.40625 0.07421875 0.103515625
0 0.0751953125 0.5634765625 0.0693359375 0.0869140625
0 0.2666015625 0.6875 0.060546875 0.0595703125
0 0.08203125 0.787109375 0.0751953125 0.0654296875
0 0.140625 0.8828125 0.0986328125 0.064453125
0 0.0654296875 0.8876953125 0.0615234375 0.072265625
0 0.0927734375 0.9287109375 0.0634765625 0.0517578125
0 0.1572265625 0.9482421875 0.0625 0.09375
0 0.138671875 1.0 0.0908203125 0.056640625
0 0.4267578125 0.96875 0.0693359375 0.068359375
0 0.537109375 0.8037109375 0.0712890625 0.07421875
0 0.552734375 0.7451171875 0.080078125 0.072265625
0 0.58984375 0.7080078125 0.0693359375 0.068359375
0 0.67578125 0.810546875 0.0791015625 0.0712890625
0 0.6201171875 0.853515625 0.0654296875 0.068359375
0 0.779296875 0.80078125 0.0830078125 0.0576171875
0 0.70703125 0.9306640625 0.0908203125 0.0859375
0 0.9033203125 0.9794921875 0.07421875 0.0849609375
0 0.953125 0.9443359375 0.0625 0.064453125
0 0.9443359375 0.8642578125 0.0537109375 0.0830078125
0 0.884765625 0.73828125 0.0927734375 0.0556640625
0 0.91015625 0.681640625 0.064453125 0.076171875
0 0.9716796875 0.6943359375 0.0625 0.05078125
0 0.75 0.6611328125 0.0693359375 0.07421875
0 0.8056640625 0.615234375 0.064453125 0.083984375
0 0.7919921875 0.5556640625 0.09375 0.1259765625
0 0.8955078125 0.521484375 0.1025390625 0.1162109375
0 0.9609375 0.525390625 0.0751953125 0.076171875
0 0.84375 0.431640625 0.0615234375 0.05078125
0 0.57421875 0.4892578125 0.068359375 0.0625
0 0.53515625 0.4501953125 0.0771484375 0.0615234375
0 0.564453125 0.392578125 0.115234375 0.0654296875
0 0.5029296875 0.341796875 0.080078125 0.0771484375
0 0.486328125 0.234375 0.0771484375 0.0625
0 0.58203125 0.2548828125 0.0673828125 0.0625
0 0.7138671875 0.248046875 0.0771484375 0.068359375
0 0.61328125 0.15625 0.044921875 0.072265625
0 0.7900390625 0.171875 0.0830078125 0.1025390625
0 0.5234375 0.0927734375 0.0947265625 0.0927734375
0 1.0 0.1259765625 0.0419921875 0.05859375
0 0.91015625 0.2060546875 0.048828125 0.080078125
0 0.9580078125 0.212890625 0.060546875 0.0654296875
0 1.0 0.2626953125 0.0654296875 0.0537109375
0 0.9052734375 0.3134765625 0.0673828125 0.103515625
0 0.9150390625 0.37109375 0.080078125 0.0576171875
0 0.8251953125 0.3662109375 0.0595703125 0.0732421875
0 0.71875 0.033203125 0.1171875 0.033203125
0 0.31640625 0.865234375 0.0458984375 0.0439453125
0 0.34375 0.8310546875 0.046875 0.0419921875
0 0.0517578125 0.9052734375 0.05078125 0.1064453125
