0 0.380859375 0.326171875 0.06640625 0.091796875
0 0.859375 0.16796875 0.0908203125 0.1015625
0 0.306640625 0.876953125 0.1328125 0.130859375
0 0.5439453125 0.57421875 0.060546875 0.091796875
0 0.75390625 0.5537109375 0.0302734375 0.083984375
0 0.44921875 0.845703125 0.0908203125 0.115234375
0 0.5205078125 0.2099609375 0.134765625 0.083984375
0 0.5322265625 0.8408203125 0.03125 0.0712890625
0 0.2861328125 0.6513671875 0.0263671875 0.099609375
0 0.318359375 0.5458984375 0.029296875 0.0693359375
0 0.732421875 0.060546875 0.03125 0.060546875
0 0.1689453125 0.814453125 0.1201171875 0.04296875
0 0.173828125 0.439453125 0.0751953125 0.0517578125
0 0.7197265625 0.564453125 0.189453125 0.0693359375
0 0.2705078125 0.4326171875 0.0791015625 0.0986328125
0 0.537109375 0.0537109375 0.037109375 0.052734375
0 0.345703125 0.46875 0.0673828125 0.138671875
0 0.8955078125 0.509765625 0.0576171875 0.21875
0 0.5595703125 0.9921875 0.0771484375 0.1396484375
0 0.314453125 0.46875 0.0390625 0.1171875
0 0.138671875 0.5166015625 0.0302734375 0.0673828125
0 0.15234375 0.85546875 0.0498046875 0.0361328125
0 0.2431640625 0.5556640625 0.03125 0.0556640625
0 0.9677734375 0.41796875 0.03515625 0.0419921875
0 0.869140625 0.6328125 0.0400390625 0.1044921875
0 0.349609375 0.5478515625 0.0234375 0.068359375
0 0.1044921875 0.4658203125 0.033203125 0.05859375
0 0.083984375 0.900390625 0.083984375 0.0302734375
0 0.0439453125 1.0 0.041015625 0.0341796875
0 0.9111328125 0.9873046875 0.0654296875 0.0390625
0 0.0458984375 0.9912109375 0.0458984375 0.125
0 0.68359375 0.732421875 0.0771484375 0.09765625
0 0.89453125 0.5576171875 0.0595703125 0.0576171875
0 0.876953125 0.482421875 0.078125 0.05859375
0 0.8251953125 0.3037109375 0.0439453125 0.181640625
0 0.53125 0.8955078125 0.04296875 0.05078125
0 0.4951171875 0.890625 0.185546875 0.0439453125
0 1.0 0.6474609375 0.177734375 0.0498046875
0 0.5986328125 0.6591796875 0.1689453125 0.1484375
0 0.26171875 0.3662109375 0.0615234375 0.1962890625
