0 0.8623046875 0.0791015625 0.0732421875 0.0771484375
0 0.734375 0.1611328125 0.05078125 0.0927734375
0 0.6044921875 0.44921875 0.0703125 0.078125
0 0.3857421875 0.1064453125 0.0712890625 0.0947265625
0 0.091796875 0.0771484375 0.0625 0.0771484375
0 0.5244140625 0.1513671875 0.0595703125 0.087890625
0 0.326171875 0.5 0.1015625 0.080078125
0 0.220703125 0.2373046875 0.05859375 0.08984375
0 0.92578125 0.3837890625 0.07421875 0.0693359375
0 0.4052734375 0.2900390625 0.07421875 0.072265625
0 0.2060546875 0.615234375 0.07421875 0.080078125
0 1.0 0.544921875 0.0380859375 0.0830078125
0 0.1923828125 0.5224609375 0.0888671875 0.0458984375
0 0.5263671875 0.6279296875 0.0771484375 0.0986328125
0 0.6982421875 0.150390625 0.0517578125 0.08203125
0 0.1923828125 0.697265625 0.0712890625 0.0712890625
0 0.6005859375 0.123046875 0.05859375 0.0693359375
0 0.5361328125 0.76171875 0.1142578125 0.06640625
0 1.0 0.70703125 0.0126953125 0.0478515625
0 0.1474609375 0.896484375 0.0791015625 0.08203125
0 0.3408203125 0.390625 0.0791015625 0.0751953125
0 0.2685546875 0.6943359375 0.0849609375 0.0791015625
0 0.8291015625 0.220703125 0.0771484375 0.052734375
0 0.119140625 0.447265625 0.095703125 0.0380859375
0 0.296875 0.701171875 0.0693359375 0.08203125
0 0.3818359375 0.396484375 0.06640625 0.08203125
0 0.482421875 0.421875 0.0966796875 0.103515625
0 0.9599609375 0.9208984375 0.048828125 0.0693359375
0 0.6220703125 0.40625 0.048828125 0.05859375
0 0.8046875 0.642578125 0.046875 0.060546875
0 0.4609375 0.5380859375 0.046875 0.0693359375
0 0.9794921875 0.826171875 0.0791015625 0.046875
0 0.474609375 0.6796875 0.0703125 0.025390625
0 0.197265625 0.7861328125 0.060546875 0.0439453125
0 0.5390625 0.1474609375 0.033203125 0.130859375
0 0.4140625 0.609375 0.0546875 0.0693359375
0 0.0439453125 0.1044921875 0.0439453125 0.0888671875
0 0.8759765625 0.1904296875 0.048828125 0.0625
0 0.33984375 0.5419921875 0.0859375 0.033203125
0 0.4482421875 0.697265625 0.095703125 0.0400390625
0 0.1884765625 0.8212890625 0.087890625 0.0341796875
0 0.09375 0.7421875 0.091796875 0.0390625
0 0.97265625 0.767578125 0.0634765625 0.0546875
0 0.453125 0.322265625 0.0615234375 0.0654296875
0 0.564453125 0.7177734375 0.0712890625 0.0439453125
0 0.716796875 0.732421875 0.0673828125 0.072265625
0 0.29296875 0.158203125 0.095703125 0.0947265625
0 0.08203125 0.705078125 0.0810546875 0.0283203125
0 0.4033203125 0.822265625 0.0615234375 0.060546875
0 1.0 0.7431640625 0.01953125 0.033203125
0 0.0732421875 0.61328125 0.0732421875 0.0966796875
0 0.73046875 0.63671875 0.04296875 0.064453125
0 0.232421875 0.13671875 0.06640625 0.107421875
0 0.494140625 0.0263671875 0.0400390625 0.0263671875
0 0.6611328125 0.6787109375 0.0673828125 0.0537109375
0 0.8837890625 0.86328125 0.0576171875 0.046875
0 0.1884765625 0.9951171875 0.0693359375 0.033203125
0 0.029296875 0.1767578125 0.029296875 0.0654296875
0 0.2890625 0.4140625 0.064453125 0.01953125
0 0.697265625 0.833984375 0.1015625 0.04296875
0 0.052734375 0.6435546875 0.05078125 0.0263671875
0 0.189453125 0.376953125 0.0908203125 0.0478515625
0 0.177734375 0.728515625 0.0400390625 0.0458984375
0 1.0 0.7138671875 0.048828125 0.0419921875
0 0.939453125 0.705078125 0.072265625 0.037109375
0 0.74609375 0.751953125 0.05078125 0.03125
0 0.41015625 0.7744140625 0.0537109375 0.0537109375
0 0.0849609375 0.84765625 0.0849609375 0.048828125
0 0.1728515625 0.998046875 0.05078125 0.0263671875
0 0.7255859375 0.712890625 0.0380859375 0.0556640625
0 0.6533203125 0.8271484375 0.0888671875 0.0419921875
0 0.2509765625 0.353515625 0.0654296875 0.06640625
0 0.8330078125 0.708984375 0.0654296875 0.0537109375
0 0.9150390625 0.7734375 0.08203125 0.0791015625
0 0.548828125 0.9248046875 0.0654296875 0.048828125
0 0.8701171875 1.0 0.037109375 0.0263671875
0 0.490234375 0.662109375 0.12109375 0.0458984375
0 0.4150390625 0.6220703125 0.0703125 0.0380859375
0 0.5283203125 0.5361328125 0.048828125 0.041015625
