0 0.3212890625 0.5244140625 0.0634765625 0.1005859375
0 0.419921875 0.5703125 0.0615234375 0.0830078125
0 0.55859375 0.1572265625 0.0751953125 0.115234375
0 0.9052734375 0.2578125 0.0693359375 0.099609375
0 0.6259765625 0.6171875 0.0634765625 0.0751953125
0 0.521484375 0.2412109375 0.0751953125 0.0654296875
0 0.6689453125 0.81640625 0.1171875 0.0732421875
0 0.1044921875 0.6396484375 0.052734375 0.0859375
0 0.923828125 0.30078125 0.0908203125 0.0546875
0 0.341796875 0.2841796875 0.091796875 0.09765625
0 0.7705078125 0.96875 0.1005859375 0.05859375
0 0.4501953125 0.7509765625 0.0673828125 0.037109375
0 0.7783203125 0.421875 0.0732421875 0.08203125
0 0.123046875 0.7529296875 0.09375 0.0546875
0 0.9453125 0.62109375 0.1015625 0.052734375
0 0.2060546875 0.421875 0.044921875 0.083984375
0 0.4150390625 0.6650390625 0.0625 0.0693359375
0 0.14453125 0.498046875 0.0859375 0.0556640625
0 0.2099609375 0.63671875 0.1142578125 0.072265625
0 0.423828125 0.8115234375 0.078125 0.0517578125
0 0.63671875 0.498046875 0.06640625 0.0712890625
0 0.6328125 0.44921875 0.130859375 0.0732421875
0 0.1259765625 0.0732421875 0.0986328125 0.0654296875
0 0.6630859375 0.1328125 0.0703125 0.068359375
0 0.158203125 0.11328125 0.083984375 0.048828125
0 0.251953125 0.267578125 0.1015625 0.0732421875
0 0.2646484375 0.6240234375 0.080078125 0.0595703125
0 1.0 0.5986328125 0.064453125 0.07421875
0 0.220703125 0.9140625 0.091796875 0.046875
0 0.5146484375 0.2578125 0.07421875 0.0625
0 0.662109375 0.763671875 0.0703125 0.0654296875
0 0.6259765625 0.203125 0.0654296875 0.0625
0 0.5517578125 0.8330078125 0.09375 0.048828125
0 0.5009765625 0.861328125 0.0556640625 0.0634765625
0 0.7421875 0.3046875 0.0703125 0.05078125
0 0.373046875 0.5927734375 0.0751953125 0.046875
0 0.2001953125 0.5068359375 0.07421875 0.052734375
0 0.4365234375 0.1796875 0.0546875 0.0625
0 0.060546875 0.431640625 0.060546875 0.05078125
0 0.9345703125 0.39453125 0.0693359375 0.0546875
0 0.75 0.5146484375 0.076171875 0.0693359375
0 0.7431640625 1.0 0.0732421875 0.0654296875
0 0.21875 0.7177734375 0.0966796875 0.0439453125
0 0.912109375 0.7734375 0.0859375 0.0517578125
0 0.123046875 0.666015625 0.1171875 0.0322265625
0 0.7978515625 0.095703125 0.060546875 0.0625
0 0.3505859375 0.3466796875 0.1259765625 0.0791015625
0 0.2119140625 0.8017578125 0.0673828125 0.0458984375
0 0.6904296875 0.0673828125 0.0615234375 0.0400390625
0 0.45703125 0.720703125 0.0537109375 0.0615234375
0 0.29296875 0.8515625 0.0771484375 0.048828125
0 0.9287109375 0.1552734375 0.095703125 0.1103515625
0 0.8271484375 0.3408203125 0.060546875 0.044921875
0 0.72265625 0.5634765625 0.138671875 0.080078125
0 0.85546875 0.064453125 0.0830078125 0.0546875
0 0.7724609375 0.7783203125 0.048828125 0.0322265625
0 0.78515625 0.537109375 0.046875 0.1298828125
0 1.0 0.845703125 0.04296875 0.0390625
0 0.751953125 0.556640625 0.05078125 0.078125
0 0.537109375 0.029296875 0.0390625 0.029296875
0 0.31640625 0.9375 0.0576171875 0.0341796875
0 0.056640625 0.533203125 0.056640625 0.0498046875
0 0.234375 0.0244140625 0.0400390625 0.0244140625
0 0.9580078125 0.01953125 0.0263671875 0.0185546875
0 0.7060546875 0.80859375 0.0361328125 0.05078125
0 0.3134765625 0.8955078125 0.0849609375 0.033203125
0 0.669921875 0.9853515625 0.0673828125 0.0380859375
0 0.1474609375 0.265625 0.1064453125 0.03515625
0 0.556640625 0.501953125 0.037109375 0.0341796875
0 0.11328125 0.0419921875 0.0654296875 0.0419921875
0 0.03515625 0.7177734375 0.03515625 0.025390625
0 0.890625 0.03125 0.044921875 0.03125
0 0.91015625 0.6416015625 0.1494140625 0.0458984375
