0 0.69140625 0.3662109375 0.107421875 0.0771484375
0 0.8857421875 0.3154296875 0.1171875 0.1064453125
0 1.0 0.5908203125 0.150390625 0.0966796875
0 0.62890625 0.4951171875 0.0849609375 0.0595703125
0 0.240234375 0.130859375 0.0927734375 0.0810546875
0 0.69921875 0.921875 0.1171875 0.1123046875
0 0.6142578125 0.796875 0.08984375 0.0869140625
0 0.76953125 0.447265625 0.1201171875 0.087890625
0 0.90234375 0.494140625 0.123046875 0.119140625
0 0.78125 0.7353515625 0.095703125 0.08984375
0 0.7109375 1.0 0.08203125 0.0517578125
0 0.0888671875 0.15234375 0.0693359375 0.0830078125
0 0.7919921875 0.88671875 0.1201171875 0.072265625
0 0.779296875 0.6494140625 0.1572265625 0.12890625
0 0.662109375 0.072265625 0.087890625 0.072265625
0 0.7294921875 0.255859375 0.07421875 0.0712890625
0 0.0908203125 0.607421875 0.0908203125 0.146484375
0 0.5830078125 0.935546875 0.0830078125 0.068359375
0 0.1044921875 0.734375 0.080078125 0.072265625
0 0.51171875 0.40234375 0.0771484375 0.0673828125
0 0.857421875 0.4521484375 0.1533203125 0.0947265625
0 0.9716796875 0.7216796875 0.0966796875 0.0517578125
