0 0.56640625 0.5771484375 0.107421875 0.0615234375
0 0.78125 0.7451171875 0.09765625 0.1044921875
0 0.59375 0.041015625 0.1005859375 0.041015625
0 0.3603515625 0.056640625 0.1025390625 0.056640625
0 0.814453125 0.17578125 0.078125 0.0673828125
0 0.109375 0.8955078125 0.109375 0.0634765625
0 0.484375 0.7666015625 0.0947265625 0.1005859375
0 0.6396484375 0.0869140625 0.09765625 0.0869140625
0 0.8994140625 0.71875 0.2158203125 0.1142578125
0 0.4140625 0.6572265625 0.1630859375 0.087890625
0 0.25 0.923828125 0.1552734375 0.064453125
0 0.9326171875 0.33984375 0.07421875 0.1064453125
0 1.0 0.8466796875 0.00390625 0.083984375
0 0.556640625 1.0 0.095703125 0.0576171875
0 1.0 0.275390625 0.1650390625 0.1083984375
0 0.28125 0.1689453125 0.1005859375 0.1103515625
0 0.603515625 0.5556640625 0.130859375 0.107421875
0 0.4267578125 0.0791015625 0.09765625 0.0791015625
0 0.2333984375 0.9892578125 0.16796875 0.0654296875
0 0.580078125 0.8828125 0.1953125 0.107421875
0 0.755859375 0.4287109375 0.0439453125 0.033203125
0 0.9990234375 0.45703125 0.072265625 0.048828125
0 0.2275390625 0.2177734375 0.2275390625 0.076171875
0 0.2978515625 1.0 0.2158203125 0.00390625
0 1.0 0.6396484375 0.1484375 0.0712890625
0 0.3623046875 0.8408203125 0.138671875 0.068359375
0 0.2783203125 0.734375 0.1240234375 0.0712890625
0 0.478515625 0.4755859375 0.1171875 0.166015625
0 1.0 0.6953125 0.12890625 0.07421875
0 0.6591796875 0.705078125 0.1171875 0.0703125
0 0.55078125 0.6689453125 0.1005859375 0.0703125
0 0.400390625 0.740234375 0.1142578125 0.078125
0 0.4345703125 0.60546875 0.1005859375 0.0927734375
0 0.607421875 0.583984375 0.0419921875 0.060546875
0 0.396484375 0.10546875 0.0419921875 0.0625
