0 0.9208984375 0.2294921875 0.1064453125 0.06640625
0 0.3125 0.921875 0.1025390625 0.0703125
0 0.34765625 0.7998046875 0.11328125 0.0546875
0 0.79296875 0.2763671875 0.091796875 0.083984375
0 1.0 0.650390625 0.0859375 0.05078125
0 0.3359375 0.6181640625 0.1376953125 0.0693359375
0 0.6171875 0.61328125 0.076171875 0.0576171875
0 0.1083984375 0.107421875 0.1064453125 0.0869140625
0 0.431640625 0.7177734375 0.1396484375 0.1025390625
0 0.4658203125 0.771484375 0.1220703125 0.0595703125
0 0.8193359375 0.5439453125 0.0556640625 0.103515625
0 0.5205078125 0.13671875 0.052734375 0.1220703125
0 0.4912109375 0.5380859375 0.1025390625 0.0732421875
0 1.0 0.8876953125 0.0498046875 0.056640625
0 0.6875 0.228515625 0.087890625 0.0625
0 0.197265625 0.998046875 0.0751953125 0.033203125
0 0.5478515625 0.1982421875 0.05078125 0.06640625
0 0.3798828125 0.47265625 0.15625 0.080078125
0 0.1044921875 0.8046875 0.1044921875 0.033203125
0 0.734375 0.56640625 0.0771484375 0.0517578125
0 0.4912109375 0.57421875 0.1025390625 0.033203125
0 0.219140625 0.5693359375 0.094140625 0.0615234375
0 0.712890625 0.59375 0.06640625 0.0673828125
0 0.4140625 0.515625 0.0576171875 0.04296875
0 0.7412109375 0.203125 0.0712890625 0.0400390625
0 0.6884765625 0.603515625 0.0927734375 0.029296875
0 0.2314453125 0.8525390625 0.1142578125 0.078125
0 0.5712890625 0.7861328125 0.080078125 0.0322265625
0 0.798828125 0.5517578125 0.1142578125 0.0419921875
0 0.7373046875 0.0283203125 0.060546875 0.0283203125
0 0.5576171875 0.6689453125 0.111328125 0.0390625
0 0.59375 0.9111328125 0.0751953125 0.044921875
0 0.533203125 0.962890625 0.09375 0.0341796875
0 0.48046875 0.9912109375 0.158203125 0.044921875
0 0.5966796875 0.27734375 0.181640625 0.125
0 0.6298828125 0.8408203125 0.0810546875 0.05078125
0 0.7939453125 0.921875 0.0654296875 0.01953125
0 0.07421875 0.6279296875 0.07421875 0.0244140625
0 0.78515625 0.7001953125 0.103515625 0.0478515625
0 0.7275390625 0.24609375 0.05078125 0.0361328125
0 0.365234375 0.7890625 0.119140625 0.19921875
0 0.8203125 0.578125 0.0859375 0.0283203125
0 0.79296875 0.6728515625 0.1044921875 0.0390625
0 0.0537109375 0.837890625 0.052734375 0.025390625
0 0.3203125 0.5390625 0.0927734375 0.0302734375
0 0.7724609375 0.998046875 0.0849609375 0.021484375
0 0.8173828125 0.9677734375 0.08984375 0.0400390625
0 0.271484375 0.5478515625 0.197265625 0.11328125
0 0.865234375 1.0 0.0654296875 0.03125
0 0.0341796875 0.2373046875 0.0341796875 0.0283203125
0 0.1826171875 0.6953125 0.0712890625 0.0419921875
0 0.08984375 1.0 0.087890625 0.0322265625
0 0.2353515625 0.8486328125 0.0908203125 0.0634765625
0 0.8037109375 0.8720703125 0.048828125 0.0517578125
0 0.6669921875 0.8779296875 0.044921875 0.0546875
0 0.470703125 0.09375 0.203125 0.09375
0 0.322265625 0.109375 0.20703125 0.080078125
0 0.248046875 0.7783203125 0.1923828125 0.0908203125
0 0.23828125 0.7939453125 0.1240234375 0.08203125
