0 0.94921875 0.0615234375 0.0673828125 0.0615234375
0 0.9638671875 0.291015625 0.0634765625 0.0625
0 1.0 0.4775390625 0.048828125 0.1171875
0 0.947265625 0.7119140625 0.060546875 0.05859375
0 0.8603515625 0.373046875 0.11328125 0.0625
0 0.82421875 0.482421875 0.1416015625 0.08203125
0 0.634765625 0.4912109375 0.0625 0.0576171875
0 0.5517578125 0.4736328125 0.083984375 0.080078125
0 0.5732421875 0.375 0.12109375 0.0830078125
0 0.4873046875 0.564453125 0.1044921875 0.14453125
0 0.341796875 0.4599609375 0.064453125 0.0810546875
0 0.318359375 0.337890625 0.060546875 0.0751953125
0 0.2607421875 0.177734375 0.126953125 0.0947265625
0 0.2509765625 0.4052734375 0.0693359375 0.0712890625
0 0.357421875 0.529296875 0.0595703125 0.048828125
0 0.287109375 0.5546875 0.08984375 0.0693359375
0 0.240234375 0.6044921875 0.091796875 0.05078125
0 0.1787109375 0.28515625 0.09765625 0.0654296875
0 0.1904296875 0.3349609375 0.0693359375 0.0556640625
0 0.1162109375 0.404296875 0.1162109375 0.0595703125
0 0.1025390625 0.32421875 0.1025390625 0.05859375
0 0.1708984375 0.728515625 0.1015625 0.0751953125
0 0.1357421875 0.828125 0.1025390625 0.1123046875
0 0.1845703125 0.92578125 0.0791015625 0.091796875
0 0.86328125 0.984375 0.0830078125 0.115234375
0 0.8134765625 0.8759765625 0.0595703125 0.107421875
0 0.9453125 0.8212890625 0.08203125 0.1103515625
0 0.6650390625 0.7646484375 0.0634765625 0.0634765625
0 0.845703125 0.7197265625 0.0771484375 0.052734375
0 0.560546875 0.9111328125 0.0966796875 0.16796875
0 0.61328125 0.92578125 0.05859375 0.1123046875
0 0.7041015625 0.9306640625 0.0888671875 0.06640625
0 0.4521484375 0.828125 0.1318359375 0.0888671875
0 0.3310546875 0.865234375 0.083984375 0.0615234375
0 0.4150390625 0.9912109375 0.08984375 0.0986328125
0 0.0859375 0.619140625 0.0859375 0.0458984375
0 0.4765625 0.908203125 0.0654296875 0.095703125
0 0.3505859375 0.953125 0.0986328125 0.080078125
0 0.0390625 0.48828125 0.0390625 0.06640625
0 0.0458984375 0.2548828125 0.0458984375 0.0771484375
0 0.0693359375 0.10546875 0.0693359375 0.0400390625
