0 0.5146484375 0.8623046875 0.134765625 0.1279296875
0 0.51171875 0.529296875 0.13671875 0.080078125
0 0.697265625 0.8466796875 0.072265625 0.08203125
0 0.97265625 0.619140625 0.1328125 0.091796875
0 0.2724609375 0.7119140625 0.142578125 0.0751953125
0 0.216796875 0.5517578125 0.15234375 0.154296875
0 0.376953125 0.591796875 0.09765625 0.1494140625
0 0.9765625 0.2822265625 0.0419921875 0.0849609375
0 0.46484375 0.3544921875 0.1298828125 0.0654296875
0 0.96484375 0.1875 0.0703125 0.05078125
0 0.6494140625 0.0869140625 0.0703125 0.0869140625
0 0.681640625 0.4541015625 0.224609375 0.099609375
0 0.2666015625 0.6494140625 0.126953125 0.0546875
0 0.1796875 0.912109375 0.080078125 0.224609375
0 0.5341796875 0.9697265625 0.14453125 0.1201171875
0 0.7841796875 0.4248046875 0.064453125 0.1376953125
0 0.0498046875 0.90234375 0.0498046875 0.1455078125
0 0.5791015625 0.0498046875 0.1318359375 0.0498046875
0 0.9267578125 0.1416015625 0.0673828125 0.0771484375
0 0.537109375 0.6826171875 0.1025390625 0.1025390625
0 0.4716796875 0.0869140625 0.0546875 0.0576171875
0 0.8125 1.0 0.0927734375 0.1455078125
0 0.697265625 0.9970703125 0.0703125 0.1171875
0 0.8916015625 0.716796875 0.2900390625 0.0947265625
0 0.3974609375 0.3720703125 0.1650390625 0.2021484375
0 0.744140625 0.662109375 0.1171875 0.2626953125
0 0.1669921875 0.3544921875 0.1279296875 0.0771484375
0 1.0 0.5517578125 0.0732421875 0.0673828125
0 0.75 0.15234375 0.1630859375 0.0478515625
0 0.044921875 0.439453125 0.044921875 0.205078125
0 0.759765625 0.20703125 0.1376953125 0.052734375
0 0.3369140625 0.7470703125 0.0595703125 0.2470703125
0 0.07421875 0.5625 0.07421875 0.205078125
0 0.9990234375 0.111328125 0.0966796875 0.0693359375
0 1.0 0.38671875 0.2177734375 0.1142578125
0 0.7568359375 0.7392578125 0.16015625 0.1044921875
0 0.0322265625 1.0 0.0322265625 0.1025390625
0 0.6591796875 0.482421875 0.072265625 0.1650390625
0 0.125 0.806640625 0.125 0.08203125
0 0.1123046875 0.8974609375 0.0625 0.0576171875
0 0.2021484375 0.9892578125 0.0546875 0.107421875
0 0.1416015625 0.947265625 0.1318359375 0.052734375
0 0.341796875 1.0 0.2744140625 0.1337890625
0 0.421875 1.0 0.1328125 0.2001953125
0 0.369140625 1.0 0.072265625 0.0830078125
0 0.5068359375 1.0 0.0927734375 0.033203125
0 0.6123046875 1.0 0.0927734375 0.0478515625
0 0.462890625 0.662109375 0.2509765625 0.1455078125
0 0.3291015625 0.8095703125 0.0869140625 0.1201171875
0 0.4169921875 0.83203125 0.037109375 0.0576171875
0 0.1298828125 0.64453125 0.11328125 0.0400390625
0 0.572265625 0.5166015625 0.1025390625 0.0517578125
0 0.2568359375 0.4873046875 0.03515625 0.060546875
0 0.3125 0.52734375 0.0625 0.1201171875
0 0.4091796875 0.431640625 0.044921875 0.0673828125
0 0.2265625 0.4423828125 0.197265625 0.087890625
0 0.814453125 0.6318359375 0.1474609375 0.0625
0 0.8095703125 0.734375 0.0771484375 0.0673828125
0 0.763671875 1.0 0.0400390625 0.064453125
0 0.95703125 0.8173828125 0.1376953125 0.087890625
0 0.9619140625 0.7373046875 0.064453125 0.158203125
0 1.0 0.8544921875 0.0859375 0.2470703125
0 1.0 0.859375 0.123046875 0.1650390625
0 0.5791015625 0.3818359375 0.0791015625 0.0595703125
0 0.109375 0.287109375 0.080078125 0.1904296875
0 0.2392578125 0.341796875 0.1396484375 0.162109375
0 0.2216796875 0.1875 0.1201171875 0.150390625
0 0.296875 0.1875 0.107421875 0.125
0 0.4296875 0.3095703125 0.2802734375 0.3095703125
0 0.27734375 0.2998046875 0.1806640625 0.1923828125
0 0.671875 0.232421875 0.099609375 0.05078125
0 0.6396484375 0.1875 0.0927734375 0.052734375
0 0.6015625 0.26953125 0.1572265625 0.26953125
0 0.5791015625 0.2021484375 0.1591796875 0.0771484375
0 0.6669921875 0.294921875 0.2548828125 0.11328125
0 0.607421875 0.349609375 0.052734375 0.09765625
0 0.7421875 0.33984375 0.060546875 0.060546875
0 1.0 0.4267578125 0.052734375 0.0771484375
0 0.9267578125 0.4521484375 0.064453125 0.107421875
0 0.8798828125 0.4267578125 0.0732421875 0.0498046875
0 0.943359375 0.30859375 0.1591796875 0.107421875
0 1.0 0.146484375 0.048828125 0.052734375
0 1.0 0.0537109375 0.138671875 0.0537109375
