0 0.15234375 0.30859375 0.0595703125 0.068359375
0 0.083984375 0.068359375 0.0556640625 0.0673828125
0 0.1650390625 0.060546875 0.0517578125 0.060546875
0 0.94140625 1.0 0.2314453125 0.1376953125
0 0.693359375 0.9111328125 0.0859375 0.0947265625
0 0.15234375 0.9072265625 0.06640625 0.072265625
0 0.1884765625 0.755859375 0.060546875 0.05078125
0 0.6669921875 0.7470703125 0.0458984375 0.0615234375
0 0.80078125 0.7607421875 0.068359375 0.130859375
0 0.5830078125 0.2734375 0.068359375 0.0576171875
0 0.7138671875 0.1962890625 0.060546875 0.0703125
0 0.8447265625 0.10546875 0.06640625 0.103515625
0 0.69140625 0.0966796875 0.0703125 0.095703125
0 0.3505859375 0.203125 0.0693359375 0.1455078125
0 0.37890625 0.1005859375 0.041015625 0.0888671875
0 0.451171875 0.2626953125 0.0849609375 0.056640625
0 0.38671875 0.2587890625 0.072265625 0.06640625
0 0.4345703125 0.6279296875 0.056640625 0.0712890625
0 0.4677734375 0.71875 0.046875 0.046875
0 0.2412109375 0.529296875 0.0537109375 0.0546875
0 0.1123046875 0.5546875 0.0703125 0.126953125
0 0.19140625 0.623046875 0.0625 0.0830078125
0 0.2177734375 0.7099609375 0.0712890625 0.0546875
0 0.111328125 0.7216796875 0.0810546875 0.109375
0 0.1044921875 0.7685546875 0.05859375 0.0517578125
0 0.771484375 0.4033203125 0.0634765625 0.0791015625
0 0.849609375 0.1767578125 0.0537109375 0.041015625
0 0.6181640625 0.23828125 0.072265625 0.0546875
0 0.818359375 0.7412109375 0.0322265625 0.0673828125
0 0.330078125 0.31640625 0.0615234375 0.0771484375
0 0.982421875 0.923828125 0.052734375 0.0673828125
0 0.576171875 0.04296875 0.0546875 0.04296875
0 1.0 0.3125 0.01171875 0.0498046875
0 1.0 0.25390625 0.0224609375 0.0439453125
0 0.373046875 0.3173828125 0.05859375 0.06640625
0 0.4921875 0.0771484375 0.12890625 0.0556640625
0 0.37109375 0.119140625 0.0625 0.1005859375
0 1.0 0.6845703125 0.0341796875 0.0830078125
0 0.236328125 0.6875 0.05078125 0.03515625
0 0.228515625 0.66015625 0.0546875 0.041015625
