0 0.3974609375 0.3251953125 0.1064453125 0.0517578125
0 0.4296875 0.251953125 0.1123046875 0.0693359375
0 0.4697265625 0.205078125 0.068359375 0.1005859375
0 0.5166015625 0.294921875 0.0673828125 0.0849609375
0 0.2041015625 0.234375 0.0478515625 0.0751953125
0 0.1708984375 0.3349609375 0.0537109375 0.076171875
0 0.11328125 0.2939453125 0.0439453125 0.0498046875
0 0.0859375 0.3173828125 0.04296875 0.072265625
0 0.06640625 0.2890625 0.06640625 0.056640625
0 0.4375 0.37109375 0.068359375 0.0546875
0 0.5263671875 0.3544921875 0.0595703125 0.05078125
0 0.5654296875 0.341796875 0.0625 0.0498046875
0 0.6962890625 0.3388671875 0.083984375 0.0439453125
0 0.525390625 0.7001953125 0.0625 0.0830078125
0 0.6259765625 0.7041015625 0.078125 0.0625
0 0.6083984375 0.7763671875 0.076171875 0.0615234375
0 0.7255859375 0.779296875 0.09375 0.068359375
0 0.7412109375 0.71875 0.06640625 0.091796875
0 0.837890625 0.7412109375 0.0673828125 0.06640625
0 0.8720703125 0.7080078125 0.0888671875 0.076171875
0 0.7939453125 0.4638671875 0.0830078125 0.05859375
0 0.9228515625 0.48046875 0.087890625 0.0478515625
0 0.857421875 0.337890625 0.0634765625 0.0869140625
0 0.8232421875 0.3818359375 0.064453125 0.05078125
0 1.0 0.42578125 0.0625 0.076171875
0 0.9638671875 0.1953125 0.083984375 0.0927734375
0 0.8427734375 0.0390625 0.06640625 0.0390625
0 0.22265625 0.6806640625 0.0732421875 0.07421875
0 0.3291015625 0.671875 0.095703125 0.0546875
0 0.11328125 0.6845703125 0.0634765625 0.0546875
0 0.203125 0.728515625 0.0986328125 0.05078125
0 0.1083984375 0.7392578125 0.1064453125 0.056640625
0 0.1630859375 0.78125 0.0751953125 0.041015625
0 0.255859375 0.919921875 0.111328125 0.1435546875
0 0.4150390625 0.912109375 0.0869140625 0.0986328125
0 0.4560546875 0.8388671875 0.0625 0.091796875
0 0.5166015625 0.8642578125 0.0927734375 0.072265625
0 0.3798828125 0.7958984375 0.08203125 0.0615234375
0 0.4404296875 0.748046875 0.064453125 0.0576171875
0 0.3720703125 0.7294921875 0.0732421875 0.05859375
0 0.056640625 0.783203125 0.056640625 0.0556640625
0 0.62109375 0.900390625 0.087890625 0.0947265625
0 0.6904296875 0.8828125 0.0771484375 0.099609375
0 0.93359375 0.787109375 0.068359375 0.0771484375
0 1.0 0.8271484375 0.078125 0.0693359375
0 0.9072265625 0.919921875 0.056640625 0.06640625
0 0.9052734375 0.9921875 0.07421875 0.072265625
0 0.0634765625 0.69140625 0.0615234375 0.0751953125
0 1.0 0.9443359375 0.04296875 0.056640625
0 0.7724609375 0.3984375 0.0625 0.0439453125
0 0.9013671875 0.427734375 0.1015625 0.0419921875
0 0.6650390625 0.4150390625 0.06640625 0.06640625
