0 0.099609375 0.5166015625 0.099609375 0.103515625
0 0.3173828125 0.5166015625 0.1025390625 0.11328125
0 0.5244140625 0.4111328125 0.0712890625 0.09375
0 0.568359375 0.5498046875 0.0595703125 0.0927734375
0 0.61328125 0.6513671875 0.1025390625 0.109375
0 0.376953125 0.615234375 0.06640625 0.0615234375
0 0.4091796875 0.46875 0.0810546875 0.0693359375
0 0.3955078125 0.197265625 0.107421875 0.0654296875
0 0.435546875 0.1201171875 0.07421875 0.052734375
0 0.583984375 0.236328125 0.0771484375 0.107421875
0 0.7685546875 0.333984375 0.123046875 0.083984375
0 0.7958984375 0.2724609375 0.0791015625 0.0732421875
0 0.0361328125 0.212890625 0.0361328125 0.119140625
0 0.4287109375 0.0537109375 0.1083984375 0.0537109375
0 0.6591796875 0.83984375 0.1484375 0.0810546875
0 0.1513671875 0.7763671875 0.0771484375 0.083984375
0 0.4423828125 0.98828125 0.1162109375 0.0908203125
0 0.5458984375 1.0 0.15625 0.033203125
0 0.7822265625 0.974609375 0.0791015625 0.0888671875
0 0.9111328125 0.98046875 0.10546875 0.0830078125
0 1.0 0.962890625 0.0595703125 0.08203125
0 0.947265625 0.712890625 0.0556640625 0.0556640625
0 1.0 0.5322265625 0.056640625 0.0791015625
0 0.9189453125 0.451171875 0.0791015625 0.0673828125
0 0.0302734375 0.9599609375 0.0302734375 0.0771484375
0 0.0556640625 0.7255859375 0.0556640625 0.064453125
0 0.1748046875 0.6005859375 0.099609375 0.080078125
0 0.556640625 0.8486328125 0.052734375 0.0537109375
0 0.2158203125 0.2626953125 0.0419921875 0.05078125
0 0.4716796875 0.14453125 0.044921875 0.0546875
0 0.732421875 0.7626953125 0.1025390625 0.1025390625
0 0.75 0.8623046875 0.080078125 0.078125
0 0.34375 0.38671875 0.03125 0.0341796875
