0 0.7041015625 0.0166015625 0.1123046875 0.0166015625
0 0.6201171875 0.01953125 0.0830078125 0.01953125
0 0.392578125 0.060546875 0.0712890625 0.060546875
0 0.515625 0.1162109375 0.1513671875 0.1162109375
0 0.1982421875 0.189453125 0.103515625 0.1376953125
0 0.1416015625 0.2275390625 0.1103515625 0.125
0 0.0322265625 0.1875 0.0322265625 0.177734375
0 0.54296875 0.2275390625 0.1650390625 0.048828125
0 0.734375 0.333984375 0.138671875 0.275390625
0 0.376953125 0.33984375 0.0634765625 0.1142578125
0 0.521484375 0.337890625 0.12109375 0.078125
0 0.3984375 0.4287109375 0.0966796875 0.099609375
0 0.498046875 0.4462890625 0.1064453125 0.09375
0 0.671875 0.396484375 0.052734375 0.083984375
0 0.7724609375 0.50390625 0.140625 0.2197265625
0 0.24609375 0.4619140625 0.0849609375 0.1396484375
0 0.1279296875 0.369140625 0.1279296875 0.16015625
0 0.15625 0.5322265625 0.15625 0.111328125
0 0.158203125 0.6630859375 0.091796875 0.123046875
0 0.2939453125 0.8134765625 0.0986328125 0.2060546875
0 0.341796875 0.78125 0.072265625 0.1494140625
0 0.357421875 0.6220703125 0.0947265625 0.1240234375
0 0.591796875 0.7470703125 0.060546875 0.1689453125
0 0.673828125 0.740234375 0.0830078125 0.22265625
0 0.5078125 0.767578125 0.0859375 0.2373046875
0 0.4775390625 0.8203125 0.0908203125 0.169921875
0 0.18359375 0.7919921875 0.0869140625 0.1328125
0 0.015625 0.9130859375 0.015625 0.05859375
0 0.1259765625 0.927734375 0.1171875 0.0693359375
0 0.2626953125 1.0 0.1201171875 0.1064453125
0 0.287109375 0.931640625 0.0615234375 0.0771484375
0 0.5380859375 0.9951171875 0.0576171875 0.0537109375
0 0.578125 1.0 0.0458984375 0.03125
0 0.736328125 0.947265625 0.0810546875 0.0908203125
0 0.8349609375 0.60546875 0.09375 0.1181640625
0 0.908203125 0.7685546875 0.1259765625 0.1640625
0 1.0 0.7265625 0.072265625 0.14453125
0 1.0 0.572265625 0.037109375 0.0751953125
0 0.8828125 0.2939453125 0.1455078125 0.0703125
0 0.95703125 0.361328125 0.1201171875 0.0869140625
0 0.9296875 1.0 0.07421875 0.103515625
0 1.0 0.12109375 0.0615234375 0.111328125
0 0.947265625 0.0458984375 0.0849609375 0.0458984375
