0 0.935546875 0.9052734375 0.0986328125 0.0859375
0 0.8212890625 0.205078125 0.0712890625 0.091796875
0 0.232421875 0.6181640625 0.0732421875 0.1201171875
0 0.8369140625 0.6376953125 0.0478515625 0.0771484375
0 0.603515625 0.2939453125 0.07421875 0.0966796875
0 0.4638671875 0.52734375 0.111328125 0.048828125
0 0.8662109375 0.1357421875 0.0693359375 0.083984375
0 0.498046875 0.640625 0.0830078125 0.06640625
0 0.818359375 0.8623046875 0.0810546875 0.1162109375
0 0.2568359375 1.0 0.09765625 0.05078125
0 0.365234375 0.1376953125 0.107421875 0.1103515625
0 0.8779296875 0.224609375 0.0478515625 0.109375
0 0.841796875 1.0 0.0380859375 0.0498046875
0 0.751953125 0.7412109375 0.078125 0.09765625
0 0.267578125 0.873046875 0.060546875 0.1455078125
0 1.0 0.6005859375 0.015625 0.0947265625
0 0.44921875 0.2978515625 0.0751953125 0.083984375
0 0.7099609375 0.20703125 0.07421875 0.1396484375
0 0.560546875 0.8779296875 0.0830078125 0.060546875
0 1.0 0.4833984375 0.015625 0.078125
0 0.69140625 0.25390625 0.044921875 0.0859375
0 0.255859375 0.19140625 0.087890625 0.0654296875
0 0.2314453125 0.2119140625 0.099609375 0.0419921875
0 0.2939453125 0.23046875 0.05078125 0.14453125
0 1.0 0.787109375 0.01953125 0.0693359375
0 0.9150390625 0.51171875 0.0751953125 0.0908203125
0 0.548828125 0.3740234375 0.0517578125 0.0615234375
0 0.3486328125 0.921875 0.056640625 0.0693359375
0 1.0 0.5126953125 0.080078125 0.1220703125
0 0.220703125 0.9677734375 0.05078125 0.0947265625
0 0.0537109375 0.3154296875 0.0537109375 0.080078125
0 0.341796875 0.8359375 0.0986328125 0.0888671875
0 0.1826171875 0.140625 0.0859375 0.0908203125
0 0.1728515625 0.6220703125 0.1220703125 0.1142578125
0 0.6865234375 0.447265625 0.02734375 0.158203125
0 0.158203125 0.6826171875 0.08984375 0.0712890625
0 0.611328125 0.9580078125 0.1103515625 0.0810546875
0 0.9716796875 0.6279296875 0.060546875 0.1279296875
0 0.431640625 0.166015625 0.0400390625 0.0927734375
0 0.97265625 0.4248046875 0.0595703125 0.0791015625
0 0.783203125 0.9052734375 0.0595703125 0.1181640625
0 0.46875 0.1943359375 0.1416015625 0.033203125
0 0.1435546875 0.8740234375 0.05859375 0.05078125
0 0.91796875 0.82421875 0.0458984375 0.119140625
0 0.259765625 0.03125 0.1162109375 0.03125
0 0.8046875 0.373046875 0.087890625 0.1083984375
0 0.3896484375 0.982421875 0.048828125 0.080078125
0 0.0732421875 0.5439453125 0.0654296875 0.076171875
0 1.0 0.68359375 0.017578125 0.06640625
0 0.150390625 0.220703125 0.0498046875 0.1337890625
0 0.4169921875 0.666015625 0.060546875 0.0625
0 0.76171875 0.91796875 0.052734375 0.0419921875
0 0.0673828125 0.2861328125 0.0673828125 0.072265625
0 0.259765625 0.4658203125 0.0751953125 0.03125
0 0.5498046875 0.0302734375 0.037109375 0.0302734375
0 0.029296875 0.3876953125 0.029296875 0.0576171875
0 0.41796875 0.2158203125 0.1357421875 0.0537109375
0 0.779296875 0.4130859375 0.0947265625 0.1171875
0 0.73828125 0.7568359375 0.0517578125 0.0537109375
0 0.25908203125 0.490234375 0.04931640625 0.04189453124999998
0 0.5302734375 0.9453125 0.0400390625 0.0458984375
0 0.9384765625 0.6298828125 0.029296875 0.095703125
0 0.0810546875 0.037109375 0.0390625 0.037109375
0 0.7783203125 0.5009765625 0.0439453125 0.146484375
0 0.314453125 0.9384765625 0.1259765625 0.0908203125
0 0.8583984375 0.4755859375 0.109375 0.1123046875
0 0.1025390625 0.28125 0.05078125 0.029296875
0 0.1513671875 0.841796875 0.048828125 0.03125
0 0.08203125 0.642578125 0.05078125 0.0458984375
0 0.3359375 0.9794921875 0.119140625 0.125
0 0.8876953125 0.5732421875 0.0419921875 0.0556640625
0 0.474609375 0.734375 0.087890625 0.060546875
0 0.203125 0.21875 0.1318359375 0.0927734375
0 0.5185546875 0.9072265625 0.0712890625 0.04296875
0 0.037109375 0.607421875 0.037109375 0.046875
0 0.30078125 0.5419921875 0.052734375 0.0556640625
0 0.5947265625 1.0 0.05859375 0.0244140625
