0 0.396484375 0.09765625 0.0869140625 0.09765625
0 0.29296875 0.1435546875 0.1337890625 0.107421875
0 0.16796875 0.140625 0.083984375 0.0556640625
0 0.23046875 0.2373046875 0.078125 0.1044921875
0 0.28515625 0.3115234375 0.0654296875 0.1123046875
0 0.4404296875 0.27734375 0.0546875 0.087890625
0 0.5546875 0.2734375 0.07421875 0.0576171875
0 0.47265625 0.076171875 0.0634765625 0.076171875
0 0.7041015625 0.029296875 0.0810546875 0.029296875
0 0.748046875 0.185546875 0.1611328125 0.0791015625
0 0.8818359375 0.1845703125 0.08203125 0.0908203125
0 0.802734375 0.279296875 0.0810546875 0.0595703125
0 0.9150390625 0.3095703125 0.1064453125 0.0791015625
0 0.953125 0.43359375 0.0859375 0.076171875
0 0.646484375 0.4189453125 0.080078125 0.1162109375
0 0.67578125 0.44921875 0.064453125 0.1318359375
0 0.861328125 0.5478515625 0.0908203125 0.080078125
0 0.2109375 0.4345703125 0.08984375 0.07421875
0 0.30078125 0.4912109375 0.0986328125 0.064453125
0 0.0908203125 0.5263671875 0.0908203125 0.11328125
0 0.1591796875 0.5869140625 0.126953125 0.099609375
0 0.2265625 0.681640625 0.0712890625 0.109375
0 0.3037109375 0.7431640625 0.08984375 0.1103515625
0 0.36328125 0.76171875 0.064453125 0.083984375
0 0.4130859375 0.7119140625 0.0888671875 0.1181640625
0 0.53515625 0.7392578125 0.09765625 0.0986328125
0 0.7626953125 0.7548828125 0.06640625 0.083984375
0 0.7392578125 0.9306640625 0.0791015625 0.1220703125
0 0.568359375 1.0 0.099609375 0.0478515625
0 0.9873046875 0.7578125 0.10546875 0.1220703125
0 1.0 0.6640625 0.0771484375 0.095703125
0 0.1748046875 0.8564453125 0.099609375 0.1337890625
0 0.3251953125 0.9072265625 0.0654296875 0.0947265625
0 0.283203125 0.9541015625 0.068359375 0.0751953125
0 0.1572265625 0.99609375 0.0712890625 0.103515625
0 0.244140625 1.0 0.083984375 0.044921875
0 0.6953125 0.595703125 0.1298828125 0.1005859375
0 0.6318359375 0.6650390625 0.1064453125 0.0927734375
0 0.2265625 0.771484375 0.0771484375 0.076171875
0 0.7607421875 0.9921875 0.08203125 0.1044921875
0 0.58984375 0.1630859375 0.076171875 0.0654296875
0 0.5 0.185546875 0.046875 0.076171875
0 0.5029296875 0.009765625 0.0458984375 0.009765625
0 0.3603515625 0.947265625 0.095703125 0.0703125
0 0.2978515625 0.0234375 0.150390625 0.0234375
