0 0.5419921875 0.5517578125 0.1025390625 0.1171875
0 0.45703125 0.7041015625 0.1298828125 0.134765625
0 0.6923828125 0.232421875 0.1025390625 0.087890625
0 0.794921875 0.3095703125 0.10546875 0.1201171875
0 0.4873046875 0.2890625 0.107421875 0.091796875
0 0.89453125 0.0625 0.080078125 0.0625
0 0.671875 0.5390625 0.0771484375 0.1572265625
0 0.1494140625 0.8671875 0.0947265625 0.115234375
0 0.7294921875 0.0341796875 0.08203125 0.0341796875
0 0.2216796875 0.001953125 0.1201171875 0.001953125
0 0.234375 0.287109375 0.0849609375 0.0771484375
0 0.921875 0.671875 0.08984375 0.1220703125
0 0.5791015625 0.734375 0.0771484375 0.107421875
0 0.875 0.2373046875 0.0830078125 0.095703125
0 0.224609375 0.419921875 0.1171875 0.1279296875
0 0.326171875 0.2685546875 0.0673828125 0.064453125
0 0.9599609375 0.357421875 0.0751953125 0.080078125
0 0.5244140625 0.39453125 0.0869140625 0.0849609375
0 0.83203125 0.376953125 0.0751953125 0.080078125
0 0.45703125 0.939453125 0.1025390625 0.212890625
0 0.3544921875 0.1591796875 0.080078125 0.0869140625
0 0.9248046875 0.294921875 0.0673828125 0.0703125
0 0.421875 0.0673828125 0.08984375 0.0673828125
0 0.4443359375 0.181640625 0.0849609375 0.0849609375
0 0.6474609375 0.02734375 0.0751953125 0.02734375
0 0.4140625 0.4521484375 0.072265625 0.107421875
0 0.5966796875 0.1298828125 0.0849609375 0.078125
0 0.7265625 0.9248046875 0.08203125 0.0703125
0 1.0 0.0849609375 0.0458984375 0.078125
0 0.3095703125 0.572265625 0.0673828125 0.087890625
0 0.9765625 0.8671875 0.08203125 0.1103515625
0 0.6572265625 0.7744140625 0.0927734375 0.1103515625
0 0.33984375 0.494140625 0.060546875 0.1025390625
0 0.5673828125 0.322265625 0.0732421875 0.0654296875
0 0.9970703125 0.4248046875 0.0830078125 0.0556640625
0 1.0 0.0224609375 0.005859375 0.0224609375
0 0.822265625 0.8349609375 0.115234375 0.140625
0 0.9521484375 0.7470703125 0.1025390625 0.0771484375
0 0.3095703125 0.859375 0.080078125 0.0869140625
0 0.1748046875 0.5595703125 0.1376953125 0.1279296875
0 0.6142578125 0.0625 0.1220703125 0.0625
0 1.0 0.7568359375 0.005859375 0.072265625
0 0.8125 0.6796875 0.0732421875 0.0830078125
0 0.4169921875 0.5166015625 0.080078125 0.0791015625
0 0.9169921875 1.0 0.08203125 0.203125
0 0.5849609375 1.0 0.0849609375 0.19140625
0 0.994140625 0.9345703125 0.0849609375 0.0947265625
0 0.26171875 0.7744140625 0.091796875 0.1025390625
0 0.216796875 0.091796875 0.09765625 0.052734375
0 1.0 0.2666015625 0.0029296875 0.1142578125
0 0.7392578125 0.9873046875 0.091796875 0.060546875
0 0.6015625 0.4072265625 0.0791015625 0.0751953125
0 0.1044921875 0.3818359375 0.1025390625 0.1298828125
0 0.1943359375 0.1669921875 0.0927734375 0.0673828125
0 0.3369140625 0.4072265625 0.0869140625 0.0556640625
0 0.08984375 0.2119140625 0.087890625 0.08984375
0 0.6796875 0.3818359375 0.0576171875 0.080078125
0 0.2197265625 0.5048828125 0.0654296875 0.0732421875
0 0.9541015625 0.57421875 0.0849609375 0.072265625
0 0.287109375 1.0 0.0673828125 0.125
0 0.9169921875 0.5419921875 0.1025390625 0.1376953125
0 0.134765625 0.4169921875 0.080078125 0.080078125
0 0.1298828125 0.1767578125 0.0625 0.0849609375
0 0.107421875 0.625 0.0625 0.087890625
0 0.5595703125 0.6015625 0.0478515625 0.056640625
0 0.3896484375 0.9140625 0.0654296875 0.1748046875
0 0.2470703125 0.7041015625 0.0654296875 0.08203125
0 0.1796875 0.779296875 0.0576171875 0.09765625
0 0.259765625 1.0 0.0849609375 0.0458984375
0 0.7470703125 0.8798828125 0.0654296875 0.140625
