0 0.6572265625 0.724609375 0.08984375 0.115234375
0 0.369140625 0.9345703125 0.1025390625 0.0947265625
0 0.9716796875 0.3095703125 0.0869140625 0.0751953125
0 0.5419921875 0.7568359375 0.0947265625 0.115234375
0 0.2744140625 0.7021484375 0.099609375 0.0751953125
0 0.8642578125 0.5966796875 0.09765625 0.1318359375
0 0.89453125 1.0 0.080078125 0.060546875
0 0.134765625 0.4873046875 0.09765625 0.0703125
0 0.7294921875 1.0 0.08203125 0.0908203125
0 0.2216796875 1.0 0.1201171875 0.0654296875
0 0.494140625 0.1572265625 0.0966796875 0.09765625
0 0.6572265625 0.3291015625 0.0849609375 0.064453125
0 0.2666015625 0.4765625 0.0625 0.0869140625
0 0.1669921875 0.2646484375 0.099609375 0.080078125
0 0.8349609375 0.40234375 0.11328125 0.185546875
0 0.6474609375 0.9990234375 0.0751953125 0.0908203125
0 1.0 0.5068359375 0.0458984375 0.1220703125
0 0.9716796875 0.8515625 0.216796875 0.134765625
0 0.556640625 0.3173828125 0.1396484375 0.1552734375
0 0.1748046875 0.359375 0.0673828125 0.0576171875
0 0.4169921875 0.689453125 0.1103515625 0.126953125
0 0.8515625 0.6845703125 0.0849609375 0.0849609375
0 0.2021484375 0.1943359375 0.080078125 0.0498046875
0 0.966796875 0.2099609375 0.08203125 0.078125
0 0.5546875 0.6044921875 0.0576171875 0.0498046875
0 1.0 0.7294921875 0.0400390625 0.08984375
0 0.6142578125 1.0 0.1220703125 0.03515625
0 0.1396484375 0.6474609375 0.1376953125 0.0830078125
0 0.1923828125 0.1474609375 0.0908203125 0.080078125
0 0.7919921875 0.7744140625 0.0654296875 0.0576171875
0 0.7216796875 0.904296875 0.0771484375 0.0947265625
0 0.6171875 0.1416015625 0.0927734375 0.0849609375
0 0.07421875 0.3447265625 0.072265625 0.0849609375
0 0.619140625 0.224609375 0.08984375 0.072265625
0 0.1474609375 0.9375 0.1083984375 0.078125
0 0.0419921875 0.419921875 0.0400390625 0.0576171875
0 0.3896484375 0.7041015625 0.0673828125 0.0546875
0 0.82421875 0.876953125 0.107421875 0.0849609375
0 0.2255859375 0.130859375 0.0625 0.0576171875
0 0.3203125 0.333984375 0.0498046875 0.0546875
0 0.2099609375 0.0419921875 0.0576171875 0.0400390625
0 0.6416015625 0.2841796875 0.07421875 0.0498046875
0 0.9296875 0.15234375 0.0546875 0.0703125
0 0.189453125 0.689453125 0.1171875 0.08203125
0 0.0341796875 0.0771484375 0.0341796875 0.05078125
