0 0.900390625 0.07421875 0.0732421875 0.0595703125
0 0.982421875 0.0859375 0.095703125 0.0859375
0 0.94921875 0.3125 0.068359375 0.0439453125
0 0.8818359375 0.5654296875 0.0498046875 0.12109375
0 0.9404296875 0.564453125 0.044921875 0.068359375
0 0.845703125 0.6240234375 0.0703125 0.0791015625
0 0.7802734375 0.6533203125 0.0947265625 0.0498046875
0 0.8759765625 0.6826171875 0.099609375 0.0576171875
0 0.9072265625 0.7099609375 0.1064453125 0.0537109375
0 0.8349609375 0.7763671875 0.0595703125 0.0517578125
0 0.8125 0.732421875 0.076171875 0.041015625
0 0.978515625 0.7978515625 0.078125 0.0634765625
0 1.0 0.8779296875 0.0625 0.0859375
0 0.859375 0.9404296875 0.05859375 0.0712890625
0 0.7392578125 0.8994140625 0.0615234375 0.0908203125
0 0.6767578125 0.2197265625 0.1025390625 0.0546875
0 0.642578125 0.1552734375 0.09375 0.1337890625
0 0.4736328125 0.1357421875 0.0751953125 0.1005859375
0 0.4140625 0.16796875 0.0458984375 0.1123046875
0 0.1171875 0.1083984375 0.0458984375 0.0712890625
0 0.505859375 0.6396484375 0.0712890625 0.05078125
0 0.3427734375 0.6796875 0.05859375 0.06640625
0 0.376953125 0.8359375 0.0322265625 0.0224609375
0 0.412109375 0.8076171875 0.1123046875 0.078125
0 0.5234375 0.78515625 0.0595703125 0.0849609375
0 0.25390625 0.8349609375 0.1142578125 0.0751953125
0 0.4462890625 1.0 0.05859375 0.056640625
0 0.0625 0.8671875 0.0625 0.068359375
0 0.0361328125 0.3759765625 0.0361328125 0.068359375
0 0.0625 0.38671875 0.0478515625 0.048828125
0 0.0751953125 0.42578125 0.0517578125 0.052734375
0 0.1044921875 0.203125 0.072265625 0.0859375
0 0.2099609375 0.26171875 0.0673828125 0.091796875
0 0.1416015625 0.33203125 0.06640625 0.0654296875
0 0.2685546875 0.3916015625 0.0595703125 0.0771484375
0 0.1328125 0.4775390625 0.0478515625 0.0673828125
0 0.1748046875 0.5234375 0.0654296875 0.064453125
0 0.2607421875 0.568359375 0.0634765625 0.099609375
0 0.2412109375 0.6650390625 0.072265625 0.0732421875
0 0.12890625 0.716796875 0.0732421875 0.1103515625
0 0.431640625 0.4814453125 0.046875 0.0859375
0 0.4765625 0.3896484375 0.048828125 0.03515625
0 0.400390625 0.3095703125 0.08203125 0.078125
0 0.3125 0.296875 0.0556640625 0.0546875
0 0.6083984375 0.85546875 0.06640625 0.0537109375
0 0.5908203125 0.76171875 0.08984375 0.07421875
0 0.337890625 0.4599609375 0.0576171875 0.0732421875
0 0.23828125 0.4208984375 0.064453125 0.0634765625
