0 0.064453125 0.205078125 0.064453125 0.0927734375
0 0.134765625 0.310546875 0.1083984375 0.0703125
0 0.1591796875 0.25 0.083984375 0.0849609375
0 0.2265625 0.3212890625 0.0673828125 0.05078125
0 0.36328125 0.3603515625 0.0634765625 0.05859375
0 0.3818359375 0.353515625 0.0458984375 0.109375
0 0.4560546875 0.353515625 0.0986328125 0.091796875
0 0.478515625 0.248046875 0.0654296875 0.0927734375
0 0.4404296875 0.14453125 0.1240234375 0.134765625
0 0.26953125 0.1787109375 0.072265625 0.0869140625
0 0.0947265625 0.1376953125 0.0478515625 0.0693359375
0 0.2216796875 0.1845703125 0.08984375 0.0751953125
0 0.0615234375 0.6025390625 0.0615234375 0.146484375
0 0.837890625 1.0 0.05859375 0.052734375
0 0.890625 1.0 0.0546875 0.0673828125
0 0.9306640625 0.97265625 0.0478515625 0.0927734375
0 0.9951171875 0.9560546875 0.1005859375 0.1025390625
0 0.4052734375 0.8837890625 0.0810546875 0.107421875
0 0.3125 0.9111328125 0.0869140625 0.083984375
0 0.341796875 0.7880859375 0.0693359375 0.0693359375
0 0.33203125 0.7216796875 0.0625 0.0615234375
0 0.2763671875 0.705078125 0.1044921875 0.078125
0 0.5517578125 0.783203125 0.1337890625 0.09375
0 0.619140625 0.75390625 0.09375 0.0751953125
0 0.689453125 0.8828125 0.1240234375 0.0771484375
0 0.921875 0.626953125 0.068359375 0.1279296875
0 0.984375 0.7646484375 0.0546875 0.1181640625
0 0.8359375 0.6787109375 0.0615234375 0.0830078125
0 0.6923828125 0.7841796875 0.0830078125 0.0810546875
0 0.744140625 0.6669921875 0.07421875 0.1962890625
0 0.8671875 0.60546875 0.1298828125 0.0830078125
0 0.7841796875 0.4150390625 0.091796875 0.0791015625
0 0.7216796875 0.466796875 0.0537109375 0.072265625
0 0.5244140625 0.4482421875 0.0693359375 0.080078125
0 0.4814453125 0.55859375 0.0546875 0.0810546875
0 0.4404296875 0.6123046875 0.0400390625 0.0947265625
0 0.6083984375 0.6298828125 0.05859375 0.0693359375
0 0.580078125 0.2841796875 0.0615234375 0.12109375
0 0.6484375 0.21875 0.08203125 0.068359375
0 0.6337890625 0.2724609375 0.0859375 0.0830078125
0 0.7509765625 0.1962890625 0.0771484375 0.142578125
0 0.8349609375 0.0859375 0.072265625 0.0634765625
0 0.9873046875 0.337890625 0.056640625 0.0693359375
0 0.6416015625 0.3935546875 0.037109375 0.0439453125
0 0.8837890625 0.3505859375 0.0849609375 0.0419921875
0 0.404296875 0.259765625 0.0439453125 0.0810546875
0 0.4365234375 0.384765625 0.04296875 0.037109375
0 0.712890625 0.6357421875 0.0498046875 0.150390625
0 0.119140625 0.34765625 0.0419921875 0.05859375
