0 0.283203125 0.419921875 0.0546875 0.0908203125
0 0.90625 0.4140625 0.0654296875 0.09765625
0 0.0849609375 0.091796875 0.0400390625 0.091796875
0 0.7392578125 0.6845703125 0.0517578125 0.103515625
0 0.73046875 0.078125 0.0732421875 0.078125
0 0.2041015625 0.4990234375 0.0888671875 0.099609375
0 0.12890625 0.4765625 0.083984375 0.107421875
0 0.826171875 0.1650390625 0.052734375 0.091796875
0 0.994140625 0.400390625 0.0537109375 0.08203125
0 0.7275390625 0.73046875 0.0439453125 0.09375
0 0.5244140625 0.4150390625 0.044921875 0.083984375
0 0.9677734375 0.341796875 0.037109375 0.0849609375
0 0.83984375 0.9794921875 0.080078125 0.0830078125
0 0.4912109375 0.1220703125 0.0634765625 0.1220703125
0 0.763671875 0.8759765625 0.056640625 0.0830078125
0 0.56640625 0.7099609375 0.0458984375 0.0869140625
0 0.4404296875 0.85546875 0.095703125 0.0771484375
0 0.0595703125 0.091796875 0.05078125 0.0908203125
0 0.46875 1.0 0.0732421875 0.0693359375
0 0.9951171875 0.72265625 0.041015625 0.103515625
0 0.103515625 0.9697265625 0.05859375 0.0625
0 0.3291015625 0.1689453125 0.0732421875 0.060546875
0 0.12890625 0.5673828125 0.125 0.048828125
0 0.9833984375 0.494140625 0.0830078125 0.123046875
0 0.517578125 0.6142578125 0.0625 0.091796875
0 0.0498046875 0.1845703125 0.0380859375 0.083984375
0 0.1953125 0.2431640625 0.05859375 0.060546875
0 0.9580078125 0.7998046875 0.0947265625 0.0654296875
0 0.1103515625 0.8330078125 0.1103515625 0.0947265625
0 0.6513671875 0.3017578125 0.0283203125 0.0634765625
0 1.0 0.833984375 0.0302734375 0.0849609375
0 0.498046875 0.7890625 0.0947265625 0.0751953125
0 0.7666015625 0.09375 0.0322265625 0.091796875
0 0.80078125 0.376953125 0.1044921875 0.087890625
0 0.18359375 0.5986328125 0.060546875 0.0751953125
0 0.197265625 0.7861328125 0.0908203125 0.068359375
0 0.6025390625 0.1298828125 0.078125 0.1298828125
0 0.841796875 0.732421875 0.02734375 0.05859375
0 0.607421875 0.91015625 0.0615234375 0.0322265625
0 0.0166015625 0.56640625 0.0166015625 0.05859375
0 0.025390625 0.4970703125 0.025390625 0.05078125
0 0.7666015625 0.9990234375 0.068359375 0.07421875
0 0.2451171875 0.6328125 0.0771484375 0.04296875
0 0.32421875 0.9921875 0.0537109375 0.0830078125
0 0.9052734375 0.0625 0.0390625 0.0625
0 1.0 0.1396484375 0.0478515625 0.13671875
0 0.53515625 0.51171875 0.0634765625 0.0615234375
0 0.4912109375 0.3291015625 0.0400390625 0.072265625
0 0.845703125 0.6279296875 0.046875 0.072265625
0 0.5869140625 0.8583984375 0.0478515625 0.0361328125
0 0.8779296875 0.8779296875 0.0322265625 0.0517578125
0 0.3251953125 0.8271484375 0.0478515625 0.025390625
0 0.365234375 0.3623046875 0.046875 0.072265625
0 0.12109375 0.8798828125 0.0751953125 0.0498046875
0 0.279296875 0.5927734375 0.0654296875 0.04296875
0 0.91015625 0.619140625 0.0791015625 0.072265625
0 0.671875 0.91015625 0.03125 0.0791015625
0 0.1728515625 0.9345703125 0.0810546875 0.046875
0 0.3515625 0.9130859375 0.0712890625 0.064453125
0 0.48828125 0.541015625 0.0546875 0.0966796875
0 0.4306640625 0.505859375 0.0341796875 0.05859375
0 0.2412109375 0.8876953125 0.0546875 0.0498046875
0 0.2734375 0.115234375 0.0751953125 0.052734375
0 0.4697265625 0.205078125 0.0380859375 0.064453125
0 0.6767578125 0.728515625 0.0224609375 0.0673828125
0 0.7431640625 0.2822265625 0.0556640625 0.04296875
0 0.3447265625 0.7685546875 0.0849609375 0.0517578125
0 0.123046875 1.0 0.0341796875 0.0283203125
0 0.08984375 0.671875 0.0400390625 0.04296875
0 0.388671875 0.04296875 0.0400390625 0.04296875
0 0.6357421875 0.8583984375 0.052734375 0.0419921875
