0 0.6044921875 0.83984375 0.1328125 0.0830078125
0 0.779296875 0.1494140625 0.0849609375 0.1220703125
0 0.796875 0.9091796875 0.0576171875 0.1474609375
0 0.494140625 0.7822265625 0.171875 0.1650390625
0 0.8583984375 0.85546875 0.1015625 0.1591796875
0 0.6845703125 0.9375 0.1650390625 0.130859375
0 0.19921875 0.44921875 0.0771484375 0.1123046875
0 0.58203125 0.556640625 0.1328125 0.072265625
0 1.0 0.7890625 0.123046875 0.1572265625
0 0.171875 0.7666015625 0.080078125 0.0791015625
0 0.8818359375 0.1767578125 0.0927734375 0.080078125
0 0.2392578125 0.814453125 0.0693359375 0.126953125
0 0.45703125 0.3369140625 0.197265625 0.162109375
0 0.6220703125 0.279296875 0.134765625 0.1474609375
0 0.734375 0.349609375 0.1044921875 0.072265625
0 0.5517578125 0.001953125 0.099609375 0.001953125
0 0.2548828125 0.33203125 0.1201171875 0.1123046875
0 0.947265625 0.859375 0.078125 0.0751953125
0 0.1982421875 0.126953125 0.0927734375 0.1005859375
0 0.1748046875 0.94921875 0.1201171875 0.0625
0 0.63671875 0.787109375 0.0595703125 0.0703125
0 0.8623046875 0.5869140625 0.1298828125 0.1025390625
0 0.884765625 0.96484375 0.080078125 0.0751953125
0 0.1015625 0.4619140625 0.099609375 0.107421875
0 0.0966796875 0.2294921875 0.0947265625 0.0654296875
0 0.931640625 0.64453125 0.0771484375 0.0947265625
0 0.4296875 0.90234375 0.080078125 0.1025390625
0 0.751953125 0.58984375 0.09765625 0.060546875
0 0.26171875 0.537109375 0.0693359375 0.0771484375
0 0.6494140625 0.6416015625 0.1025390625 0.08984375
0 0.6318359375 0.1845703125 0.0693359375 0.0498046875
0 0.171875 0.314453125 0.08203125 0.0576171875
0 0.3896484375 0.9970703125 0.185546875 0.044921875
0 0.814453125 0.6396484375 0.08203125 0.0703125
0 0.4423828125 0.2724609375 0.158203125 0.1201171875
0 0.4892578125 0.689453125 0.1318359375 0.0673828125
0 0.1767578125 0.994140625 0.064453125 0.0498046875
0 0.064453125 0.9873046875 0.0625 0.150390625
0 0.8798828125 0.4716796875 0.0703125 0.0966796875
0 0.2724609375 0.689453125 0.0732421875 0.0576171875
0 0.234375 0.5791015625 0.1494140625 0.07421875
0 0.1767578125 0.080078125 0.080078125 0.0791015625
0 0.58203125 0.3173828125 0.1123046875 0.1201171875
0 0.322265625 0.75 0.0556640625 0.0654296875
0 0.4873046875 0.8720703125 0.0576171875 0.1123046875
0 0.419921875 0.912109375 0.09765625 0.0498046875
0 0.056640625 0.8291015625 0.0546875 0.08203125
0 0.6220703125 0.107421875 0.087890625 0.0576171875
0 0.7119140625 0.765625 0.0576171875 0.0830078125
0 0.626953125 1.0 0.115234375 0.04296875
0 0.55859375 1.0 0.083984375 0.0849609375
0 0.4443359375 0.4375 0.0869140625 0.080078125
0 0.3916015625 0.4267578125 0.0966796875 0.1044921875
0 0.3193359375 0.3271484375 0.0595703125 0.0625
0 0.3974609375 0.2119140625 0.0830078125 0.0703125
0 0.419921875 0.1767578125 0.05078125 0.046875
0 1.0 0.7197265625 0.0439453125 0.1279296875
0 0.724609375 0.6572265625 0.08984375 0.0673828125
0 0.7646484375 0.544921875 0.0576171875 0.0751953125
0 1.0 0.6142578125 0.087890625 0.072265625
0 1.0 0.8916015625 0.068359375 0.0400390625
