0 0.1591796875 1.0 0.1201171875 0.0654296875
0 0.2119140625 0.3876953125 0.08203125 0.1455078125
0 0.40234375 0.259765625 0.1005859375 0.23046875
0 0.40234375 0.8427734375 0.1142578125 0.2236328125
0 0.529296875 0.171875 0.107421875 0.169921875
0 0.162109375 0.8720703125 0.1455078125 0.2001953125
0 0.75 0.134765625 0.1181640625 0.1298828125
0 0.8642578125 1.0 0.2724609375 0.1220703125
0 0.0517578125 0.8310546875 0.0517578125 0.0908203125
0 0.3818359375 0.6220703125 0.0869140625 0.1025390625
0 0.9345703125 0.4697265625 0.125 0.240234375
0 0.63671875 0.384765625 0.0849609375 0.2880859375
0 0.751953125 0.4521484375 0.232421875 0.1328125
0 0.0595703125 0.7197265625 0.0595703125 0.1181640625
0 0.1337890625 0.515625 0.1337890625 0.1015625
0 0.5537109375 0.5869140625 0.322265625 0.3544921875
0 0.8193359375 0.8828125 0.1796875 0.10546875
0 1.0 0.6337890625 0.0517578125 0.107421875
0 0.564453125 0.57421875 0.162109375 0.384765625
0 0.75 0.38671875 0.1005859375 0.1943359375
0 0.689453125 0.234375 0.267578125 0.1201171875
0 1.0 0.3046875 0.2626953125 0.185546875
0 0.9931640625 0.103515625 0.0986328125 0.1015625
0 0.71875 1.0 0.0986328125 0.119140625
0 0.3212890625 0.0732421875 0.076171875 0.0732421875
0 0.603515625 0.5126953125 0.12109375 0.09375
