0 0.1396484375 0.5791015625 0.0771484375 0.0732421875
0 0.1923828125 0.8876953125 0.0458984375 0.072265625
0 0.287109375 0.47265625 0.056640625 0.1298828125
0 0.6025390625 0.5 0.0439453125 0.1015625
0 0.9599609375 0.2265625 0.056640625 0.0927734375
0 0.8671875 0.861328125 0.0478515625 0.072265625
0 0.142578125 0.1171875 0.0859375 0.0439453125
0 0.603515625 0.8916015625 0.0537109375 0.064453125
0 0.4287109375 0.173828125 0.0439453125 0.078125
0 0.4326171875 0.4892578125 0.0634765625 0.0830078125
0 0.857421875 0.1484375 0.060546875 0.107421875
0 0.53515625 0.07421875 0.037109375 0.0654296875
0 0.990234375 0.8818359375 0.095703125 0.0556640625
0 0.9287109375 0.841796875 0.06640625 0.0634765625
0 0.2490234375 0.62109375 0.05078125 0.08203125
0 0.9462890625 0.4912109375 0.0263671875 0.0634765625
0 0.12890625 0.2607421875 0.0439453125 0.0615234375
0 0.5390625 0.1953125 0.033203125 0.0732421875
0 0.505859375 0.5771484375 0.0654296875 0.056640625
0 0.90625 0.5849609375 0.046875 0.087890625
0 0.0380859375 0.5732421875 0.0380859375 0.0380859375
0 0.3115234375 0.6533203125 0.0615234375 0.04296875
0 0.1337890625 0.919921875 0.048828125 0.0537109375
0 0.5888671875 0.0673828125 0.0478515625 0.0625
0 0.220703125 0.6435546875 0.0625 0.0283203125
0 0.568359375 0.314453125 0.0556640625 0.04296875
0 0.1796875 0.5078125 0.072265625 0.068359375
0 0.9931640625 0.783203125 0.0380859375 0.0732421875
0 0.4501953125 0.09375 0.044921875 0.0400390625
0 1.0 0.5390625 0.05078125 0.048828125
0 0.7109375 0.47265625 0.0546875 0.03515625
0 0.1845703125 0.595703125 0.033203125 0.064453125
0 0.310546875 0.5439453125 0.05859375 0.0341796875
0 0.78125 0.9072265625 0.03125 0.056640625
0 0.3330078125 0.921875 0.0654296875 0.0458984375
0 0.0830078125 0.208984375 0.0830078125 0.0478515625
0 0.86328125 0.056640625 0.05078125 0.056640625
0 0.232421875 0.447265625 0.03515625 0.0546875
0 0.7607421875 0.853515625 0.037109375 0.0634765625
0 0.0869140625 0.2470703125 0.0751953125 0.056640625
0 0.1689453125 0.5419921875 0.0576171875 0.0546875
0 0.70703125 0.4970703125 0.05859375 0.0419921875
0 0.9970703125 0.9365234375 0.04296875 0.02734375
0 0.86328125 0.53125 0.0625 0.0390625
0 0.7451171875 0.861328125 0.03125 0.064453125
0 1.0 0.4970703125 0.03125 0.037109375
0 0.5 0.08203125 0.0517578125 0.044921875
0 0.982421875 0.84765625 0.048828125 0.0576171875
0 0.64453125 0.916015625 0.0546875 0.048828125
0 0.466796875 1.0 0.0546875 0.025390625
