0 0.58984375 0.212890625 0.0615234375 0.0986328125
0 0.2392578125 0.380859375 0.0439453125 0.095703125
0 0.85546875 0.2275390625 0.0771484375 0.0595703125
0 0.833984375 0.0673828125 0.0322265625 0.0673828125
0 0.4833984375 0.6767578125 0.0654296875 0.0693359375
0 0.310546875 0.6318359375 0.08203125 0.072265625
0 0.0751953125 0.1806640625 0.0751953125 0.0546875
0 0.4892578125 0.1171875 0.0439453125 0.0751953125
0 0.5712890625 0.666015625 0.0595703125 0.0654296875
0 0.08203125 0.1298828125 0.08203125 0.0654296875
0 0.0537109375 0.373046875 0.0537109375 0.072265625
0 0.953125 0.6220703125 0.0751953125 0.0673828125
0 0.99609375 0.138671875 0.0615234375 0.0869140625
0 0.22265625 0.3916015625 0.0634765625 0.0478515625
0 0.939453125 1.0 0.041015625 0.076171875
0 0.421875 0.369140625 0.05859375 0.052734375
0 0.6689453125 0.1376953125 0.0654296875 0.05859375
0 0.6298828125 0.9716796875 0.0615234375 0.046875
0 0.37109375 0.4619140625 0.0556640625 0.05859375
0 0.876953125 0.150390625 0.0361328125 0.0615234375
0 1.0 0.076171875 0.0400390625 0.0751953125
0 0.0712890625 0.65625 0.0693359375 0.0517578125
0 0.833984375 0.7724609375 0.0888671875 0.0556640625
0 0.4189453125 0.8583984375 0.06640625 0.048828125
0 0.11328125 0.0439453125 0.044921875 0.0439453125
0 0.451171875 0.552734375 0.0439453125 0.068359375
0 0.69140625 0.8447265625 0.041015625 0.0517578125
0 0.3408203125 0.7158203125 0.068359375 0.0595703125
0 0.271484375 0.1142578125 0.09765625 0.072265625
0 0.7470703125 0.4306640625 0.044921875 0.0732421875
0 0.8193359375 0.7314453125 0.0654296875 0.0615234375
0 0.7392578125 0.158203125 0.0439453125 0.068359375
0 0.736328125 0.53515625 0.0419921875 0.072265625
0 0.2646484375 0.998046875 0.044921875 0.0478515625
0 0.4521484375 0.068359375 0.048828125 0.0673828125
0 0.744140625 0.6435546875 0.052734375 0.09765625
0 0.5888671875 0.0859375 0.0322265625 0.052734375
0 0.7158203125 0.4716796875 0.052734375 0.0498046875
0 0.7919921875 0.115234375 0.080078125 0.07421875
0 0.716796875 0.7861328125 0.0625 0.04296875
0 0.2021484375 0.3544921875 0.0546875 0.0390625
0 0.5986328125 0.123046875 0.0576171875 0.0712890625
0 0.6533203125 0.8408203125 0.056640625 0.0478515625
0 0.380859375 0.744140625 0.05859375 0.046875
0 0.1552734375 0.1708984375 0.0537109375 0.044921875
0 0.4443359375 0.6943359375 0.068359375 0.0546875
0 0.373046875 0.78125 0.0556640625 0.0458984375
0 0.31640625 0.5302734375 0.0419921875 0.0546875
0 0.46484375 0.7373046875 0.0498046875 0.0419921875
0 0.9931640625 0.4501953125 0.056640625 0.07421875
0 0.548828125 0.1728515625 0.0478515625 0.0556640625
0 0.3369140625 0.8125 0.140625 0.064453125
0 0.4912109375 0.888671875 0.052734375 0.0419921875
0 0.3994140625 0.1689453125 0.0654296875 0.056640625
0 0.654296875 0.4169921875 0.041015625 0.0576171875
0 0.541015625 0.205078125 0.05078125 0.0712890625
0 0.763671875 0.68359375 0.0595703125 0.060546875
0 0.369140625 0.1396484375 0.083984375 0.056640625
0 0.90625 0.759765625 0.046875 0.0546875
0 0.962890625 0.7939453125 0.0546875 0.05859375
0 0.998046875 0.6982421875 0.048828125 0.0498046875
0 0.9521484375 0.4443359375 0.052734375 0.0791015625
0 0.3505859375 0.2841796875 0.0419921875 0.041015625
0 0.24609375 0.7744140625 0.0751953125 0.0498046875
0 1.0 0.9912109375 0.02734375 0.046875
0 0.419921875 0.958984375 0.1015625 0.060546875
