0 0.798828125 0.21875 0.0927734375 0.0849609375
0 0.77734375 0.3369140625 0.06640625 0.0908203125
0 1.0 0.3505859375 0.05078125 0.08203125
0 0.7783203125 0.47265625 0.1064453125 0.0859375
0 0.5263671875 0.37109375 0.0947265625 0.0732421875
0 0.541015625 0.4833984375 0.0966796875 0.0927734375
0 0.4052734375 0.5478515625 0.1044921875 0.076171875
0 0.109375 0.34375 0.109375 0.0546875
0 0.1103515625 0.5908203125 0.072265625 0.060546875
0 0.1171875 0.7314453125 0.0771484375 0.09765625
0 0.1796875 0.9189453125 0.0771484375 0.0888671875
0 0.638671875 0.7119140625 0.076171875 0.0888671875
0 0.677734375 0.7939453125 0.072265625 0.111328125
0 0.80078125 0.69921875 0.0849609375 0.0556640625
0 0.748046875 0.5927734375 0.10546875 0.087890625
0 0.9912109375 0.623046875 0.06640625 0.068359375
0 1.0 0.75390625 0.0478515625 0.09375
0 1.0 0.888671875 0.0556640625 0.0732421875
0 0.96484375 0.921875 0.0615234375 0.056640625
0 0.541015625 0.8330078125 0.0830078125 0.07421875
0 0.435546875 0.7802734375 0.076171875 0.072265625
0 0.537109375 0.98828125 0.078125 0.080078125
0 0.6103515625 0.9150390625 0.103515625 0.095703125
0 0.31640625 0.953125 0.0634765625 0.064453125
0 0.8349609375 1.0 0.0634765625 0.0517578125
0 0.703125 0.994140625 0.0771484375 0.052734375
0 0.9404296875 1.0 0.0546875 0.0390625
0 0.4443359375 0.59375 0.1005859375 0.064453125
0 0.6162109375 0.310546875 0.0947265625 0.076171875
