0 0.6513671875 0.068359375 0.1591796875 0.068359375
0 0.71875 0.1181640625 0.111328125 0.103515625
0 0.9765625 0.1806640625 0.115234375 0.1806640625
0 1.0 0.1435546875 0.0234375 0.119140625
0 0.9248046875 0.43359375 0.1044921875 0.1357421875
0 0.6591796875 0.3154296875 0.1826171875 0.1142578125
0 0.365234375 0.216796875 0.11328125 0.0712890625
0 0.3017578125 0.2978515625 0.138671875 0.1005859375
0 0.2998046875 0.3935546875 0.1943359375 0.095703125
0 0.3173828125 0.4765625 0.1162109375 0.11328125
0 0.455078125 0.5517578125 0.12890625 0.1201171875
0 0.375 0.591796875 0.0712890625 0.115234375
0 0.126953125 0.681640625 0.0732421875 0.09765625
0 0.1787109375 0.7451171875 0.0751953125 0.078125
0 0.0498046875 0.7109375 0.0498046875 0.2421875
0 0.11328125 0.3818359375 0.1064453125 0.08203125
0 0.462890625 0.68359375 0.0732421875 0.1015625
0 0.47265625 0.7998046875 0.0498046875 0.1142578125
0 0.1806640625 0.9951171875 0.1083984375 0.076171875
0 0.353515625 0.837890625 0.0927734375 0.0791015625
0 0.6337890625 0.859375 0.12109375 0.0693359375
0 0.603515625 0.431640625 0.0966796875 0.09765625
0 0.828125 0.7109375 0.078125 0.23828125
0 0.6396484375 0.611328125 0.1015625 0.1708984375
0 0.947265625 0.5673828125 0.091796875 0.1142578125
0 1.0 0.6494140625 0.1025390625 0.1845703125
0 1.0 0.7978515625 0.0966796875 0.16015625
0 0.830078125 0.8359375 0.078125 0.107421875
0 0.7568359375 0.84765625 0.0732421875 0.0673828125
0 0.7939453125 0.9013671875 0.1005859375 0.0732421875
0 0.083984375 0.1728515625 0.083984375 0.0712890625
0 0.091796875 0.99609375 0.091796875 0.0673828125
0 0.3095703125 1.0 0.06640625 0.087890625
