0 0.2490234375 0.4931640625 0.134765625 0.0654296875
0 0.2412109375 0.2119140625 0.0859375 0.0615234375
0 0.9970703125 0.5888671875 0.1171875 0.0693359375
0 0.1279296875 0.5634765625 0.09375 0.0625
0 0.9140625 0.4609375 0.0703125 0.0517578125
0 0.591796875 0.1630859375 0.09765625 0.1103515625
0 0.455078125 0.30078125 0.078125 0.0546875
0 0.0673828125 0.314453125 0.0673828125 0.033203125
0 0.6875 0.830078125 0.091796875 0.0615234375
0 0.3515625 0.6552734375 0.1357421875 0.0458984375
0 0.1318359375 0.9033203125 0.0869140625 0.033203125
0 0.359375 0.6494140625 0.1015625 0.0546875
0 0.482421875 0.7890625 0.109375 0.052734375
0 0.62890625 0.158203125 0.0615234375 0.0615234375
0 0.16796875 0.2392578125 0.060546875 0.056640625
0 0.50390625 0.6318359375 0.083984375 0.0361328125
0 0.78515625 0.1728515625 0.068359375 0.0517578125
0 0.3291015625 0.7490234375 0.0615234375 0.0703125
0 0.8115234375 0.666015625 0.123046875 0.0341796875
0 0.2138671875 0.0537109375 0.0595703125 0.037109375
0 0.4453125 0.3310546875 0.0712890625 0.0546875
0 0.513671875 0.923828125 0.1181640625 0.0419921875
0 0.822265625 0.2744140625 0.0390625 0.091796875
0 0.0849609375 0.2099609375 0.060546875 0.048828125
0 0.4501953125 0.734375 0.1162109375 0.05078125
0 0.5712890625 0.8955078125 0.080078125 0.01953125
0 0.515625 0.6689453125 0.06640625 0.0322265625
0 0.876953125 0.9423828125 0.0732421875 0.046875
0 0.818359375 0.9462890625 0.0537109375 0.06640625
0 0.0810546875 0.84375 0.064453125 0.044921875
0 0.6318359375 0.6552734375 0.0791015625 0.021484375
0 0.220703125 0.3505859375 0.1015625 0.0390625
0 0.3583984375 0.3271484375 0.080078125 0.0400390625
0 0.1142578125 0.2529296875 0.0830078125 0.06640625
0 0.1611328125 0.8955078125 0.064453125 0.0361328125
0 0.30078125 0.5341796875 0.08984375 0.0361328125
0 0.6923828125 0.3134765625 0.1142578125 0.0517578125
0 0.8671875 0.6982421875 0.0244140625 0.0546875
0 0.087890625 0.9912109375 0.0869140625 0.0263671875
0 0.12890625 0.9912109375 0.0556640625 0.025390625
0 0.787109375 0.646484375 0.03125 0.0546875
0 0.6728515625 0.5537109375 0.0654296875 0.04296875
0 0.4091796875 0.61328125 0.0576171875 0.03515625
0 0.1240234375 0.28515625 0.07421875 0.04296875
0 0.6953125 0.6220703125 0.0673828125 0.041015625
0 0.2275390625 0.615234375 0.033203125 0.05078125
0 0.1875 0.8955078125 0.0498046875 0.0537109375
0 0.0791015625 0.6298828125 0.0791015625 0.0478515625
0 0.494140625 0.2197265625 0.0439453125 0.0224609375
0 0.2197265625 0.6513671875 0.123046875 0.0673828125
