0 0.958984375 0.4384765625 0.072265625 0.0478515625
0 0.9873046875 0.3173828125 0.056640625 0.05859375
0 0.9951171875 0.9423828125 0.05859375 0.0712890625
0 0.9453125 1.0 0.052734375 0.04296875
0 0.9658203125 0.8291015625 0.0654296875 0.0810546875
0 0.798828125 0.556640625 0.0595703125 0.05078125
0 0.744140625 0.55859375 0.0517578125 0.0419921875
0 0.806640625 0.6083984375 0.0732421875 0.046875
0 0.853515625 0.673828125 0.0556640625 0.0537109375
0 1.0 0.6650390625 0.107421875 0.0537109375
0 0.8564453125 0.76171875 0.0771484375 0.0859375
0 0.640625 0.7255859375 0.078125 0.064453125
0 0.6806640625 0.82421875 0.0830078125 0.1044921875
0 0.642578125 0.97265625 0.05859375 0.078125
0 0.681640625 1.0 0.0625 0.080078125
0 0.36328125 1.0 0.0693359375 0.04296875
0 0.314453125 1.0 0.12109375 0.0546875
0 0.234375 0.8505859375 0.111328125 0.048828125
0 0.2333984375 0.900390625 0.1103515625 0.060546875
0 0.416015625 0.7294921875 0.078125 0.1279296875
0 0.5146484375 0.8125 0.0693359375 0.064453125
0 0.587890625 0.8232421875 0.0615234375 0.0615234375
0 0.2734375 0.765625 0.0908203125 0.0849609375
0 0.201171875 0.7509765625 0.080078125 0.0791015625
0 0.1552734375 0.748046875 0.0869140625 0.0615234375
0 0.142578125 0.6884765625 0.0771484375 0.0576171875
0 0.2744140625 0.6826171875 0.1005859375 0.0615234375
0 0.310546875 0.6552734375 0.099609375 0.08984375
0 0.291015625 0.587890625 0.1171875 0.0546875
0 0.15234375 0.5625 0.0908203125 0.0751953125
0 0.2744140625 0.3427734375 0.0703125 0.0302734375
0 0.28515625 0.392578125 0.080078125 0.0546875
0 0.2255859375 0.419921875 0.0830078125 0.0654296875
0 0.580078125 0.337890625 0.072265625 0.16015625
0 0.560546875 0.4228515625 0.076171875 0.068359375
0 0.765625 0.3671875 0.083984375 0.068359375
0 0.814453125 0.48046875 0.080078125 0.0673828125
0 0.9375 0.2099609375 0.06640625 0.068359375
0 0.9619140625 0.2626953125 0.05859375 0.0615234375
0 0.8828125 0.1630859375 0.0625 0.056640625
0 0.7265625 0.0615234375 0.111328125 0.0615234375
0 0.6572265625 0.15234375 0.0859375 0.0537109375
0 0.5478515625 0.1259765625 0.0693359375 0.08984375
0 0.43359375 0.0869140625 0.12109375 0.0498046875
0 0.4443359375 0.134765625 0.0751953125 0.0439453125
0 0.244140625 0.140625 0.0654296875 0.046875
0 0.337890625 0.15625 0.0732421875 0.0517578125
0 0.4892578125 0.30859375 0.0859375 0.0546875
0 0.34375 0.3818359375 0.0693359375 0.0478515625
0 0.119140625 0.0498046875 0.0869140625 0.0498046875
0 0.16796875 0.0869140625 0.0654296875 0.0703125
0 0.5390625 0.640625 0.0830078125 0.056640625
0 0.5751953125 0.7431640625 0.0546875 0.0537109375
0 0.7080078125 0.4853515625 0.0478515625 0.0634765625
0 0.1318359375 0.298828125 0.0693359375 0.0576171875
0 0.4443359375 0.5458984375 0.0478515625 0.068359375
0 0.2724609375 0.3369140625 0.068359375 0.1015625
0 0.6484375 0.578125 0.0712890625 0.068359375
0 0.802734375 0.4287109375 0.0517578125 0.04296875
