0 0.4404296875 0.6767578125 0.1435546875 0.1220703125
0 0.130859375 0.19921875 0.1240234375 0.1669921875
0 0.2119140625 0.8671875 0.1103515625 0.1123046875
0 0.78515625 0.353515625 0.1298828125 0.1025390625
0 0.3369140625 0.1572265625 0.09765625 0.134765625
0 0.1796875 0.6220703125 0.1455078125 0.150390625
0 0.1962890625 0.32421875 0.1083984375 0.09765625
0 0.8994140625 0.76171875 0.1796875 0.1474609375
0 0.919921875 0.1494140625 0.203125 0.14453125
0 0.0947265625 0.509765625 0.0947265625 0.1376953125
0 0.19921875 0.7001953125 0.1044921875 0.11328125
0 0.4873046875 0.3349609375 0.123046875 0.16796875
0 0.1845703125 0.619140625 0.150390625 0.1572265625
0 0.6142578125 0.3603515625 0.078125 0.072265625
0 0.3291015625 0.3369140625 0.126953125 0.1123046875
0 0.3994140625 0.7998046875 0.0771484375 0.0927734375
0 1.0 0.3369140625 0.0849609375 0.1162109375
0 0.26953125 0.072265625 0.08984375 0.0673828125
0 0.484375 0.5419921875 0.072265625 0.072265625
0 0.5771484375 0.9716796875 0.0771484375 0.072265625
0 1.0 0.994140625 0.0830078125 0.0966796875
0 0.234375 0.5361328125 0.1005859375 0.1025390625
