0 0.5244140625 0.1064453125 0.1552734375 0.1064453125
0 0.4208984375 0.1884765625 0.087890625 0.048828125
0 0.3232421875 0.23828125 0.0810546875 0.0673828125
0 0.25 0.142578125 0.0771484375 0.044921875
0 0.17578125 0.1953125 0.1416015625 0.0693359375
0 0.08984375 0.115234375 0.08984375 0.044921875
0 0.2451171875 0.27734375 0.1708984375 0.0556640625
0 0.22265625 0.3359375 0.0888671875 0.0654296875
0 0.388671875 0.369140625 0.1708984375 0.0947265625
0 0.0537109375 0.2783203125 0.0537109375 0.0556640625
0 0.5185546875 0.2841796875 0.0576171875 0.068359375
0 0.5498046875 0.3173828125 0.0419921875 0.0830078125
0 0.6025390625 0.3154296875 0.0478515625 0.0869140625
0 0.87109375 0.1826171875 0.1025390625 0.0615234375
0 0.9580078125 0.1494140625 0.0693359375 0.146484375
0 0.9775390625 0.333984375 0.0458984375 0.0634765625
0 0.92578125 0.3330078125 0.046875 0.05859375
0 0.4580078125 0.56640625 0.091796875 0.15625
0 0.326171875 0.5859375 0.072265625 0.0791015625
0 0.12109375 0.6513671875 0.12109375 0.0458984375
0 0.138671875 0.73046875 0.138671875 0.0771484375
0 0.0888671875 0.86328125 0.0712890625 0.1259765625
0 0.26171875 0.8037109375 0.0537109375 0.0810546875
0 0.3359375 0.7978515625 0.0419921875 0.041015625
0 0.4091796875 0.859375 0.068359375 0.1064453125
0 0.48828125 0.7421875 0.1552734375 0.0771484375
0 0.57421875 0.7255859375 0.0830078125 0.0478515625
0 0.6826171875 0.708984375 0.08203125 0.0458984375
0 0.740234375 0.671875 0.052734375 0.0400390625
0 0.7763671875 0.6328125 0.068359375 0.080078125
0 0.74609375 0.552734375 0.046875 0.0625
0 0.671875 0.552734375 0.0517578125 0.0673828125
0 0.9150390625 0.72265625 0.078125 0.0478515625
0 0.828125 0.7177734375 0.083984375 0.091796875
0 0.7333984375 0.8779296875 0.0625 0.0927734375
0 0.5498046875 0.810546875 0.0693359375 0.0654296875
0 0.65625 0.8525390625 0.16796875 0.072265625
0 0.9482421875 0.79296875 0.0888671875 0.07421875
0 0.9287109375 0.84765625 0.0576171875 0.056640625
