0 0.142578125 0.291015625 0.080078125 0.1123046875
0 0.19921875 0.23828125 0.0703125 0.072265625
0 0.3212890625 0.2744140625 0.083984375 0.078125
0 0.1318359375 1.0 0.0712890625 0.0576171875
0 0.4482421875 1.0 0.0595703125 0.072265625
0 0.5625 0.9638671875 0.0703125 0.0771484375
0 0.7021484375 0.98828125 0.0654296875 0.0556640625
0 0.8330078125 0.9599609375 0.0732421875 0.0791015625
0 1.0 1.0 0.0517578125 0.041015625
0 0.685546875 0.8193359375 0.080078125 0.0888671875
0 0.388671875 0.6396484375 0.0810546875 0.0888671875
0 0.248046875 0.66796875 0.0595703125 0.1220703125
0 0.05859375 0.6435546875 0.05859375 0.09375
0 0.19140625 0.595703125 0.048828125 0.07421875
0 0.4462890625 0.5009765625 0.076171875 0.111328125
0 0.5927734375 0.609375 0.0546875 0.06640625
0 0.7685546875 0.6435546875 0.1220703125 0.095703125
0 0.9482421875 0.6982421875 0.08203125 0.0849609375
0 1.0 0.5927734375 0.064453125 0.0771484375
0 0.8212890625 0.53125 0.0830078125 0.0673828125
0 0.84375 0.453125 0.115234375 0.064453125
0 0.7060546875 0.408203125 0.0693359375 0.0654296875
0 1.0 0.2841796875 0.0341796875 0.0693359375
0 1.0 0.12890625 0.025390625 0.0625
0 0.8837890625 0.142578125 0.0732421875 0.05859375
0 0.740234375 0.07421875 0.0673828125 0.06640625
0 0.546875 0.083984375 0.05859375 0.0654296875
0 0.3955078125 0.25390625 0.08203125 0.052734375
0 0.4013671875 0.3369140625 0.060546875 0.0634765625
0 0.2802734375 0.4384765625 0.08984375 0.072265625
0 0.623046875 0.271484375 0.087890625 0.0771484375
0 0.7177734375 0.1982421875 0.087890625 0.0615234375
0 0.349609375 0.748046875 0.064453125 0.09375
0 0.9130859375 0.28125 0.0556640625 0.064453125
