0 0.0419921875 0.1015625 0.0419921875 0.064453125
0 0.1044921875 0.0419921875 0.0859375 0.0419921875
0 0.33984375 0.1162109375 0.080078125 0.0673828125
0 0.171875 0.185546875 0.072265625 0.1064453125
0 0.1318359375 0.2607421875 0.0859375 0.158203125
0 0.044921875 0.4306640625 0.044921875 0.08203125
0 0.0322265625 0.53125 0.0322265625 0.0869140625
0 0.13671875 0.5693359375 0.0791015625 0.0771484375
0 0.2548828125 0.544921875 0.080078125 0.0654296875
0 0.4580078125 0.4931640625 0.1064453125 0.0771484375
0 0.2998046875 0.765625 0.125 0.076171875
0 0.2509765625 0.8310546875 0.0693359375 0.0576171875
0 0.0595703125 0.9638671875 0.0576171875 0.103515625
0 0.123046875 0.953125 0.0712890625 0.0810546875
0 0.4921875 0.9765625 0.068359375 0.13671875
0 0.6435546875 1.0 0.1015625 0.0810546875
0 0.779296875 1.0 0.078125 0.046875
0 0.9970703125 1.0 0.1181640625 0.072265625
0 0.9580078125 0.7421875 0.0830078125 0.0888671875
0 0.892578125 0.6552734375 0.103515625 0.0791015625
0 0.9580078125 0.6435546875 0.0654296875 0.0771484375
0 0.72265625 0.70703125 0.0751953125 0.0615234375
0 0.7197265625 0.5791015625 0.0625 0.0732421875
0 0.6845703125 0.4921875 0.09375 0.0595703125
0 0.5283203125 0.7373046875 0.076171875 0.091796875
0 0.62109375 0.62890625 0.0859375 0.0791015625
0 0.548828125 0.6328125 0.068359375 0.0712890625
0 0.38671875 0.6865234375 0.0615234375 0.103515625
0 0.4580078125 0.650390625 0.0859375 0.0791015625
0 0.3115234375 0.62109375 0.0712890625 0.068359375
0 0.6767578125 0.4267578125 0.1181640625 0.0791015625
0 0.5771484375 0.3134765625 0.1005859375 0.09765625
0 0.7958984375 0.2099609375 0.0625 0.076171875
0 0.65625 0.1416015625 0.076171875 0.0927734375
0 0.8017578125 0.0859375 0.1005859375 0.0859375
0 0.5634765625 0.0654296875 0.07421875 0.0654296875
0 0.4921875 0.0703125 0.056640625 0.0703125
0 0.4306640625 0.046875 0.0927734375 0.046875
0 0.7880859375 0.9599609375 0.0869140625 0.076171875
0 0.3486328125 0.642578125 0.0673828125 0.0615234375
0 0.8212890625 0.375 0.0712890625 0.0849609375
0 0.24609375 0.02734375 0.1083984375 0.02734375
