0 0.4521484375 0.8642578125 0.1201171875 0.1123046875
0 0.20703125 0.4814453125 0.0849609375 0.087890625
0 0.599609375 0.857421875 0.0927734375 0.0849609375
0 0.8017578125 0.212890625 0.1083984375 0.07421875
0 0.619140625 0.4091796875 0.1591796875 0.1318359375
0 0.671875 0.251953125 0.09765625 0.125
0 0.955078125 0.1826171875 0.0517578125 0.0732421875
0 0.4619140625 0.6318359375 0.107421875 0.125
0 0.431640625 0.15234375 0.1298828125 0.150390625
0 0.7890625 0.57421875 0.125 0.1318359375
0 0.3720703125 0.9921875 0.0927734375 0.080078125
0 0.537109375 0.2197265625 0.10546875 0.1474609375
0 0.396484375 0.4931640625 0.0703125 0.08984375
0 1.0 0.2041015625 0.0576171875 0.0693359375
0 0.484375 0.5078125 0.064453125 0.078125
0 0.70703125 0.8896484375 0.04296875 0.041015625
0 0.7666015625 0.1171875 0.0498046875 0.080078125
0 0.064453125 0.931640625 0.0625 0.08984375
0 0.3046875 0.44140625 0.0673828125 0.052734375
0 0.41796875 0.4150390625 0.0712890625 0.0595703125
