0 0.1025390625 0.328125 0.0625 0.142578125
0 0.2255859375 0.62109375 0.0771484375 0.1533203125
0 0.2587890625 0.7412109375 0.0830078125 0.095703125
0 0.072265625 0.802734375 0.0556640625 0.1357421875
0 0.068359375 0.6865234375 0.068359375 0.0927734375
0 0.0439453125 0.5751953125 0.0439453125 0.0859375
0 0.1123046875 0.5166015625 0.0625 0.080078125
0 0.08984375 0.083984375 0.0869140625 0.06640625
0 0.3671875 0.0322265625 0.1376953125 0.0322265625
0 0.2763671875 0.1298828125 0.130859375 0.064453125
0 0.20703125 0.2158203125 0.0791015625 0.1240234375
0 0.3125 0.201171875 0.0615234375 0.0654296875
0 0.59375 0.248046875 0.0791015625 0.080078125
0 0.6865234375 0.25 0.0634765625 0.0673828125
0 0.7890625 0.345703125 0.0791015625 0.1318359375
0 0.2431640625 0.962890625 0.08984375 0.15625
0 0.193359375 0.8857421875 0.0625 0.08984375
0 0.5419921875 0.9228515625 0.166015625 0.0732421875
0 0.3876953125 0.7841796875 0.0888671875 0.1015625
0 0.765625 0.845703125 0.1318359375 0.1298828125
0 0.5947265625 0.8203125 0.0615234375 0.091796875
0 0.546875 0.6591796875 0.0615234375 0.1162109375
0 0.4619140625 0.6171875 0.111328125 0.080078125
0 0.4560546875 1.0 0.0888671875 0.046875
0 0.7373046875 1.0 0.1162109375 0.0517578125
0 0.6171875 0.9306640625 0.05859375 0.0546875
0 1.0 0.875 0.05859375 0.05859375
0 0.9296875 0.9521484375 0.087890625 0.083984375
0 0.98828125 1.0 0.0986328125 0.0478515625
0 0.861328125 0.7841796875 0.099609375 0.134765625
0 0.7548828125 0.7041015625 0.0986328125 0.0888671875
0 0.9150390625 0.6669921875 0.1025390625 0.09375
0 0.7939453125 0.525390625 0.095703125 0.18359375
0 0.6552734375 0.3974609375 0.0615234375 0.1123046875
0 0.58984375 0.375 0.16796875 0.1044921875
0 0.5693359375 0.4189453125 0.2080078125 0.064453125
0 0.5224609375 0.4892578125 0.17578125 0.111328125
0 0.4619140625 0.5029296875 0.13671875 0.0849609375
0 0.970703125 0.064453125 0.171875 0.064453125
0 0.8671875 0.240234375 0.0751953125 0.125
0 0.814453125 0.232421875 0.044921875 0.072265625
0 0.9208984375 0.2109375 0.0712890625 0.0751953125
0 0.9853515625 0.5029296875 0.0625 0.056640625
0 1.0 0.685546875 0.0546875 0.0810546875
0 0.6416015625 0.02734375 0.076171875 0.02734375
0 0.78515625 0.9765625 0.0595703125 0.056640625
0 0.7080078125 0.919921875 0.0625 0.0439453125
0 0.5 0.84375 0.0673828125 0.0712890625
0 0.69921875 0.517578125 0.0693359375 0.0732421875
0 0.8583984375 0.390625 0.0439453125 0.0703125
0 0.8642578125 0.48046875 0.068359375 0.0625
0 0.9619140625 0.5693359375 0.095703125 0.068359375
0 0.083984375 0.0439453125 0.083984375 0.0439453125
0 0.884765625 0.705078125 0.048828125 0.05859375
0 0.9130859375 0.1357421875 0.0751953125 0.1103515625
0 0.8076171875 0.029296875 0.1025390625 0.029296875
