0 0.94921875 0.4228515625 0.1572265625 0.1103515625
0 0.2353515625 0.7177734375 0.099609375 0.16015625
0 0.9755859375 0.1728515625 0.1650390625 0.107421875
0 0.3466796875 0.6748046875 0.0869140625 0.1005859375
0 0.3056640625 0.197265625 0.109375 0.1123046875
0 1.0 0.6298828125 0.1435546875 0.10546875
0 0.314453125 0.3544921875 0.080078125 0.0947265625
0 0.412109375 0.404296875 0.099609375 0.126953125
0 0.9423828125 0.318359375 0.1240234375 0.083984375
0 0.9453125 0.87890625 0.14453125 0.1181640625
0 0.279296875 1.0 0.109375 0.10546875
0 0.466796875 0.5 0.1396484375 0.10546875
0 0.966796875 0.7890625 0.142578125 0.0966796875
0 0.4794921875 0.400390625 0.099609375 0.11328125
0 0.8916015625 1.0 0.0966796875 0.0703125
0 0.4794921875 0.5224609375 0.09765625 0.0927734375
0 0.421875 0.6845703125 0.0869140625 0.1220703125
0 0.630859375 0.998046875 0.0732421875 0.068359375
