0 0.6845703125 0.681640625 0.099609375 0.099609375
0 0.2666015625 0.69921875 0.1025390625 0.1318359375
0 0.447265625 0.626953125 0.08984375 0.0927734375
0 0.751953125 0.2548828125 0.087890625 0.0927734375
0 0.7099609375 0.4443359375 0.11328125 0.0927734375
0 0.189453125 0.189453125 0.08203125 0.0546875
0 0.5048828125 0.3349609375 0.0673828125 0.0703125
0 0.4267578125 0.8671875 0.0576171875 0.169921875
0 0.349609375 0.912109375 0.0927734375 0.107421875
0 0.494140625 0.6171875 0.046875 0.0703125
0 0.419921875 0.1318359375 0.09765625 0.1318359375
0 0.306640625 0.431640625 0.064453125 0.0546875
0 0.3125 0.0966796875 0.060546875 0.0625
0 0.810546875 0.0556640625 0.0869140625 0.0556640625
0 0.1875 0.4296875 0.185546875 0.123046875
0 0.2392578125 0.7548828125 0.1044921875 0.0751953125
0 0.64453125 0.994140625 0.072265625 0.1591796875
0 0.1396484375 0.1435546875 0.1376953125 0.080078125
0 0.97265625 0.3212890625 0.1220703125 0.1123046875
0 0.8896484375 0.9873046875 0.232421875 0.107421875
0 0.3447265625 0.607421875 0.1025390625 0.0751953125
0 0.2041015625 0.294921875 0.046875 0.080078125
0 1.0 0.90234375 0.16796875 0.1171875
0 0.419921875 1.0 0.23828125 0.09765625
0 0.4873046875 0.134765625 0.095703125 0.044921875
0 0.154296875 0.3271484375 0.0673828125 0.0947265625
0 0.8125 0.8271484375 0.29296875 0.1201171875
0 0.38671875 0.349609375 0.251953125 0.0927734375
0 0.4697265625 0.912109375 0.1474609375 0.0673828125
0 0.4697265625 0.607421875 0.1474609375 0.1953125
0 0.5322265625 0.6875 0.052734375 0.060546875
0 0.6416015625 0.1123046875 0.0654296875 0.08984375
0 0.9521484375 0.4248046875 0.080078125 0.1201171875
0 0.181640625 1.0 0.109375 0.1806640625
0 0.8896484375 0.369140625 0.0673828125 0.1044921875
0 0.9970703125 0.794921875 0.0654296875 0.1328125
0 0.82421875 0.5595703125 0.09765625 0.2001953125
0 0.912109375 0.7197265625 0.1923828125 0.2724609375
0 0.5966796875 0.6572265625 0.072265625 0.0849609375
0 0.65234375 0.599609375 0.060546875 0.169921875
0 1.0 0.439453125 0.0625 0.205078125
0 0.96484375 0.7998046875 0.1728515625 0.185546875
0 1.0 0.5625 0.1201171875 0.205078125
0 0.072265625 0.1943359375 0.0703125 0.052734375
0 0.51953125 0.509765625 0.080078125 0.0927734375
0 0.58984375 0.734375 0.060546875 0.08203125
0 0.9248046875 0.009765625 0.0927734375 0.009765625
0 0.1943359375 0.5693359375 0.046875 0.0546875
0 0.59375 0.0478515625 0.03515625 0.0400390625
0 0.431640625 0.1767578125 0.14453125 0.126953125
0 0.7099609375 0.2646484375 0.1904296875 0.107421875
0 0.58203125 0.244140625 0.1220703125 0.08203125
0 0.63671875 0.33203125 0.13671875 0.1220703125
0 0.6669921875 0.3466796875 0.099609375 0.064453125
0 0.7470703125 0.4345703125 0.1552734375 0.09765625
0 0.0859375 0.5537109375 0.0859375 0.0869140625
0 0.1025390625 0.6083984375 0.07421875 0.1728515625
0 0.1376953125 0.591796875 0.1376953125 0.080078125
0 0.89453125 0.9541015625 0.0849609375 0.154296875
0 0.751953125 1.0 0.064453125 0.1025390625
0 0.591796875 0.921875 0.0625 0.15234375
0 0.4541015625 1.0 0.0546875 0.0654296875
