0 0.5 0.6044921875 0.140625 0.1220703125
0 0.279296875 0.556640625 0.08984375 0.107421875
0 0.287109375 0.21484375 0.072265625 0.08984375
0 0.966796875 0.6767578125 0.0947265625 0.0849609375
0 1.0 0.8935546875 0.0439453125 0.11328125
0 1.0 0.18359375 0.07421875 0.1005859375
0 0.8818359375 0.064453125 0.0849609375 0.064453125
0 0.787109375 0.125 0.1103515625 0.0830078125
0 0.27734375 0.6767578125 0.1279296875 0.0869140625
0 0.3291015625 0.8046875 0.099609375 0.0830078125
0 0.4091796875 0.126953125 0.1123046875 0.126953125
0 0.158203125 0.9326171875 0.1357421875 0.1220703125
0 0.90234375 0.6044921875 0.1005859375 0.1123046875
0 0.2587890625 0.1123046875 0.1044921875 0.078125
0 0.51953125 1.0 0.107421875 0.072265625
0 0.8974609375 0.27734375 0.0703125 0.0673828125
