0 1.0 0.900390625 0.072265625 0.0966796875
0 0.94921875 0.1474609375 0.1201171875 0.0576171875
0 0.154296875 0.1396484375 0.142578125 0.0986328125
0 0.890625 0.3154296875 0.076171875 0.05078125
0 0.6845703125 0.53515625 0.11328125 0.08203125
0 0.2177734375 0.5888671875 0.0712890625 0.05859375
0 0.998046875 0.3037109375 0.068359375 0.0771484375
0 0.2314453125 0.45703125 0.068359375 0.0654296875
0 0.3955078125 0.515625 0.1025390625 0.1044921875
0 0.3798828125 0.5498046875 0.0927734375 0.048828125
0 0.865234375 0.6826171875 0.1015625 0.0380859375
0 0.427734375 0.599609375 0.064453125 0.0537109375
0 0.51171875 0.6376953125 0.140625 0.0380859375
0 0.2861328125 0.326171875 0.087890625 0.0615234375
0 0.7431640625 0.90625 0.08984375 0.1171875
0 0.578125 0.201171875 0.1142578125 0.181640625
0 0.087890625 0.2978515625 0.087890625 0.0263671875
0 1.0 0.955078125 0.0498046875 0.029296875
0 0.5400390625 0.3203125 0.0673828125 0.0439453125
0 0.29296875 0.658203125 0.0703125 0.0732421875
0 0.5712890625 0.505859375 0.0595703125 0.080078125
0 0.3525390625 0.873046875 0.095703125 0.041015625
0 0.501953125 1.0 0.1142578125 0.0390625
0 0.5546875 0.5673828125 0.1005859375 0.0439453125
0 0.7314453125 0.5849609375 0.16015625 0.033203125
0 0.6630859375 0.6806640625 0.099609375 0.0556640625
0 0.47265625 0.9345703125 0.1103515625 0.029296875
0 0.57421875 0.978515625 0.0986328125 0.080078125
0 0.845703125 0.8828125 0.130859375 0.142578125
0 1.0 0.125 0.064453125 0.033203125
0 1.0 0.943359375 0.1328125 0.046875
0 0.125 0.6279296875 0.0625 0.0888671875
0 0.4658203125 0.2451171875 0.1103515625 0.0458984375
0 0.3544921875 0.623046875 0.1015625 0.0361328125
0 0.9072265625 1.0 0.048828125 0.015625
0 0.9619140625 0.6220703125 0.056640625 0.05859375
0 0.91015625 0.8916015625 0.05078125 0.0751953125
0 0.8125 0.294921875 0.08203125 0.0419921875
0 0.1123046875 0.923828125 0.1123046875 0.1015625
0 0.349609375 0.5751953125 0.0732421875 0.0439453125
0 0.3623046875 0.9892578125 0.1767578125 0.0390625
0 0.0966796875 0.3291015625 0.0927734375 0.033203125
0 0.5576171875 0.3779296875 0.1044921875 0.044921875
0 0.6708984375 0.63671875 0.1181640625 0.0546875
0 1.0 0.5380859375 0.15625 0.171875
0 0.619140625 0.9453125 0.08203125 0.0556640625
0 0.23828125 0.8740234375 0.0830078125 0.0791015625
0 0.4169921875 0.9599609375 0.1923828125 0.1259765625
0 0.2734375 0.5458984375 0.056640625 0.056640625
0 0.9501953125 0.1171875 0.0537109375 0.0615234375
0 0.169921875 0.4375 0.0966796875 0.0517578125
