0 0.9970703125 0.8466796875 0.1123046875 0.125
0 0.19140625 0.2880859375 0.12890625 0.111328125
0 0.626953125 0.1708984375 0.09765625 0.166015625
0 0.69921875 0.32421875 0.1025390625 0.1669921875
0 0.2138671875 0.1767578125 0.1025390625 0.1201171875
0 0.8994140625 0.5478515625 0.0927734375 0.1103515625
0 0.4384765625 0.3544921875 0.095703125 0.1005859375
0 0.779296875 0.658203125 0.1220703125 0.1220703125
0 1.0 0.2744140625 0.0556640625 0.1103515625
0 0.599609375 0.548828125 0.10546875 0.1015625
0 0.6474609375 0.4921875 0.0908203125 0.0927734375
0 0.447265625 0.2158203125 0.15625 0.11328125
0 0.9765625 0.94140625 0.080078125 0.0654296875
0 0.3623046875 0.1806640625 0.125 0.1806640625
0 0.5107421875 0.6279296875 0.080078125 0.0771484375
0 0.8232421875 0.8310546875 0.0810546875 0.0849609375
0 0.974609375 0.0869140625 0.08984375 0.0849609375
0 0.89453125 0.0498046875 0.0673828125 0.0498046875
0 0.125 0.4873046875 0.0849609375 0.0791015625
0 0.181640625 0.6416015625 0.0869140625 0.0732421875
