0 0.2822265625 0.4384765625 0.0908203125 0.1044921875
0 0.7314453125 0.1845703125 0.07421875 0.1171875
0 0.150390625 0.533203125 0.083984375 0.119140625
0 0.95703125 0.505859375 0.0556640625 0.076171875
0 0.0947265625 0.2578125 0.0947265625 0.0634765625
0 0.587890625 0.255859375 0.0859375 0.0673828125
0 0.6015625 0.5361328125 0.2216796875 0.064453125
0 0.6923828125 0.5263671875 0.0537109375 0.033203125
0 0.23046875 0.5380859375 0.130859375 0.1142578125
0 0.28125 0.1845703125 0.0546875 0.076171875
0 0.9150390625 0.5712890625 0.0673828125 0.1083984375
0 0.404296875 0.146484375 0.07421875 0.1240234375
0 0.65234375 1.0 0.087890625 0.0615234375
0 0.2685546875 0.19140625 0.1005859375 0.072265625
0 0.75390625 0.09765625 0.0390625 0.09765625
0 0.6220703125 0.0751953125 0.080078125 0.0517578125
0 0.9052734375 0.2958984375 0.060546875 0.0546875
0 1.0 0.5498046875 0.052734375 0.1162109375
0 0.138671875 0.7265625 0.107421875 0.052734375
0 0.6962890625 0.3291015625 0.1181640625 0.0439453125
0 0.9638671875 0.55859375 0.0400390625 0.0556640625
0 0.767578125 0.58203125 0.06640625 0.044921875
0 0.8095703125 0.962890625 0.1416015625 0.0673828125
0 0.82421875 0.1748046875 0.0400390625 0.087890625
0 0.44140625 0.9970703125 0.10546875 0.046875
0 0.720703125 0.5400390625 0.0439453125 0.05859375
0 0.97265625 0.3359375 0.068359375 0.0439453125
0 0.9619140625 0.953125 0.046875 0.0390625
0 0.318359375 0.62109375 0.123046875 0.041015625
0 0.64453125 0.51171875 0.060546875 0.0419921875
0 0.89453125 0.7138671875 0.052734375 0.0576171875
0 0.2412109375 0.94140625 0.17578125 0.05859375
0 0.162109375 0.9755859375 0.0615234375 0.037109375
0 0.8662109375 0.2158203125 0.0654296875 0.05859375
0 0.4697265625 0.0849609375 0.06640625 0.044921875
0 0.46484375 0.306640625 0.0556640625 0.056640625
0 0.7041015625 0.64453125 0.166015625 0.0625
0 0.7041015625 0.7099609375 0.0859375 0.076171875
0 0.9208984375 0.93359375 0.080078125 0.0498046875
0 1.0 0.578125 0.0419921875 0.0908203125
0 0.4345703125 0.5380859375 0.0615234375 0.037109375
0 0.2705078125 0.716796875 0.0419921875 0.044921875
0 0.494140625 0.419921875 0.0927734375 0.0380859375
0 0.5009765625 0.9755859375 0.05859375 0.0322265625
0 0.9658203125 0.4619140625 0.041015625 0.1103515625
0 0.705078125 0.5966796875 0.130859375 0.0576171875
0 0.994140625 0.2978515625 0.060546875 0.0478515625
0 0.962890625 0.08203125 0.0556640625 0.0400390625
0 0.052734375 0.9306640625 0.052734375 0.046875
0 0.0517578125 0.96484375 0.0517578125 0.0341796875
0 1.0 1.0 0.0947265625 0.0185546875
0 0.32421875 0.6298828125 0.119140625 0.060546875
0 0.0439453125 0.2763671875 0.04296875 0.0439453125
0 0.8330078125 0.599609375 0.064453125 0.05078125
0 0.5595703125 0.6552734375 0.107421875 0.0693359375
0 0.68359375 0.564453125 0.05859375 0.048828125
0 0.4970703125 0.794921875 0.068359375 0.04296875
0 0.166015625 0.2724609375 0.0419921875 0.0625
