0 0.4384765625 0.1767578125 0.1650390625 0.1767578125
0 0.5478515625 0.2646484375 0.140625 0.0654296875
0 0.5556640625 0.330078125 0.060546875 0.0673828125
0 0.435546875 0.328125 0.0517578125 0.0517578125
0 0.4169921875 0.365234375 0.119140625 0.0791015625
0 0.5419921875 0.47265625 0.126953125 0.119140625
0 0.453125 0.44921875 0.07421875 0.08203125
0 0.46875 0.578125 0.13671875 0.1533203125
0 0.3720703125 0.595703125 0.095703125 0.0771484375
0 0.2861328125 0.5283203125 0.0810546875 0.126953125
0 0.2724609375 0.37890625 0.1328125 0.0927734375
0 0.1630859375 0.2666015625 0.109375 0.0615234375
0 0.2900390625 0.3154296875 0.142578125 0.0595703125
0 0.087890625 0.5244140625 0.087890625 0.1044921875
0 0.0478515625 0.3671875 0.0478515625 0.0791015625
0 0.681640625 0.3701171875 0.0595703125 0.087890625
0 0.7568359375 0.361328125 0.078125 0.0693359375
0 0.734375 0.4169921875 0.0634765625 0.0576171875
0 0.6748046875 0.6376953125 0.0712890625 0.1591796875
0 0.5126953125 0.7646484375 0.142578125 0.1728515625
0 0.466796875 0.7861328125 0.0732421875 0.0634765625
0 0.2841796875 0.70703125 0.0654296875 0.09375
0 0.318359375 0.7705078125 0.064453125 0.0615234375
0 0.8876953125 0.365234375 0.1455078125 0.0498046875
0 0.984375 0.3916015625 0.173828125 0.0517578125
0 1.0 0.4267578125 0.025390625 0.123046875
0 1.0 0.7822265625 0.0986328125 0.111328125
0 0.951171875 0.8720703125 0.14453125 0.1357421875
0 0.85546875 0.865234375 0.0732421875 0.0830078125
0 0.7861328125 0.876953125 0.109375 0.0791015625
0 0.732421875 0.8134765625 0.173828125 0.0712890625
0 0.6220703125 0.755859375 0.0654296875 0.056640625
0 0.6767578125 0.732421875 0.0732421875 0.046875
0 0.73046875 0.73828125 0.048828125 0.0771484375
0 0.9970703125 0.935546875 0.1650390625 0.0673828125
0 0.587890625 0.8935546875 0.08203125 0.0595703125
0 0.685546875 0.8837890625 0.078125 0.0771484375
0 0.4931640625 0.9189453125 0.21875 0.0693359375
0 0.453125 0.978515625 0.091796875 0.0673828125
0 0.23828125 0.8935546875 0.1484375 0.0693359375
0 0.2822265625 0.8955078125 0.0810546875 0.099609375
0 0.3017578125 0.826171875 0.0693359375 0.0654296875
0 0.10546875 0.837890625 0.0947265625 0.0498046875
0 0.09765625 0.9189453125 0.09765625 0.0703125
0 0.833984375 1.0 0.115234375 0.037109375
0 0.099609375 0.43359375 0.068359375 0.0810546875
0 0.57421875 0.7880859375 0.064453125 0.044921875
