0 0.5791015625 0.322265625 0.1572265625 0.0673828125
0 0.4970703125 0.5546875 0.087890625 0.0830078125
0 0.6044921875 0.1943359375 0.0751953125 0.0673828125
0 0.294921875 0.0849609375 0.1474609375 0.068359375
0 0.125 0.978515625 0.0947265625 0.0576171875
0 0.1943359375 0.6845703125 0.1044921875 0.046875
0 0.70703125 0.14453125 0.1201171875 0.0927734375
0 0.5732421875 0.1123046875 0.0869140625 0.0654296875
0 0.6669921875 0.970703125 0.0712890625 0.091796875
0 0.6171875 0.5166015625 0.1298828125 0.0771484375
0 0.5693359375 0.869140625 0.078125 0.0625
0 0.7373046875 0.431640625 0.0703125 0.08203125
0 0.763671875 0.59765625 0.0439453125 0.0634765625
0 0.556640625 0.6572265625 0.0869140625 0.078125
0 0.2373046875 0.9501953125 0.0712890625 0.048828125
0 0.82421875 0.4521484375 0.08203125 0.09765625
0 0.4560546875 0.9482421875 0.0869140625 0.1123046875
0 0.6162109375 0.4111328125 0.06640625 0.064453125
0 0.1171875 0.546875 0.0830078125 0.0625
0 0.1015625 0.08203125 0.099609375 0.0673828125
0 0.546875 0.9375 0.0625 0.05078125
0 0.193359375 0.798828125 0.1318359375 0.0859375
0 0.7392578125 0.1875 0.0546875 0.052734375
0 0.6279296875 0.349609375 0.0712890625 0.060546875
0 0.63671875 0.5830078125 0.0478515625 0.060546875
0 0.884765625 0.2626953125 0.0576171875 0.046875
0 0.759765625 0.4970703125 0.0478515625 0.0595703125
0 0.7412109375 0.06640625 0.064453125 0.029296875
0 0.658203125 0.314453125 0.052734375 0.0478515625
0 0.15234375 0.1220703125 0.107421875 0.0703125
0 0.7177734375 0.583984375 0.0791015625 0.052734375
0 0.52734375 0.6318359375 0.09765625 0.080078125
0 0.181640625 0.703125 0.09765625 0.044921875
0 0.0546875 0.599609375 0.052734375 0.0703125
0 0.099609375 0.8291015625 0.09765625 0.0595703125
0 0.484375 0.8916015625 0.0703125 0.1044921875
