0 0.1943359375 0.2119140625 0.1044921875 0.1396484375
0 0.2294921875 0.8291015625 0.0673828125 0.0771484375
0 0.7294921875 0.7294921875 0.0751953125 0.0771484375
0 0.7373046875 0.3818359375 0.1103515625 0.134765625
0 0.4375 0.0966796875 0.087890625 0.0869140625
0 0.2392578125 0.5419921875 0.1025390625 0.087890625
0 0.89453125 0.33203125 0.115234375 0.134765625
0 0.4541015625 0.4423828125 0.091796875 0.115234375
0 0.3876953125 0.333984375 0.0693359375 0.0849609375
0 0.2294921875 0.4521484375 0.115234375 0.10546875
0 0.9248046875 0.65234375 0.0673828125 0.1103515625
0 0.1630859375 0.8046875 0.1083984375 0.12109375
0 0.349609375 0.6767578125 0.125 0.1201171875
0 0.1767578125 0.9345703125 0.08984375 0.107421875
0 0.9990234375 0.6376953125 0.06640625 0.0791015625
0 0.1142578125 0.357421875 0.0869140625 0.087890625
0 0.7841796875 0.990234375 0.064453125 0.052734375
0 0.3349609375 0.0654296875 0.107421875 0.0654296875
0 0.8798828125 0.70703125 0.1025390625 0.107421875
0 0.099609375 0.5498046875 0.09765625 0.09765625
0 0.681640625 0.509765625 0.107421875 0.09765625
0 0.044921875 0.8720703125 0.04296875 0.1328125
