0 0.072265625 0.412109375 0.072265625 0.0908203125
0 0.1708984375 0.3671875 0.0703125 0.0673828125
0 0.248046875 0.4033203125 0.0634765625 0.0859375
0 0.3388671875 0.447265625 0.087890625 0.078125
0 0.38671875 0.4482421875 0.0654296875 0.0830078125
0 0.4423828125 0.3388671875 0.0517578125 0.0908203125
0 0.4853515625 0.349609375 0.0556640625 0.0732421875
0 0.5537109375 0.3095703125 0.0693359375 0.0732421875
0 0.595703125 0.3935546875 0.064453125 0.0693359375
0 0.5185546875 0.2216796875 0.1005859375 0.0791015625
0 0.6298828125 0.1376953125 0.076171875 0.08984375
0 0.849609375 0.0771484375 0.0908203125 0.0673828125
0 0.8837890625 0.150390625 0.0966796875 0.0712890625
0 0.9462890625 0.0546875 0.0634765625 0.0546875
0 0.1904296875 0.0732421875 0.064453125 0.0654296875
0 0.28125 0.099609375 0.056640625 0.04296875
0 0.3173828125 0.0498046875 0.05859375 0.0498046875
0 0.58984375 0.0615234375 0.1044921875 0.0615234375
0 0.4951171875 0.0537109375 0.0546875 0.0537109375
0 0.982421875 0.4228515625 0.1181640625 0.0830078125
0 0.91796875 0.53515625 0.10546875 0.0654296875
0 0.974609375 0.513671875 0.0810546875 0.0498046875
0 0.7705078125 0.4697265625 0.0771484375 0.0546875
0 0.6865234375 0.466796875 0.083984375 0.05078125
0 0.7001953125 0.5166015625 0.0595703125 0.0576171875
0 0.7109375 0.6123046875 0.076171875 0.0537109375
0 0.6318359375 0.6318359375 0.05078125 0.05078125
0 0.7001953125 0.6669921875 0.072265625 0.0625
0 0.7978515625 0.6591796875 0.078125 0.0654296875
0 0.98828125 0.6953125 0.068359375 0.0498046875
0 0.9970703125 0.6005859375 0.0888671875 0.0537109375
0 1.0 0.740234375 0.0859375 0.04296875
0 0.75390625 0.7958984375 0.083984375 0.0625
0 0.580078125 0.8134765625 0.0634765625 0.0615234375
0 0.513671875 0.6474609375 0.0849609375 0.0712890625
0 0.412109375 0.5654296875 0.0625 0.0703125
0 0.353515625 0.638671875 0.0625 0.0595703125
0 0.287109375 0.6640625 0.068359375 0.0517578125
0 0.21484375 0.6123046875 0.0498046875 0.04296875
0 0.150390625 0.537109375 0.0732421875 0.048828125
0 0.25 0.474609375 0.05078125 0.0400390625
0 1.0 0.8740234375 0.068359375 0.0908203125
0 0.845703125 0.9931640625 0.0751953125 0.05078125
0 0.5625 0.984375 0.0703125 0.072265625
0 0.5830078125 0.9013671875 0.0546875 0.0673828125
0 0.6640625 0.9033203125 0.0849609375 0.080078125
0 0.6455078125 0.9951171875 0.0595703125 0.0537109375
0 0.451171875 0.951171875 0.0576171875 0.0693359375
0 0.396484375 0.9599609375 0.1044921875 0.0771484375
0 0.4111328125 0.8369140625 0.0634765625 0.0634765625
0 0.3583984375 0.7333984375 0.0595703125 0.0546875
0 0.27734375 0.728515625 0.0595703125 0.0478515625
0 0.1923828125 0.8037109375 0.05859375 0.0625
0 0.2666015625 0.8798828125 0.0498046875 0.0546875
0 0.2412109375 0.9677734375 0.05859375 0.0625
0 0.09765625 0.9130859375 0.05859375 0.0673828125
0 0.150390625 0.8984375 0.0634765625 0.06640625
0 0.0439453125 0.6533203125 0.0439453125 0.0673828125
0 0.8935546875 0.9365234375 0.0615234375 0.0302734375
0 0.1865234375 0.10546875 0.0390625 0.048828125
0 0.22265625 0.0478515625 0.041015625 0.0400390625
0 0.0537109375 0.7998046875 0.046875 0.0380859375
0 0.6181640625 0.4921875 0.0859375 0.0478515625
0 0.5791015625 0.5615234375 0.083984375 0.04296875
