0 0.3857421875 0.583984375 0.0751953125 0.060546875
0 0.1064453125 0.4892578125 0.0712890625 0.07421875
0 0.3251953125 0.095703125 0.0927734375 0.076171875
0 0.373046875 0.3193359375 0.0751953125 0.0732421875
0 0.9951171875 0.0673828125 0.06640625 0.0673828125
0 0.1376953125 0.2802734375 0.083984375 0.0673828125
0 0.427734375 0.099609375 0.0986328125 0.09375
0 0.0712890625 0.0517578125 0.0712890625 0.05078125
0 0.7978515625 0.494140625 0.0517578125 0.0634765625
0 0.083984375 0.1728515625 0.064453125 0.0947265625
0 0.8759765625 0.7939453125 0.0986328125 0.064453125
0 0.04296875 0.1318359375 0.04296875 0.0615234375
0 0.623046875 0.4287109375 0.115234375 0.060546875
0 0.3125 0.4931640625 0.0625 0.072265625
0 0.9228515625 0.06640625 0.0712890625 0.06640625
0 0.033203125 0.3115234375 0.033203125 0.0654296875
0 0.6318359375 0.2861328125 0.060546875 0.0537109375
0 0.712890625 0.171875 0.0546875 0.078125
0 0.1884765625 0.7412109375 0.0595703125 0.0458984375
0 0.6806640625 0.5546875 0.0771484375 0.0576171875
0 0.185546875 0.2578125 0.072265625 0.0556640625
0 0.2763671875 0.6171875 0.1142578125 0.052734375
0 0.654296875 1.0 0.052734375 0.06640625
0 0.2216796875 0.39453125 0.0791015625 0.0576171875
0 0.421875 0.1279296875 0.0673828125 0.048828125
0 0.322265625 0.75 0.0791015625 0.0595703125
0 0.7822265625 0.1298828125 0.0654296875 0.07421875
0 0.4501953125 0.998046875 0.0615234375 0.05078125
0 0.8046875 0.609375 0.1044921875 0.056640625
0 0.2353515625 0.4580078125 0.0546875 0.0322265625
0 0.7314453125 0.6650390625 0.0830078125 0.0400390625
0 0.61328125 0.1923828125 0.09375 0.060546875
0 0.4892578125 0.3193359375 0.0673828125 0.046875
0 0.40234375 0.9140625 0.0712890625 0.0595703125
0 0.9892578125 0.9912109375 0.0771484375 0.0576171875
0 0.5166015625 0.98828125 0.0810546875 0.037109375
0 0.1455078125 0.033203125 0.08984375 0.03125
0 0.3212890625 0.3984375 0.0498046875 0.05078125
0 0.416015625 0.685546875 0.0712890625 0.0595703125
0 0.2060546875 0.6513671875 0.0986328125 0.044921875
0 0.419921875 0.57421875 0.0322265625 0.07421875
0 0.62109375 0.806640625 0.046875 0.048828125
0 0.2255859375 0.5771484375 0.0751953125 0.044921875
0 0.0537109375 0.6142578125 0.0537109375 0.0458984375
0 0.5126953125 0.7587890625 0.0654296875 0.046875
0 0.873046875 0.8994140625 0.05859375 0.0390625
0 0.2783203125 0.521484375 0.0673828125 0.060546875
0 0.423828125 0.0380859375 0.09375 0.037109375
0 0.0576171875 0.9716796875 0.0576171875 0.0478515625
0 0.345703125 0.869140625 0.0869140625 0.0537109375
0 0.546875 0.6494140625 0.0751953125 0.0517578125
0 0.9765625 0.376953125 0.1015625 0.05859375
0 0.2216796875 0.115234375 0.1103515625 0.0556640625
0 0.103515625 0.8046875 0.0791015625 0.048828125
0 0.9619140625 0.2646484375 0.0537109375 0.10546875
0 0.9951171875 0.11328125 0.0302734375 0.060546875
0 0.935546875 1.0 0.03515625 0.0322265625
0 0.20703125 0.720703125 0.0673828125 0.0625
0 0.982421875 0.447265625 0.056640625 0.0361328125
0 0.5234375 0.556640625 0.0703125 0.0439453125
0 0.845703125 0.6318359375 0.0537109375 0.0498046875
0 0.5390625 0.9501953125 0.06640625 0.05078125
0 0.2822265625 0.9521484375 0.0634765625 0.0478515625
0 0.7392578125 0.638671875 0.078125 0.0390625
0 0.2451171875 0.7265625 0.0537109375 0.068359375
0 0.61328125 0.8115234375 0.04296875 0.0439453125
0 0.8828125 0.1220703125 0.05078125 0.060546875
0 0.5537109375 0.478515625 0.068359375 0.0517578125
0 0.4931640625 0.541015625 0.0771484375 0.056640625
0 0.828125 0.6748046875 0.060546875 0.0517578125
0 0.705078125 0.6982421875 0.0654296875 0.052734375
0 0.681640625 0.7734375 0.046875 0.0703125
0 0.740234375 0.404296875 0.052734375 0.0634765625
0 0.6005859375 0.9912109375 0.068359375 0.06640625
0 0.12109375 0.646484375 0.0634765625 0.0634765625
0 0.35546875 0.9462890625 0.056640625 0.048828125
