0 0.529296875 0.3349609375 0.2099609375 0.140625
0 0.3271484375 0.296875 0.1005859375 0.1123046875
0 0.501953125 0.5341796875 0.232421875 0.1201171875
0 0.0419921875 0.7294921875 0.0419921875 0.0673828125
0 0.2470703125 0.591796875 0.1123046875 0.0869140625
0 0.19921875 0.3974609375 0.0771484375 0.1455078125
0 0.45703125 0.96484375 0.1923828125 0.0849609375
0 0.1640625 0.7119140625 0.0869140625 0.080078125
0 1.0 0.880859375 0.080078125 0.0712890625
0 0.091796875 0.3125 0.091796875 0.240234375
0 0.2919921875 0.7841796875 0.0771484375 0.091796875
0 0.125 0.1171875 0.095703125 0.09765625
0 0.154296875 0.1171875 0.0595703125 0.072265625
0 0.994140625 0.9921875 0.080078125 0.078125
0 0.341796875 0.7841796875 0.08203125 0.0556640625
0 0.2890625 0.08984375 0.0791015625 0.087890625
0 0.8447265625 0.1416015625 0.087890625 0.0576171875
0 0.955078125 0.4072265625 0.0625 0.0849609375
