0 0.1982421875 0.0732421875 0.0771484375 0.06640625
0 0.1005859375 0.111328125 0.0537109375 0.0634765625
0 0.1318359375 0.169921875 0.0556640625 0.056640625
0 0.1904296875 0.2216796875 0.0712890625 0.0810546875
0 0.25390625 0.2734375 0.0712890625 0.083984375
0 0.37890625 0.2919921875 0.0751953125 0.0615234375
0 0.32421875 0.357421875 0.0595703125 0.087890625
0 0.123046875 0.50390625 0.0791015625 0.0908203125
0 0.587890625 0.03125 0.083984375 0.03125
0 0.5283203125 0.091796875 0.0869140625 0.091796875
0 0.3681640625 0.0458984375 0.06640625 0.0439453125
0 0.3720703125 0.16796875 0.0634765625 0.0673828125
0 0.4697265625 0.21875 0.0791015625 0.068359375
0 0.6044921875 0.173828125 0.080078125 0.0791015625
0 0.7373046875 0.1201171875 0.06640625 0.0703125
0 0.953125 0.0458984375 0.056640625 0.0458984375
0 0.9638671875 0.1064453125 0.0556640625 0.048828125
0 0.0478515625 0.568359375 0.0478515625 0.060546875
0 0.1171875 0.8720703125 0.099609375 0.0625
0 0.060546875 0.65234375 0.060546875 0.0517578125
0 0.3837890625 0.5478515625 0.111328125 0.1005859375
0 0.4765625 0.4892578125 0.0712890625 0.07421875
0 0.501953125 0.369140625 0.09375 0.0634765625
0 0.4873046875 0.2841796875 0.0712890625 0.0595703125
0 0.779296875 0.3486328125 0.09375 0.072265625
0 0.919921875 0.1826171875 0.0732421875 0.0556640625
0 0.9228515625 0.44140625 0.0439453125 0.0546875
0 0.6806640625 0.70703125 0.08203125 0.080078125
0 0.4599609375 0.650390625 0.087890625 0.0732421875
0 0.390625 0.6240234375 0.080078125 0.0771484375
0 0.3095703125 0.6748046875 0.08984375 0.0703125
0 0.4853515625 0.556640625 0.0546875 0.068359375
0 0.2080078125 1.0 0.0693359375 0.0556640625
0 0.6708984375 0.9765625 0.0703125 0.107421875
0 0.5439453125 0.9033203125 0.0546875 0.0537109375
0 0.576171875 0.8349609375 0.0810546875 0.060546875
0 0.5185546875 0.9736328125 0.0615234375 0.0517578125
0 0.349609375 0.841796875 0.08984375 0.068359375
0 0.9306640625 0.7685546875 0.0927734375 0.0634765625
0 0.89453125 0.837890625 0.07421875 0.0859375
0 0.5068359375 0.697265625 0.044921875 0.0595703125
0 0.75390625 0.8095703125 0.05078125 0.0625
0 0.484375 0.896484375 0.0615234375 0.0458984375
