0 0.9609375 0.44140625 0.1689453125 0.1806640625
0 0.97265625 0.2646484375 0.072265625 0.0771484375
0 0.150390625 0.232421875 0.0791015625 0.1005859375
0 0.15234375 0.3876953125 0.0791015625 0.0908203125
0 0.25 0.3916015625 0.09765625 0.115234375
0 0.3681640625 0.2861328125 0.0859375 0.087890625
0 0.259765625 0.4716796875 0.08984375 0.0869140625
0 0.158203125 0.5302734375 0.064453125 0.08984375
0 0.0615234375 0.4287109375 0.0615234375 0.0712890625
0 0.5732421875 0.5771484375 0.15625 0.1484375
0 0.4306640625 0.4853515625 0.0546875 0.056640625
0 0.333984375 0.6201171875 0.072265625 0.1142578125
0 0.271484375 0.6875 0.0703125 0.123046875
0 0.3349609375 0.8291015625 0.05859375 0.115234375
0 0.5 0.861328125 0.12890625 0.072265625
0 0.6142578125 0.736328125 0.08984375 0.1064453125
0 0.71875 0.6328125 0.083984375 0.0830078125
0 0.7734375 0.8173828125 0.0693359375 0.08984375
0 0.857421875 0.763671875 0.0712890625 0.076171875
0 0.931640625 0.8173828125 0.0810546875 0.0546875
0 0.9345703125 0.984375 0.087890625 0.171875
0 0.7470703125 0.9677734375 0.0810546875 0.0771484375
0 0.654296875 0.8935546875 0.0966796875 0.0947265625
0 0.53515625 0.966796875 0.099609375 0.091796875
0 0.4248046875 1.0 0.1123046875 0.0458984375
0 0.30859375 0.9794921875 0.1064453125 0.0869140625
0 0.9638671875 0.708984375 0.087890625 0.1005859375
0 0.82421875 1.0 0.115234375 0.037109375
0 0.576171875 1.0 0.09375 0.0322265625
0 0.80859375 0.1201171875 0.06640625 0.087890625
0 0.6845703125 0.3447265625 0.0693359375 0.0810546875
0 0.31640625 0.4052734375 0.09375 0.099609375
0 0.4873046875 0.609375 0.13671875 0.0966796875
0 0.4130859375 0.845703125 0.078125 0.0615234375
0 0.6328125 0.6240234375 0.111328125 0.1123046875
