0 0.875 0.1201171875 0.0712890625 0.0615234375
0 0.615234375 0.1005859375 0.0673828125 0.095703125
0 0.7421875 0.14453125 0.0771484375 0.083984375
0 0.5419921875 0.1201171875 0.0712890625 0.0830078125
0 0.517578125 0.275390625 0.060546875 0.0595703125
0 0.7919921875 0.2666015625 0.0849609375 0.0732421875
0 0.6357421875 0.4052734375 0.068359375 0.0654296875
0 0.9609375 0.326171875 0.0712890625 0.0712890625
0 0.7568359375 0.5146484375 0.0751953125 0.091796875
0 0.859375 0.615234375 0.064453125 0.078125
0 0.8203125 0.55078125 0.0576171875 0.0654296875
0 0.759765625 0.580078125 0.0966796875 0.064453125
0 0.73046875 0.6474609375 0.0654296875 0.0693359375
0 0.5791015625 0.7314453125 0.1005859375 0.07421875
0 0.72265625 0.78125 0.111328125 0.07421875
0 0.625 0.84765625 0.0693359375 0.0986328125
0 0.78515625 0.921875 0.099609375 0.0712890625
0 0.892578125 0.78125 0.0673828125 0.05859375
0 0.9814453125 0.8251953125 0.068359375 0.0712890625
0 0.2763671875 0.90234375 0.0595703125 0.107421875
0 0.5068359375 1.0 0.1064453125 0.0654296875
0 0.5537109375 0.9921875 0.0595703125 0.0625
0 0.9921875 0.3798828125 0.0712890625 0.0693359375
0 0.353515625 0.1640625 0.0712890625 0.0732421875
0 0.060546875 0.2529296875 0.05859375 0.0703125
0 0.1865234375 0.326171875 0.0888671875 0.064453125
0 0.3115234375 0.3349609375 0.07421875 0.060546875
0 0.1943359375 0.5078125 0.068359375 0.0615234375
0 0.306640625 0.52734375 0.080078125 0.0771484375
0 0.4580078125 0.603515625 0.06640625 0.07421875
0 0.2353515625 0.595703125 0.09765625 0.0625
0 0.0732421875 0.61328125 0.0625 0.076171875
0 0.1474609375 0.591796875 0.05859375 0.068359375
0 0.1875 0.6640625 0.05078125 0.0458984375
