0 0.515625 1.0 0.0546875 0.080078125
0 0.9541015625 0.6328125 0.0732421875 0.0703125
0 0.3564453125 0.4873046875 0.1005859375 0.072265625
0 0.6298828125 0.7861328125 0.099609375 0.09765625
0 1.0 0.5146484375 0.0126953125 0.0634765625
0 0.2421875 0.451171875 0.109375 0.142578125
0 0.2939453125 0.310546875 0.0927734375 0.0693359375
0 1.0 0.1865234375 0.03125 0.109375
0 0.728515625 0.3271484375 0.0712890625 0.099609375
0 0.6298828125 0.97265625 0.111328125 0.0576171875
0 1.0 0.396484375 0.044921875 0.1357421875
0 0.0859375 0.5205078125 0.0859375 0.109375
0 0.5419921875 0.8447265625 0.0732421875 0.0576171875
0 0.7177734375 0.6220703125 0.0859375 0.126953125
0 1.0 0.3857421875 0.0205078125 0.111328125
0 0.5537109375 0.763671875 0.0458984375 0.1064453125
0 1.0 0.443359375 0.0751953125 0.0595703125
0 1.0 0.6142578125 0.02734375 0.14453125
0 0.8623046875 0.62890625 0.0947265625 0.064453125
0 0.3662109375 0.990234375 0.0771484375 0.0732421875
0 0.2529296875 0.900390625 0.0517578125 0.1220703125
0 0.806640625 0.900390625 0.130859375 0.0517578125
0 0.728515625 0.1474609375 0.0625 0.0830078125
0 0.5849609375 0.8994140625 0.0390625 0.0888671875
0 0.478515625 0.3759765625 0.0791015625 0.056640625
0 0.3544921875 0.1005859375 0.1015625 0.1005859375
0 0.154296875 0.0625 0.0458984375 0.05859375
0 0.314453125 0.6025390625 0.2119140625 0.0546875
0 0.66015625 0.4521484375 0.1376953125 0.056640625
0 0.2607421875 0.2373046875 0.1240234375 0.140625
0 0.478515625 0.515625 0.072265625 0.0361328125
0 0.330078125 0.759765625 0.0830078125 0.08203125
0 0.494140625 0.4423828125 0.068359375 0.033203125
0 0.08203125 0.705078125 0.08203125 0.02734375
0 0.94921875 0.03515625 0.0537109375 0.03515625
0 1.0 0.037109375 0.056640625 0.0361328125
0 0.841796875 0.3486328125 0.0478515625 0.0625
0 0.1435546875 0.94921875 0.087890625 0.0498046875
0 0.3525390625 0.203125 0.0419921875 0.0751953125
0 1.0 0.58984375 0.0595703125 0.0927734375
0 0.8701171875 0.53125 0.0302734375 0.078125
0 0.330078125 0.455078125 0.05078125 0.08203125
0 0.2060546875 0.0859375 0.0302734375 0.0703125
0 0.3984375 0.482421875 0.0830078125 0.14453125
0 0.5390625 0.0986328125 0.0478515625 0.076171875
0 0.7529296875 0.0244140625 0.0439453125 0.0234375
0 0.2060546875 1.0 0.0908203125 0.0302734375
0 0.1279296875 0.9912109375 0.126953125 0.0185546875
0 0.8671875 0.919921875 0.0673828125 0.1435546875
0 0.380859375 0.3447265625 0.0498046875 0.0380859375
0 0.8564453125 0.509765625 0.037109375 0.0693359375
0 0.7421875 0.5390625 0.0537109375 0.0263671875
0 1.0 0.998046875 0.0302734375 0.0400390625
0 0.4140625 0.9208984375 0.0869140625 0.0537109375
0 0.0966796875 0.84765625 0.0439453125 0.041015625
0 0.125 0.396484375 0.046875 0.056640625
0 0.9111328125 0.8984375 0.08984375 0.037109375
0 0.0986328125 0.37890625 0.0986328125 0.0546875
0 0.330078125 0.771484375 0.115234375 0.1376953125
0 0.0703125 0.927734375 0.0693359375 0.0390625
0 0.873046875 0.701171875 0.220703125 0.0390625
0 0.359375 0.884765625 0.1982421875 0.0400390625
0 0.8759765625 0.630859375 0.0732421875 0.0908203125
