0 0.9287109375 1.0 0.0966796875 0.0615234375
0 0.701171875 0.9052734375 0.103515625 0.0966796875
0 0.8203125 0.9169921875 0.126953125 0.0966796875
0 0.5068359375 0.943359375 0.0615234375 0.1015625
0 0.5302734375 0.7646484375 0.0791015625 0.0830078125
0 0.4267578125 0.7763671875 0.0869140625 0.087890625
0 0.2939453125 0.8671875 0.1123046875 0.0751953125
0 0.08984375 0.826171875 0.0615234375 0.0537109375
0 0.0634765625 0.978515625 0.0634765625 0.099609375
0 0.09375 0.482421875 0.09375 0.0712890625
0 0.2666015625 0.6953125 0.0849609375 0.09375
0 0.591796875 0.59765625 0.0947265625 0.1005859375
0 0.71875 0.6767578125 0.0966796875 0.0947265625
0 0.98046875 0.5517578125 0.1171875 0.0869140625
0 0.7861328125 0.33203125 0.0888671875 0.0751953125
0 0.443359375 0.484375 0.0859375 0.0791015625
0 0.486328125 0.4169921875 0.0732421875 0.0712890625
0 0.5205078125 0.2763671875 0.10546875 0.09765625
0 0.6435546875 0.2451171875 0.0693359375 0.0634765625
0 0.44921875 0.12890625 0.083984375 0.0927734375
0 0.328125 0.208984375 0.09375 0.09765625
0 0.1220703125 0.220703125 0.0859375 0.0888671875
0 0.1396484375 0.35546875 0.091796875 0.0966796875
0 0.1884765625 0.2900390625 0.0732421875 0.0732421875
0 0.2763671875 0.3037109375 0.0791015625 0.0771484375
0 0.2587890625 0.080078125 0.109375 0.076171875
0 0.755859375 0.125 0.1064453125 0.1044921875
0 0.59375 0.103515625 0.107421875 0.0947265625
0 0.7587890625 0.216796875 0.068359375 0.0576171875
0 0.951171875 0.224609375 0.115234375 0.1025390625
0 0.287109375 0.5458984375 0.078125 0.158203125
0 0.8544921875 0.0615234375 0.08984375 0.0615234375
0 0.8046875 0.4990234375 0.095703125 0.1025390625
