0 1.0 0.220703125 0.080078125 0.11328125
0 0.4873046875 0.509765625 0.072265625 0.0849609375
0 0.822265625 0.279296875 0.064453125 0.0849609375
0 0.484375 0.2919921875 0.052734375 0.0908203125
0 0.310546875 0.1455078125 0.072265625 0.1064453125
0 0.8310546875 0.9462890625 0.0732421875 0.0615234375
0 0.4111328125 0.5546875 0.0673828125 0.1123046875
0 0.7021484375 0.4208984375 0.087890625 0.0791015625
0 0.5859375 0.662109375 0.0771484375 0.1279296875
0 0.1171875 0.0673828125 0.080078125 0.0654296875
0 0.6533203125 0.1953125 0.0859375 0.095703125
0 0.6982421875 0.68359375 0.1201171875 0.12109375
0 0.2890625 0.4541015625 0.1025390625 0.0732421875
0 0.23046875 0.3984375 0.0712890625 0.0859375
0 0.80859375 0.17578125 0.0966796875 0.0966796875
0 0.8779296875 0.1025390625 0.037109375 0.1005859375
0 0.89453125 0.6728515625 0.1484375 0.1044921875
0 0.923828125 0.34765625 0.083984375 0.1123046875
0 0.9326171875 0.9345703125 0.080078125 0.0703125
0 0.658203125 0.283203125 0.1142578125 0.1572265625
0 0.2021484375 0.6171875 0.103515625 0.119140625
0 0.1630859375 0.671875 0.1611328125 0.1220703125
0 0.2998046875 0.83984375 0.109375 0.056640625
0 0.6796875 0.6318359375 0.0654296875 0.0859375
0 0.8544921875 0.25 0.0654296875 0.0849609375
0 0.306640625 0.708984375 0.078125 0.1015625
0 0.39453125 0.83984375 0.126953125 0.064453125
0 0.806640625 0.6923828125 0.0966796875 0.0771484375
0 0.7099609375 0.599609375 0.0703125 0.099609375
0 0.24609375 0.162109375 0.072265625 0.0546875
0 0.205078125 0.98046875 0.072265625 0.0439453125
0 0.599609375 0.1005859375 0.14453125 0.0927734375
0 1.0 0.9970703125 0.0673828125 0.0322265625
0 0.998046875 0.1279296875 0.0302734375 0.0888671875
0 0.3505859375 0.3779296875 0.13671875 0.0703125
0 0.5078125 0.71875 0.033203125 0.08984375
0 0.3662109375 0.9599609375 0.078125 0.0732421875
0 0.2392578125 0.2822265625 0.0986328125 0.1025390625
0 0.373046875 0.642578125 0.12109375 0.0498046875
0 0.255859375 0.78125 0.10546875 0.08203125
0 0.6240234375 0.9990234375 0.0498046875 0.0791015625
0 0.994140625 0.6806640625 0.0947265625 0.080078125
0 0.3515625 0.61328125 0.06640625 0.064453125
0 0.4765625 0.373046875 0.0556640625 0.091796875
0 0.1279296875 0.998046875 0.068359375 0.044921875
0 0.75390625 0.990234375 0.0927734375 0.0498046875
0 1.0 0.8076171875 0.0712890625 0.046875
0 0.6484375 0.96875 0.0751953125 0.0634765625
0 0.306640625 0.2978515625 0.0673828125 0.0380859375
0 0.5263671875 0.2978515625 0.060546875 0.060546875
0 0.9453125 0.52734375 0.060546875 0.0419921875
0 0.0791015625 1.0 0.078125 0.044921875
0 0.3564453125 0.279296875 0.0947265625 0.0654296875
0 0.3388671875 0.998046875 0.0673828125 0.048828125
0 0.3408203125 0.2314453125 0.095703125 0.0322265625
0 0.0478515625 0.9619140625 0.046875 0.080078125
0 1.0 0.4423828125 0.056640625 0.033203125
0 0.9755859375 0.7265625 0.0478515625 0.04296875
0 0.72265625 0.029296875 0.064453125 0.029296875
0 0.1591796875 1.0 0.0341796875 0.0419921875
0 0.3271484375 0.68359375 0.0712890625 0.06640625
0 0.5556640625 0.048828125 0.0498046875 0.048828125
0 0.3076171875 0.9267578125 0.05078125 0.060546875
0 0.28125 0.9169921875 0.0869140625 0.1123046875
0 0.9560546875 1.0 0.068359375 0.056640625
0 0.482421875 0.6630859375 0.0419921875 0.033203125
0 1.0 0.4072265625 0.0205078125 0.0966796875
0 0.48046875 0.0419921875 0.0703125 0.041015625
0 0.033203125 0.89453125 0.033203125 0.0576171875
0 0.037109375 0.2275390625 0.037109375 0.0390625
0 0.048828125 0.2529296875 0.048828125 0.0322265625
0 0.1435546875 0.373046875 0.0595703125 0.048828125
0 0.8193359375 1.0 0.0595703125 0.0126953125
0 0.744140625 0.6201171875 0.0380859375 0.0546875
0 0.03125 1.0 0.0302734375 0.013671875
