0 0.8916015625 0.1337890625 0.1142578125 0.111328125
0 1.0 0.4892578125 0.0615234375 0.08203125
0 0.5029296875 0.2314453125 0.1171875 0.068359375
0 0.52734375 0.68359375 0.0966796875 0.0615234375
0 0.8076171875 0.150390625 0.068359375 0.0791015625
0 0.1533203125 0.775390625 0.1181640625 0.0634765625
0 0.8154296875 0.80078125 0.0869140625 0.0625
0 0.939453125 0.4638671875 0.12890625 0.046875
0 0.1220703125 0.673828125 0.1123046875 0.08203125
0 0.7919921875 0.994140625 0.1005859375 0.052734375
0 0.6689453125 0.216796875 0.115234375 0.0478515625
0 0.427734375 0.51953125 0.1748046875 0.072265625
0 0.1943359375 0.1845703125 0.1083984375 0.087890625
0 0.4072265625 0.5859375 0.076171875 0.048828125
0 0.681640625 0.7470703125 0.1396484375 0.0869140625
0 0.2998046875 0.7890625 0.10546875 0.0419921875
0 0.734375 0.6162109375 0.1044921875 0.064453125
0 1.0 0.337890625 0.0498046875 0.0693359375
0 0.6298828125 0.873046875 0.1240234375 0.05078125
0 0.5576171875 0.650390625 0.0810546875 0.06640625
0 0.8603515625 0.404296875 0.1142578125 0.099609375
0 0.779296875 0.8486328125 0.1083984375 0.0625
0 0.486328125 0.8583984375 0.05078125 0.076171875
0 0.6240234375 0.8212890625 0.12890625 0.0595703125
0 0.9130859375 0.353515625 0.09765625 0.0830078125
0 0.6064453125 0.4033203125 0.087890625 0.0419921875
0 0.3740234375 0.4658203125 0.080078125 0.0673828125
0 0.125 0.974609375 0.1005859375 0.08984375
0 0.8349609375 0.6591796875 0.0859375 0.103515625
0 0.603515625 0.474609375 0.1025390625 0.048828125
0 0.470703125 0.7587890625 0.119140625 0.064453125
0 1.0 0.1943359375 0.0693359375 0.068359375
0 0.0966796875 0.205078125 0.078125 0.0693359375
0 1.0 0.2529296875 0.1171875 0.044921875
0 0.9248046875 0.7919921875 0.05859375 0.04296875
0 0.0791015625 0.419921875 0.0791015625 0.0419921875
0 0.078125 0.1376953125 0.078125 0.0341796875
0 0.1455078125 0.3173828125 0.0869140625 0.0888671875
0 0.5009765625 0.92578125 0.08984375 0.0517578125
0 0.328125 0.6748046875 0.09375 0.033203125
0 0.0595703125 0.455078125 0.0595703125 0.03125
0 0.8046875 0.4755859375 0.1181640625 0.0400390625
0 0.162109375 0.3876953125 0.107421875 0.064453125
0 0.5712890625 0.5625 0.0595703125 0.02734375
0 0.279296875 0.0185546875 0.0810546875 0.0185546875
0 0.0986328125 0.900390625 0.0986328125 0.06640625
0 0.1650390625 0.033203125 0.140625 0.033203125
0 0.53515625 0.8857421875 0.1376953125 0.04296875
0 0.6650390625 0.478515625 0.087890625 0.0458984375
0 0.6318359375 0.513671875 0.1513671875 0.0419921875
0 0.3095703125 0.5576171875 0.1806640625 0.07421875
0 0.41796875 0.314453125 0.08984375 0.0517578125
0 0.35546875 0.3193359375 0.0908203125 0.087890625
0 0.896484375 0.8447265625 0.115234375 0.0439453125
0 0.6953125 0.1796875 0.0556640625 0.05859375
0 0.0830078125 0.49609375 0.08203125 0.044921875
0 0.3544921875 0.8720703125 0.107421875 0.0478515625
0 0.9306640625 0.1025390625 0.1572265625 0.0927734375
0 0.2412109375 0.396484375 0.10546875 0.044921875
0 0.267578125 0.8212890625 0.1181640625 0.037109375
0 0.2255859375 0.423828125 0.115234375 0.037109375
0 0.8154296875 0.53515625 0.0556640625 0.052734375
0 0.3076171875 0.9306640625 0.0869140625 0.03125
0 0.3818359375 1.0 0.10546875 0.0634765625
0 0.3759765625 0.9814453125 0.1923828125 0.05859375
0 0.3271484375 1.0 0.08984375 0.0517578125
0 0.1630859375 1.0 0.1005859375 0.0283203125
0 0.0556640625 0.8154296875 0.0556640625 0.044921875
0 0.9404296875 0.9052734375 0.0908203125 0.0419921875
