0 0.0537109375 0.9814453125 0.0537109375 0.0771484375
0 0.0361328125 0.701171875 0.0361328125 0.0966796875
0 0.26171875 0.7158203125 0.1611328125 0.0673828125
0 0.251953125 0.7724609375 0.1611328125 0.0615234375
0 0.2431640625 0.6376953125 0.1044921875 0.1162109375
0 0.349609375 0.6298828125 0.076171875 0.130859375
0 0.42578125 0.623046875 0.0712890625 0.0986328125
0 0.484375 0.6630859375 0.07421875 0.046875
0 0.5546875 0.7548828125 0.0771484375 0.0546875
0 0.5234375 0.828125 0.0537109375 0.0654296875
0 0.689453125 0.787109375 0.087890625 0.0791015625
0 0.7890625 0.7734375 0.111328125 0.0869140625
0 0.8525390625 0.763671875 0.080078125 0.0498046875
0 0.6171875 0.5908203125 0.0908203125 0.09375
0 0.6904296875 0.5751953125 0.0927734375 0.1201171875
0 0.537109375 0.5419921875 0.0634765625 0.0634765625
0 0.4462890625 0.4345703125 0.1083984375 0.0732421875
0 0.42578125 0.33984375 0.0712890625 0.0693359375
0 0.50390625 0.3271484375 0.0849609375 0.0576171875
0 0.37109375 0.115234375 0.05859375 0.115234375
0 0.3876953125 0.2041015625 0.0732421875 0.05859375
0 0.1435546875 0.1728515625 0.0419921875 0.064453125
0 0.521484375 0.1640625 0.076171875 0.072265625
0 0.4521484375 0.1318359375 0.0693359375 0.1318359375
0 0.556640625 0.0263671875 0.07421875 0.0263671875
0 0.646484375 0.0517578125 0.1064453125 0.0517578125
0 0.681640625 0.0732421875 0.0625 0.0732421875
0 0.705078125 0.1826171875 0.091796875 0.1396484375
0 0.6083984375 0.1923828125 0.0712890625 0.068359375
0 0.6455078125 0.2744140625 0.0615234375 0.11328125
0 0.5390625 0.25390625 0.09765625 0.0693359375
0 0.6005859375 0.3017578125 0.08984375 0.05078125
0 0.638671875 0.1162109375 0.0966796875 0.0615234375
0 0.7939453125 0.1640625 0.0693359375 0.072265625
0 0.908203125 0.21484375 0.0703125 0.0615234375
0 1.0 0.1748046875 0.0947265625 0.1064453125
0 0.9970703125 0.2734375 0.078125 0.083984375
0 0.77734375 0.5078125 0.06640625 0.1044921875
0 0.953125 0.4443359375 0.056640625 0.0751953125
0 0.9033203125 0.517578125 0.0712890625 0.0810546875
0 0.9482421875 0.5458984375 0.0693359375 0.080078125
0 0.9345703125 0.6025390625 0.0947265625 0.0771484375
0 0.9853515625 0.646484375 0.1494140625 0.0693359375
0 0.8203125 0.626953125 0.064453125 0.1171875
0 0.80859375 0.2509765625 0.07421875 0.060546875
0 1.0 1.0 0.0625 0.0361328125
0 0.0556640625 0.7158203125 0.0517578125 0.0458984375
0 0.431640625 0.2724609375 0.05859375 0.0419921875
0 0.396484375 0.1611328125 0.0908203125 0.0693359375
0 0.6552734375 0.3193359375 0.0546875 0.044921875
0 1.0 0.7177734375 0.0927734375 0.0703125
0 0.4619140625 0.7158203125 0.052734375 0.0615234375
0 0.791015625 0.19921875 0.0498046875 0.0458984375
