0 0.3310546875 0.451171875 0.0732421875 0.1025390625
0 0.0888671875 0.6552734375 0.0888671875 0.046875
0 0.326171875 0.984375 0.083984375 0.11328125
0 0.6298828125 0.890625 0.07421875 0.1435546875
0 0.421875 0.4150390625 0.0986328125 0.119140625
0 0.220703125 0.1552734375 0.091796875 0.052734375
0 0.3798828125 0.548828125 0.1181640625 0.1142578125
0 0.6279296875 0.220703125 0.072265625 0.0595703125
0 0.125 0.65234375 0.123046875 0.08984375
0 0.255859375 0.6005859375 0.087890625 0.0693359375
0 0.505859375 0.5234375 0.1201171875 0.044921875
0 0.6435546875 0.787109375 0.0849609375 0.0498046875
0 0.9931640625 0.46875 0.068359375 0.0537109375
0 0.7861328125 0.81640625 0.05859375 0.048828125
0 0.1884765625 0.119140625 0.0693359375 0.0810546875
0 1.0 0.259765625 0.044921875 0.068359375
0 0.197265625 0.90625 0.083984375 0.0546875
0 1.0 0.9970703125 0.07421875 0.03125
0 0.5146484375 0.2373046875 0.052734375 0.078125
0 0.4970703125 0.0439453125 0.05859375 0.0439453125
0 0.9150390625 0.1484375 0.048828125 0.0595703125
0 0.279296875 0.5751953125 0.0927734375 0.080078125
0 0.185546875 0.23046875 0.078125 0.05859375
0 0.7568359375 0.51953125 0.0615234375 0.0361328125
0 0.8134765625 0.5 0.1240234375 0.068359375
0 0.998046875 0.5126953125 0.044921875 0.044921875
0 0.267578125 0.58984375 0.0908203125 0.078125
0 0.515625 0.9931640625 0.0693359375 0.03125
0 0.2451171875 0.5234375 0.119140625 0.0546875
0 0.3759765625 0.7607421875 0.0888671875 0.046875
0 0.052734375 0.3642578125 0.052734375 0.06640625
0 0.6796875 0.9716796875 0.0478515625 0.0478515625
0 0.7158203125 0.45703125 0.0400390625 0.0693359375
0 0.1142578125 0.953125 0.0576171875 0.03125
0 0.8623046875 0.8359375 0.037109375 0.0712890625
0 0.8671875 0.833984375 0.03125 0.0703125
0 0.3212890625 0.7236328125 0.1015625 0.037109375
0 0.10546875 0.9384765625 0.0615234375 0.033203125
0 0.990234375 0.595703125 0.0673828125 0.041015625
0 0.8193359375 0.5673828125 0.0712890625 0.0576171875
0 0.6474609375 0.6220703125 0.0595703125 0.0224609375
0 0.7109375 0.6474609375 0.0791015625 0.048828125
0 0.9765625 0.6328125 0.1005859375 0.0478515625
0 0.1220703125 0.859375 0.1015625 0.05078125
0 0.8984375 0.9970703125 0.05078125 0.029296875
0 0.796875 0.8740234375 0.0732421875 0.0380859375
0 0.9541015625 0.423828125 0.044921875 0.068359375
0 0.861328125 0.2001953125 0.0908203125 0.056640625
0 0.3837890625 0.953125 0.0908203125 0.025390625
0 0.4873046875 0.689453125 0.10546875 0.06640625
0 0.3291015625 0.25390625 0.0654296875 0.0263671875
0 0.53125 0.224609375 0.044921875 0.0615234375
0 0.5 0.501953125 0.0654296875 0.044921875
0 0.6953125 0.91015625 0.0615234375 0.025390625
0 0.8046875 0.671875 0.0517578125 0.0419921875
0 0.7958984375 0.89453125 0.064453125 0.03515625
0 0.6943359375 0.923828125 0.0625 0.0234375
0 0.9072265625 0.9951171875 0.0517578125 0.033203125
0 0.3310546875 0.24609375 0.0712890625 0.041015625
0 0.462890625 0.951171875 0.107421875 0.0517578125
0 0.341796875 0.0439453125 0.0458984375 0.0283203125
0 0.998046875 0.3994140625 0.0556640625 0.017578125
0 0.9716796875 0.98046875 0.1064453125 0.048828125
0 1.0 0.87109375 0.048828125 0.0546875
0 1.0 0.8857421875 0.0439453125 0.029296875
0 0.6396484375 0.1220703125 0.083984375 0.0634765625
0 0.869140625 0.59765625 0.0888671875 0.0498046875
0 0.0751953125 0.9326171875 0.0751953125 0.0517578125
0 0.6513671875 0.404296875 0.083984375 0.056640625
0 0.498046875 0.3720703125 0.052734375 0.0537109375
