0 0.1474609375 0.408203125 0.1025390625 0.0966796875
0 0.6669921875 0.25390625 0.09765625 0.095703125
0 0.76171875 0.8095703125 0.142578125 0.1103515625
0 0.6943359375 0.662109375 0.115234375 0.0986328125
0 0.5908203125 0.7080078125 0.126953125 0.0732421875
0 0.1845703125 0.130859375 0.0966796875 0.0947265625
0 0.923828125 0.75390625 0.1572265625 0.0771484375
0 0.84375 0.6875 0.1240234375 0.0888671875
0 0.5322265625 0.251953125 0.1083984375 0.1513671875
0 0.4072265625 0.98046875 0.0947265625 0.0810546875
0 0.9443359375 0.4892578125 0.17578125 0.0869140625
0 0.6142578125 0.2333984375 0.064453125 0.0927734375
