0 0.2373046875 0.1923828125 0.068359375 0.0771484375
0 0.994140625 1.0 0.044921875 0.0888671875
0 0.8076171875 0.423828125 0.05078125 0.1123046875
0 0.3818359375 0.7724609375 0.052734375 0.095703125
0 0.1259765625 0.4658203125 0.0693359375 0.0927734375
0 0.45703125 0.69921875 0.0546875 0.0908203125
0 0.1591796875 0.984375 0.083984375 0.052734375
0 0.8017578125 0.0986328125 0.0595703125 0.07421875
0 0.7275390625 0.650390625 0.07421875 0.078125
0 0.140625 0.7177734375 0.056640625 0.12890625
0 0.5771484375 0.6025390625 0.0673828125 0.140625
0 0.09765625 0.9697265625 0.078125 0.0615234375
0 0.9375 0.2421875 0.068359375 0.126953125
0 0.8037109375 0.625 0.0419921875 0.0654296875
0 0.4638671875 0.75 0.099609375 0.09375
0 0.76171875 0.7998046875 0.0419921875 0.080078125
0 0.373046875 0.123046875 0.1044921875 0.119140625
0 0.60546875 0.2255859375 0.033203125 0.078125
0 0.658203125 0.6171875 0.076171875 0.177734375
0 0.337890625 0.552734375 0.0908203125 0.0810546875
0 0.02734375 0.7958984375 0.02734375 0.0625
0 0.119140625 0.70703125 0.0830078125 0.08203125
0 0.671875 0.7763671875 0.0361328125 0.0810546875
0 0.177734375 0.7158203125 0.03125 0.068359375
0 0.4052734375 0.1435546875 0.02734375 0.0751953125
0 0.16796875 0.19921875 0.02734375 0.080078125
0 0.16015625 0.6357421875 0.0751953125 0.0771484375
0 1.0 0.150390625 0.0322265625 0.0751953125
0 0.822265625 0.0673828125 0.0361328125 0.0673828125
0 0.34375 0.35546875 0.0673828125 0.0576171875
0 0.841796875 0.7568359375 0.044921875 0.0849609375
0 0.640625 0.6982421875 0.03125 0.0595703125
0 0.6689453125 0.18359375 0.0400390625 0.0625
0 0.2859375 0.67822265625 0.06875 0.0576171875
0 0.0517578125 0.1884765625 0.0517578125 0.08203125
0 0.423828125 0.771484375 0.0615234375 0.1064453125
0 0.2265625 0.0966796875 0.0576171875 0.0556640625
0 0.1396484375 0.2724609375 0.06640625 0.169921875
0 0.0517578125 0.6796875 0.0517578125 0.072265625
0 1.0 0.7373046875 0.1064453125 0.1015625
0 0.9384765625 0.6884765625 0.0419921875 0.0703125
0 0.8046875 0.7919921875 0.0341796875 0.0869140625
0 0.9208984375 0.1728515625 0.0390625 0.064453125
0 0.1083984375 0.400390625 0.0517578125 0.0791015625
0 0.59375 0.9755859375 0.03515625 0.072265625
0 0.7861328125 0.447265625 0.048828125 0.0595703125
0 0.7646484375 0.3818359375 0.0615234375 0.08984375
0 0.36328125 0.0380859375 0.05078125 0.0380859375
0 0.720703125 0.52607421875 0.02734375 0.060546875000000056
0 0.3212890625 0.3740234375 0.044921875 0.0341796875
0 0.7607421875 0.044921875 0.0341796875 0.044921875
0 0.205078125 0.4912109375 0.0517578125 0.0625
0 0.1220703125 0.1650390625 0.0400390625 0.0654296875
0 0.796875 0.779296875 0.03515625 0.07421875
0 0.126953125 0.0810546875 0.0439453125 0.060546875
0 0.080078125 0.044921875 0.03515625 0.0361328125
0 0.591796875 0.779296875 0.0908203125 0.0498046875
0 0.984375 0.8427734375 0.0517578125 0.0517578125
0 0.931640625 0.779296875 0.04296875 0.052734375
