0 0.7734375 0.8759765625 0.1494140625 0.0888671875
0 0.8623046875 0.8046875 0.107421875 0.0849609375
0 0.646484375 0.07421875 0.1171875 0.07421875
0 0.9990234375 0.130859375 0.0859375 0.0830078125
0 0.765625 0.2998046875 0.154296875 0.0830078125
0 0.509765625 0.4716796875 0.0673828125 0.064453125
0 0.607421875 0.484375 0.0703125 0.064453125
0 0.9287109375 1.0 0.1962890625 0.0888671875
0 0.65234375 0.619140625 0.087890625 0.13671875
0 0.7001953125 0.419921875 0.140625 0.1748046875
0 0.5869140625 0.8447265625 0.1376953125 0.0849609375
0 0.734375 1.0 0.1044921875 0.0595703125
0 0.095703125 0.380859375 0.06640625 0.13671875
