0 0.05859375 1.0 0.0576171875 0.115234375
0 0.1259765625 0.9775390625 0.0546875 0.080078125
0 0.0498046875 0.70703125 0.0498046875 0.0634765625
0 0.1669921875 0.736328125 0.1083984375 0.0654296875
0 0.3359375 0.6142578125 0.1171875 0.08984375
0 0.0810546875 0.5302734375 0.076171875 0.0771484375
0 0.23046875 0.5576171875 0.115234375 0.13671875
0 0.23046875 0.4072265625 0.0703125 0.0634765625
0 0.0576171875 0.36328125 0.0576171875 0.0869140625
0 0.2041015625 0.2783203125 0.0986328125 0.125
0 0.310546875 0.2880859375 0.080078125 0.1005859375
0 0.4560546875 0.23828125 0.107421875 0.0966796875
0 0.5126953125 0.2802734375 0.056640625 0.078125
0 0.4873046875 0.359375 0.0625 0.052734375
0 0.6748046875 0.119140625 0.06640625 0.1103515625
0 0.24609375 0.10546875 0.076171875 0.078125
0 0.0546875 0.1259765625 0.0546875 0.0693359375
0 0.0771484375 0.044921875 0.0712890625 0.044921875
0 0.9609375 0.0908203125 0.0771484375 0.0908203125
0 1.0 0.2587890625 0.08984375 0.103515625
0 1.0 0.345703125 0.048828125 0.0712890625
0 0.8271484375 0.349609375 0.0869140625 0.06640625
0 1.0 0.4833984375 0.041015625 0.087890625
0 0.9609375 0.7041015625 0.072265625 0.0732421875
0 0.8349609375 0.5927734375 0.119140625 0.0654296875
0 0.7490234375 0.7744140625 0.111328125 0.068359375
0 0.8798828125 0.7939453125 0.068359375 0.0546875
0 0.7548828125 0.8427734375 0.068359375 0.056640625
0 1.0 0.908203125 0.0712890625 0.130859375
0 0.9052734375 0.890625 0.060546875 0.0439453125
0 0.8876953125 0.9580078125 0.08203125 0.0634765625
0 0.556640625 0.888671875 0.0595703125 0.0625
0 0.46484375 0.845703125 0.0546875 0.0693359375
0 0.4755859375 0.9375 0.0595703125 0.08984375
0 0.408203125 0.9140625 0.0625 0.060546875
0 0.27734375 0.8779296875 0.0732421875 0.060546875
0 0.31640625 0.7802734375 0.05859375 0.0546875
0 0.4365234375 0.3876953125 0.060546875 0.05859375
0 0.328125 0.9755859375 0.0830078125 0.0908203125
0 0.1171875 0.2841796875 0.072265625 0.078125
0 0.880859375 1.0 0.0654296875 0.02734375
0 0.5341796875 0.736328125 0.064453125 0.0615234375
0 0.3349609375 0.263671875 0.0546875 0.0673828125
