0 0.5849609375 0.875 0.130859375 0.0732421875
0 0.3994140625 0.921875 0.1220703125 0.134765625
0 0.4375 0.134765625 0.1025390625 0.0703125
0 0.7294921875 0.20703125 0.1025390625 0.0595703125
0 0.4892578125 0.787109375 0.109375 0.10546875
0 0.474609375 0.232421875 0.09765625 0.068359375
0 0.7392578125 0.3447265625 0.091796875 0.0703125
0 0.94140625 0.7587890625 0.1474609375 0.0703125
0 0.3544921875 0.3291015625 0.1650390625 0.07421875
0 0.0390625 0.3349609375 0.0390625 0.1357421875
0 0.5869140625 0.5 0.126953125 0.080078125
0 0.2265625 0.716796875 0.125 0.072265625
0 0.6298828125 0.6845703125 0.095703125 0.0703125
0 0.9658203125 0.3125 0.0927734375 0.0498046875
0 0.478515625 0.5849609375 0.0693359375 0.0546875
0 0.2099609375 0.89453125 0.0927734375 0.0625
0 0.9345703125 0.6748046875 0.115234375 0.0625
0 0.0673828125 0.8173828125 0.0673828125 0.0673828125
0 0.1474609375 0.4423828125 0.1083984375 0.07421875
0 0.8818359375 0.1513671875 0.0927734375 0.0673828125
0 0.3291015625 0.3974609375 0.08984375 0.060546875
0 0.5517578125 0.3193359375 0.0947265625 0.0751953125
0 0.83984375 0.9423828125 0.140625 0.0732421875
0 0.251953125 0.6591796875 0.087890625 0.064453125
0 0.7265625 0.5244140625 0.119140625 0.064453125
0 0.9892578125 0.3818359375 0.1474609375 0.0673828125
0 0.2822265625 0.26953125 0.1279296875 0.0595703125
0 0.1220703125 0.8720703125 0.0830078125 0.0703125
0 0.3212890625 0.1357421875 0.1298828125 0.072265625
0 0.6220703125 0.1318359375 0.1025390625 0.080078125
0 0.1845703125 0.814453125 0.087890625 0.064453125
0 0.375 0.4697265625 0.0830078125 0.0654296875
0 0.5244140625 0.70703125 0.064453125 0.0498046875
0 0.7470703125 0.4375 0.142578125 0.068359375
0 0.2197265625 0.1474609375 0.107421875 0.0751953125
0 0.984375 0.5546875 0.115234375 0.0751953125
0 0.7216796875 0.794921875 0.126953125 0.078125
0 0.7041015625 0.1416015625 0.0849609375 0.0498046875
0 0.404296875 0.63671875 0.08984375 0.0576171875
0 0.8046875 0.2646484375 0.072265625 0.0625
0 0.6005859375 1.0 0.115234375 0.083984375
0 0.15234375 0.224609375 0.1005859375 0.0654296875
0 1.0 0.099609375 0.115234375 0.0625
0 0.796875 0.8017578125 0.1220703125 0.0849609375
0 0.9423828125 0.0517578125 0.09765625 0.0517578125
0 0.6845703125 0.625 0.0771484375 0.052734375
0 0.9970703125 0.2548828125 0.0927734375 0.0673828125
0 0.2646484375 0.4970703125 0.107421875 0.0546875
0 0.572265625 0.3818359375 0.087890625 0.046875
0 0.814453125 0.572265625 0.1328125 0.0703125
0 0.994140625 0.46484375 0.0849609375 0.0556640625
0 0.2177734375 1.0 0.099609375 0.0419921875
0 0.7998046875 0.4873046875 0.123046875 0.0830078125
0 0.921875 0.9169921875 0.125 0.0771484375
0 0.6572265625 0.8447265625 0.08984375 0.044921875
0 0.5595703125 0.15234375 0.0703125 0.052734375
0 0.8623046875 0.4970703125 0.158203125 0.0595703125
0 0.2041015625 0.419921875 0.08203125 0.0556640625
0 1.0 0.96875 0.0556640625 0.0654296875
0 0.4443359375 0.6748046875 0.0751953125 0.0654296875
0 0.9794921875 0.5849609375 0.1123046875 0.05078125
0 1.0 0.1796875 0.04296875 0.0478515625
0 0.625 0.3271484375 0.09765625 0.0546875
0 0.35546875 1.0 0.0830078125 0.0478515625
0 0.2734375 0.9931640625 0.0751953125 0.0478515625
0 0.439453125 1.0 0.08984375 0.0478515625
0 1.0 0.6748046875 0.078125 0.0478515625
0 0.095703125 0.0625 0.0615234375 0.056640625
0 0.939453125 0.982421875 0.0986328125 0.052734375
