0 0.8583984375 0.04296875 0.154296875 0.04296875
0 0.8896484375 0.12109375 0.0791015625 0.0771484375
0 1.0 0.107421875 0.115234375 0.068359375
0 0.974609375 0.4619140625 0.0732421875 0.0830078125
0 0.912109375 0.3447265625 0.08203125 0.09765625
0 0.8583984375 0.2548828125 0.0751953125 0.1123046875
0 0.7626953125 0.373046875 0.072265625 0.0849609375
0 0.8505859375 0.474609375 0.12109375 0.0810546875
0 0.734375 0.46484375 0.0712890625 0.07421875
0 0.669921875 0.546875 0.16015625 0.046875
0 0.6845703125 0.5791015625 0.1103515625 0.0546875
0 0.845703125 0.6650390625 0.142578125 0.0634765625
0 1.0 0.69140625 0.0478515625 0.0478515625
0 0.9775390625 0.58984375 0.0703125 0.05859375
0 0.857421875 0.7392578125 0.0634765625 0.076171875
0 0.8896484375 0.8203125 0.060546875 0.083984375
0 0.6630859375 0.966796875 0.0869140625 0.10546875
0 0.5576171875 0.7451171875 0.0810546875 0.06640625
0 0.4072265625 0.9453125 0.1259765625 0.0751953125
0 0.4404296875 1.0 0.05078125 0.0546875
0 0.259765625 0.6337890625 0.123046875 0.1123046875
0 0.4111328125 0.498046875 0.1025390625 0.17578125
0 0.4951171875 0.46875 0.068359375 0.0888671875
0 0.591796875 0.3818359375 0.0830078125 0.1396484375
0 0.595703125 0.2666015625 0.125 0.2080078125
0 0.12109375 0.9482421875 0.1162109375 0.0908203125
0 0.376953125 0.6279296875 0.205078125 0.1806640625
0 0.3154296875 0.2265625 0.1083984375 0.1005859375
0 0.3857421875 0.04296875 0.1455078125 0.04296875
0 0.9921875 1.0 0.17578125 0.03515625
