0 0.9873046875 0.2890625 0.125 0.0771484375
0 0.2021484375 0.1513671875 0.087890625 0.08203125
0 0.419921875 0.40234375 0.1904296875 0.0849609375
0 1.0 0.322265625 0.06640625 0.056640625
0 0.984375 0.1396484375 0.169921875 0.0654296875
0 0.9365234375 0.5322265625 0.080078125 0.0771484375
0 0.1513671875 0.4677734375 0.1494140625 0.1240234375
0 0.7744140625 0.1416015625 0.099609375 0.0546875
0 0.1171875 0.2021484375 0.1171875 0.0947265625
0 1.0 0.4267578125 0.10546875 0.0732421875
0 0.7275390625 0.349609375 0.087890625 0.0576171875
0 0.9892578125 0.244140625 0.099609375 0.0595703125
0 0.9912109375 0.384765625 0.0771484375 0.0576171875
0 0.9267578125 0.0693359375 0.125 0.0595703125
0 0.0380859375 0.10546875 0.037109375 0.0703125
