0 0.4921875 1.0 0.16015625 0.0556640625
0 0.3466796875 0.119140625 0.109375 0.0966796875
0 0.0791015625 0.107421875 0.0791015625 0.10546875
0 0.572265625 0.5146484375 0.1650390625 0.150390625
0 1.0 0.9091796875 0.1728515625 0.1171875
0 0.7109375 0.7109375 0.2919921875 0.14453125
0 0.6435546875 0.396484375 0.1904296875 0.1025390625
0 0.748046875 1.0 0.1552734375 0.107421875
0 0.453125 0.9130859375 0.328125 0.109375
0 0.1923828125 0.6865234375 0.1923828125 0.1318359375
0 0.7890625 0.3896484375 0.1572265625 0.1123046875
0 0.9248046875 0.3466796875 0.1376953125 0.171875
0 0.599609375 0.0673828125 0.1875 0.0654296875
0 0.6171875 0.29296875 0.1025390625 0.0849609375
0 0.1318359375 0.1845703125 0.0927734375 0.1826171875
0 0.30859375 0.759765625 0.1904296875 0.1044921875
0 0.7744140625 0.5615234375 0.197265625 0.099609375
0 1.0 0.25390625 0.0869140625 0.11328125
0 1.0 1.0 0.1689453125 0.0791015625
