0 0.5966796875 0.5205078125 0.1025390625 0.1123046875
0 0.162109375 0.6962890625 0.107421875 0.1171875
0 0.96484375 0.0341796875 0.123046875 0.0341796875
0 1.0 0.8916015625 0.1533203125 0.1201171875
0 0.18359375 0.3271484375 0.1171875 0.10546875
0 0.7421875 0.4091796875 0.09765625 0.0947265625
0 1.0 0.5546875 0.123046875 0.09765625
0 0.962890625 0.3515625 0.09765625 0.0830078125
0 0.890625 0.1201171875 0.095703125 0.0869140625
0 0.5478515625 0.341796875 0.0908203125 0.107421875
0 1.0 0.1044921875 0.0751953125 0.1044921875
0 0.19921875 0.7744140625 0.0771484375 0.0849609375
0 0.8408203125 0.7275390625 0.0947265625 0.0927734375
0 0.8369140625 0.9873046875 0.125 0.1103515625
0 0.6171875 0.8095703125 0.09765625 0.1123046875
0 1.0 0.6796875 0.177734375 0.150390625
0 0.5634765625 1.0 0.0830078125 0.083984375
0 0.0888671875 0.4873046875 0.078125 0.0771484375
0 0.107421875 0.15234375 0.10546875 0.115234375
0 0.7099609375 0.9970703125 0.0986328125 0.072265625
