0 0.0517578125 0.2314453125 0.0517578125 0.095703125
0 0.1513671875 0.212890625 0.09765625 0.064453125
0 0.0625 0.5927734375 0.0625 0.068359375
0 0.8583984375 0.3818359375 0.076171875 0.0849609375
0 0.85546875 0.9970703125 0.09765625 0.06640625
0 0.873046875 0.05859375 0.115234375 0.05859375
0 0.935546875 0.4169921875 0.09375 0.0986328125
0 0.7529296875 0.228515625 0.14453125 0.07421875
0 0.30859375 0.3583984375 0.0556640625 0.0576171875
0 0.4033203125 0.1259765625 0.099609375 0.125
0 0.1630859375 0.7939453125 0.0859375 0.0400390625
0 0.16796875 0.431640625 0.0927734375 0.1083984375
0 0.5009765625 0.08203125 0.0283203125 0.0810546875
0 0.552734375 0.404296875 0.138671875 0.060546875
0 0.2685546875 0.7900390625 0.0478515625 0.095703125
0 0.3447265625 0.248046875 0.0966796875 0.0595703125
0 0.484375 0.6611328125 0.150390625 0.056640625
0 0.560546875 0.744140625 0.0791015625 0.0625
0 0.876953125 0.447265625 0.037109375 0.078125
0 0.9072265625 0.18359375 0.080078125 0.04296875
0 0.3642578125 0.720703125 0.1142578125 0.12109375
0 0.2314453125 0.51953125 0.0849609375 0.041015625
0 0.9775390625 0.5380859375 0.05078125 0.07421875
0 1.0 0.8408203125 0.060546875 0.0576171875
0 0.8525390625 0.095703125 0.05078125 0.0712890625
0 0.7099609375 1.0 0.05859375 0.0576171875
0 0.6396484375 0.0859375 0.041015625 0.0859375
0 0.69140625 0.3525390625 0.0908203125 0.0732421875
0 0.14453125 0.6552734375 0.091796875 0.033203125
0 0.423828125 0.9326171875 0.1279296875 0.072265625
0 0.595703125 0.69921875 0.0576171875 0.0693359375
0 0.7744140625 0.4033203125 0.0283203125 0.08203125
0 0.775390625 0.171875 0.0341796875 0.0673828125
0 0.341796875 0.5634765625 0.0673828125 0.072265625
0 0.6259765625 0.37109375 0.06640625 0.12109375
0 0.0185546875 0.6513671875 0.0185546875 0.06640625
0 0.29296875 0.6943359375 0.0693359375 0.0625
0 0.955078125 0.0791015625 0.0498046875 0.0595703125
0 0.8330078125 0.3232421875 0.0625 0.083984375
0 0.3369140625 0.19140625 0.0751953125 0.0283203125
0 0.1552734375 0.46484375 0.0888671875 0.0390625
0 0.447265625 0.271484375 0.0595703125 0.0439453125
0 0.1494140625 0.9990234375 0.1015625 0.03125
0 0.2060546875 0.8525390625 0.0908203125 0.0302734375
0 0.83984375 0.9052734375 0.083984375 0.0859375
0 0.9052734375 0.3134765625 0.072265625 0.0390625
0 0.2978515625 0.994140625 0.0634765625 0.1748046875
0 0.291015625 0.6171875 0.0751953125 0.05078125
0 0.0966796875 0.4228515625 0.05078125 0.068359375
0 0.724609375 0.0234375 0.0400390625 0.0234375
0 0.806640625 0.591796875 0.044921875 0.0654296875
0 0.208984375 0.8310546875 0.0908203125 0.0224609375
0 0.751953125 0.712890625 0.103515625 0.0419921875
0 0.494140625 0.0751953125 0.0283203125 0.0732421875
0 0.79296875 0.49541015625 0.07158203124999996 0.04296875
0 0.5400390625 0.1484375 0.0400390625 0.0634765625
0 0.6533203125 0.09375 0.119140625 0.03515625
0 0.3740234375 1.0 0.109375 0.0400390625
0 0.5888671875 0.7431640625 0.0625 0.0341796875
0 0.34375 0.75 0.05859375 0.1845703125
0 0.291015625 0.2578125 0.09375 0.0478515625
0 0.3349609375 0.0771484375 0.0615234375 0.0419921875
0 1.0 0.7294921875 0.04296875 0.1376953125
0 0.4296875 0.9560546875 0.0390625 0.033203125
