0 0.8525390625 0.564453125 0.0546875 0.083984375
0 1.0 0.8369140625 0.0322265625 0.0771484375
0 0.978515625 0.5078125 0.0693359375 0.0654296875
0 1.0 0.5859375 0.01953125 0.1025390625
0 0.310546875 0.41015625 0.0830078125 0.0537109375
0 0.4365234375 0.2431640625 0.1005859375 0.111328125
0 0.7236328125 0.6103515625 0.09765625 0.0390625
0 0.1669921875 0.86328125 0.0927734375 0.0654296875
0 0.13671875 0.2197265625 0.080078125 0.0458984375
0 0.78515625 0.705078125 0.029296875 0.0771484375
0 0.5380859375 0.46484375 0.1181640625 0.09375
0 0.279296875 0.109375 0.1171875 0.0419921875
0 1.0 0.6298828125 0.025390625 0.0615234375
0 0.513671875 0.6904296875 0.1083984375 0.0419921875
0 0.955078125 0.8662109375 0.09375 0.0439453125
0 0.2275390625 0.53515625 0.1171875 0.0546875
0 0.0703125 0.1572265625 0.068359375 0.060546875
0 1.0 0.12890625 0.060546875 0.1025390625
0 0.818359375 0.5537109375 0.0615234375 0.064453125
0 0.947265625 1.0 0.056640625 0.0302734375
0 0.3125 0.08984375 0.0732421875 0.0546875
0 0.8291015625 0.890625 0.0361328125 0.0615234375
0 0.7724609375 0.564453125 0.0693359375 0.041015625
0 0.12109375 0.5458984375 0.03515625 0.0986328125
0 0.9716796875 0.0224609375 0.064453125 0.0224609375
0 0.392578125 0.5146484375 0.0947265625 0.068359375
0 0.224609375 0.7958984375 0.11328125 0.0439453125
0 0.90625 0.3759765625 0.064453125 0.0341796875
0 0.5419921875 0.8994140625 0.048828125 0.083984375
0 0.154296875 0.5791015625 0.1044921875 0.03515625
0 0.837890625 0.7705078125 0.0693359375 0.072265625
0 0.935546875 0.3271484375 0.064453125 0.060546875
0 0.060546875 0.5751953125 0.060546875 0.044921875
0 0.4970703125 0.6513671875 0.1103515625 0.0322265625
0 0.1630859375 0.6201171875 0.109375 0.041015625
0 0.4453125 0.1044921875 0.095703125 0.05078125
0 0.994140625 0.6904296875 0.099609375 0.0595703125
0 0.7822265625 0.74609375 0.05859375 0.029296875
0 0.0556640625 0.2373046875 0.0556640625 0.0400390625
0 0.1171875 0.9306640625 0.068359375 0.021484375
0 0.2861328125 0.8681640625 0.087890625 0.0576171875
0 0.7333984375 0.9912109375 0.1181640625 0.037109375
0 0.3310546875 0.29296875 0.0986328125 0.037109375
0 0.8720703125 0.28515625 0.107421875 0.0390625
0 0.751953125 0.9375 0.1044921875 0.0380859375
0 0.7177734375 0.890625 0.0556640625 0.060546875
0 0.771484375 0.90234375 0.05078125 0.0458984375
0 1.0 0.486328125 0.046875 0.0361328125
0 0.349609375 0.5810546875 0.1083984375 0.0400390625
0 0.2822265625 0.734375 0.12109375 0.03125
0 0.810546875 0.6640625 0.076171875 0.0634765625
0 0.875 0.998046875 0.0595703125 0.0380859375
0 0.0830078125 0.4599609375 0.0830078125 0.0537109375
0 0.3896484375 0.708984375 0.0712890625 0.033203125
0 0.0458984375 0.029296875 0.0458984375 0.0283203125
0 0.2470703125 1.0 0.0849609375 0.013671875
0 0.5595703125 0.732421875 0.0546875 0.0556640625
0 1.0 0.2958984375 0.0205078125 0.0439453125
0 0.9462890625 0.0458984375 0.0498046875 0.02734375
0 0.123046875 0.0703125 0.0732421875 0.0146484375
0 0.751953125 0.03125 0.04296875 0.03125
0 0.5654296875 0.380859375 0.15234375 0.0390625
0 1.0 0.4541015625 0.0869140625 0.095703125
0 0.4794921875 0.9921875 0.1357421875 0.0361328125
0 0.1875 0.716796875 0.115234375 0.0439453125
0 0.71318359375 0.71982421875 0.05537109374999993 0.03789062500000007
0 0.2021484375 0.0673828125 0.0546875 0.0234375
0 0.7021484375 0.0390625 0.0595703125 0.0390625
0 0.333984375 0.9287109375 0.12109375 0.044921875
0 1.0 0.4541015625 0.021484375 0.0625
0 0.4794921875 0.4052734375 0.0732421875 0.0615234375
0 0.568359375 0.998046875 0.0517578125 0.0283203125
0 0.802734375 0.0703125 0.1357421875 0.0390625
0 0.666015625 0.4970703125 0.1025390625 0.0419921875
0 0.779296875 0.8701171875 0.046875 0.0341796875
0 0.66796875 0.71484375 0.060546875 0.0341796875
0 0.23046875 0.9296875 0.1162109375 0.0654296875
0 0.03515625 0.6357421875 0.03515625 0.0478515625
0 0.39453125 0.1142578125 0.0478515625 0.0673828125
