0 0.39453125 0.1083984375 0.1259765625 0.1083984375
0 0.48828125 0.12890625 0.1162109375 0.0966796875
0 0.60546875 0.1201171875 0.111328125 0.048828125
0 0.822265625 0.1748046875 0.1103515625 0.0595703125
0 0.9404296875 0.14453125 0.0966796875 0.0625
0 1.0 0.1416015625 0.0322265625 0.064453125
0 0.2373046875 0.171875 0.1005859375 0.1435546875
0 0.1357421875 0.1552734375 0.1357421875 0.064453125
0 0.2646484375 0.4541015625 0.09375 0.119140625
0 0.3349609375 0.48828125 0.09765625 0.08203125
0 0.537109375 0.4208984375 0.166015625 0.064453125
0 0.6142578125 0.2939453125 0.126953125 0.056640625
0 0.6767578125 0.271484375 0.0419921875 0.080078125
0 0.6650390625 0.3447265625 0.05859375 0.0546875
0 0.658203125 0.4609375 0.0615234375 0.0615234375
0 1.0 0.46875 0.130859375 0.134765625
0 0.83984375 0.28125 0.154296875 0.0888671875
0 0.9296875 0.24609375 0.1015625 0.06640625
0 1.0 0.5703125 0.0380859375 0.099609375
0 0.4140625 0.529296875 0.068359375 0.087890625
0 0.6025390625 0.5712890625 0.0517578125 0.0712890625
0 0.796875 0.55859375 0.12890625 0.0400390625
0 0.8125 0.6044921875 0.16015625 0.0537109375
0 0.9501953125 0.7373046875 0.1806640625 0.0810546875
0 0.810546875 0.927734375 0.056640625 0.123046875
0 0.62109375 0.8818359375 0.12109375 0.0869140625
0 0.462890625 0.740234375 0.0693359375 0.0654296875
0 0.3642578125 0.7822265625 0.0517578125 0.072265625
0 0.384765625 0.640625 0.1015625 0.095703125
0 0.220703125 0.58984375 0.05078125 0.08984375
0 0.052734375 0.5029296875 0.052734375 0.0830078125
0 0.1279296875 0.9052734375 0.1279296875 0.0576171875
0 0.3173828125 0.8466796875 0.1279296875 0.0625
0 0.359375 0.8916015625 0.123046875 0.056640625
0 0.251953125 1.0 0.0673828125 0.044921875
0 0.6318359375 0.689453125 0.130859375 0.072265625
0 0.9326171875 0.9658203125 0.080078125 0.05859375
0 0.0791015625 0.2509765625 0.0791015625 0.0380859375
