0 0.1533203125 0.892578125 0.060546875 0.0849609375
0 0.998046875 0.5380859375 0.0595703125 0.103515625
0 0.3447265625 0.8623046875 0.0478515625 0.0830078125
0 0.1943359375 0.3251953125 0.0625 0.1025390625
0 0.9951171875 0.1064453125 0.0712890625 0.0830078125
0 0.2412109375 0.251953125 0.068359375 0.0859375
0 0.384765625 0.9892578125 0.0732421875 0.0546875
0 0.123046875 0.1513671875 0.09375 0.1220703125
0 0.578125 0.1728515625 0.0703125 0.0654296875
0 0.0517578125 0.2490234375 0.0517578125 0.1064453125
0 0.6513671875 0.8994140625 0.0634765625 0.078125
0 0.35546875 0.34765625 0.0732421875 0.0859375
0 0.115234375 0.48046875 0.0703125 0.0703125
0 0.4755859375 0.5185546875 0.060546875 0.0859375
0 0.1259765625 0.41015625 0.0625 0.05859375
0 0.056640625 0.953125 0.0419921875 0.068359375
0 0.3359375 0.51171875 0.0419921875 0.072265625
0 0.0263671875 0.107421875 0.0263671875 0.068359375
0 0.06640625 0.0458984375 0.06640625 0.0458984375
0 0.7392578125 0.5849609375 0.02734375 0.068359375
0 0.4052734375 0.623046875 0.0498046875 0.0751953125
0 0.3662109375 0.283203125 0.087890625 0.0517578125
0 0.314453125 0.1142578125 0.0546875 0.0654296875
0 0.4404296875 0.9365234375 0.0595703125 0.060546875
0 0.544921875 0.3916015625 0.10546875 0.0361328125
0 0.6064453125 0.83984375 0.0712890625 0.0693359375
0 0.8916015625 0.548828125 0.0478515625 0.0615234375
0 0.4716796875 0.0517578125 0.0517578125 0.0517578125
0 0.0966796875 0.591796875 0.0595703125 0.087890625
0 0.75390625 0.4921875 0.0498046875 0.111328125
0 0.921875 0.0458984375 0.0458984375 0.044921875
0 0.2138671875 0.7578125 0.0693359375 0.029296875
0 0.220703125 0.4462890625 0.0654296875 0.0322265625
0 0.140625 0.5966796875 0.0654296875 0.05859375
0 0.2451171875 0.1435546875 0.0390625 0.0478515625
0 0.111328125 0.814453125 0.0625 0.0439453125
0 0.78125 0.6474609375 0.07421875 0.0439453125
0 0.0517578125 0.578125 0.0517578125 0.0478515625
0 0.7177734375 0.37109375 0.0625 0.052734375
0 0.81640625 0.330078125 0.0234375 0.0634765625
0 0.3515625 0.6806640625 0.0556640625 0.05078125
0 0.2958984375 0.615234375 0.0947265625 0.0654296875
0 0.99609375 0.9736328125 0.025390625 0.07421875
0 0.0634765625 0.998046875 0.048828125 0.0439453125
0 0.5126953125 0.919921875 0.0439453125 0.0498046875
0 0.654296875 0.3212890625 0.041015625 0.0537109375
0 0.8662109375 0.4326171875 0.0556640625 0.0380859375
0 0.70703125 1.0 0.056640625 0.015625
0 0.3701171875 0.900390625 0.0263671875 0.0673828125
0 0.494140625 0.52734375 0.0703125 0.0927734375
0 0.1396484375 0.58203125 0.068359375 0.0556640625
0 0.41015625 0.7060546875 0.0703125 0.017578125
0 0.3486328125 0.6474609375 0.0234375 0.0634765625
0 0.0244140625 0.998046875 0.0244140625 0.025390625
0 0.583984375 0.09375 0.0361328125 0.0517578125
0 0.9208984375 0.6328125 0.0302734375 0.072265625
0 0.998046875 0.3525390625 0.029296875 0.048828125
0 0.41015625 0.0517578125 0.044921875 0.05078125
0 0.0537109375 0.2021484375 0.0380859375 0.04296875
0 0.3818359375 0.6904296875 0.0302734375 0.0830078125
0 1.0 0.5888671875 0.021484375 0.07421875
0 0.7783203125 0.02734375 0.04296875 0.0263671875
0 0.125 0.7177734375 0.0791015625 0.0458984375
0 0.3486328125 0.58984375 0.0556640625 0.0400390625
0 0.7958984375 0.23046875 0.0859375 0.072265625
0 0.6953125 0.884765625 0.0322265625 0.06640625
0 0.744140625 0.9443359375 0.05859375 0.044921875
0 0.4345703125 0.99609375 0.0634765625 0.029296875
0 0.0263671875 0.7333984375 0.0263671875 0.0361328125
