0 0.9853515625 0.63671875 0.064453125 0.1474609375
0 0.8427734375 1.0 0.0947265625 0.0458984375
0 0.8330078125 0.671875 0.0517578125 0.0654296875
0 0.935546875 0.080078125 0.09765625 0.080078125
0 0.40234375 0.12109375 0.0703125 0.12109375
0 0.37890625 0.4404296875 0.0908203125 0.091796875
0 1.0 0.2099609375 0.0400390625 0.0888671875
0 0.375 0.5126953125 0.1005859375 0.0751953125
0 0.9130859375 0.58984375 0.130859375 0.09375
0 0.1103515625 1.0 0.0947265625 0.0791015625
0 0.615234375 0.5029296875 0.1123046875 0.0791015625
0 0.966796875 0.912109375 0.08984375 0.0634765625
0 0.08203125 0.2431640625 0.08203125 0.1474609375
0 0.4287109375 0.98828125 0.1005859375 0.1337890625
0 0.35546875 0.138671875 0.16796875 0.1181640625
0 0.1005859375 0.3369140625 0.1005859375 0.09765625
0 0.6103515625 0.1162109375 0.1171875 0.1005859375
0 1.0 0.8828125 0.0986328125 0.0888671875
0 0.3271484375 0.783203125 0.0751953125 0.0732421875
0 0.0986328125 0.72265625 0.0556640625 0.0869140625
0 0.125 0.626953125 0.083984375 0.0654296875
0 0.1796875 0.7822265625 0.0888671875 0.0595703125
0 0.236328125 0.765625 0.064453125 0.0546875
