0 0.447265625 0.0947265625 0.0595703125 0.080078125
0 0.5400390625 0.04296875 0.0849609375 0.04296875
0 0.6416015625 0.048828125 0.1083984375 0.048828125
0 0.78515625 0.0966796875 0.0927734375 0.0927734375
0 0.8369140625 0.1572265625 0.109375 0.0615234375
0 0.884765625 0.0712890625 0.0693359375 0.0712890625
0 0.9912109375 0.1630859375 0.07421875 0.0888671875
0 0.88671875 0.21875 0.1005859375 0.05859375
0 0.8779296875 0.2568359375 0.05859375 0.0478515625
0 0.7587890625 0.3154296875 0.107421875 0.0654296875
0 0.650390625 0.216796875 0.0771484375 0.0830078125
0 0.56640625 0.31640625 0.0654296875 0.0888671875
0 0.5390625 0.216796875 0.056640625 0.0478515625
0 0.5400390625 0.166015625 0.0537109375 0.0654296875
0 0.447265625 0.2470703125 0.0732421875 0.068359375
0 0.4814453125 0.34765625 0.0703125 0.0771484375
0 0.3671875 0.083984375 0.0869140625 0.0771484375
0 0.0888671875 0.19921875 0.0830078125 0.107421875
0 0.236328125 0.1787109375 0.154296875 0.07421875
0 0.1220703125 0.2548828125 0.0947265625 0.0537109375
0 0.1259765625 0.380859375 0.083984375 0.0634765625
0 0.34375 0.412109375 0.1015625 0.0703125
0 0.2109375 0.4560546875 0.111328125 0.080078125
0 0.3037109375 0.474609375 0.1083984375 0.06640625
0 0.3349609375 0.513671875 0.0771484375 0.0634765625
0 0.412109375 0.63671875 0.0771484375 0.076171875
0 0.1181640625 0.78125 0.107421875 0.080078125
0 0.109375 0.8271484375 0.064453125 0.0556640625
0 0.2978515625 0.806640625 0.08203125 0.0771484375
0 0.318359375 0.7236328125 0.0712890625 0.068359375
0 0.3896484375 0.736328125 0.080078125 0.0830078125
0 0.505859375 0.6962890625 0.099609375 0.0537109375
0 0.462890625 0.787109375 0.0849609375 0.0732421875
0 0.3828125 0.8134765625 0.0625 0.0751953125
0 0.4365234375 0.84375 0.0732421875 0.0703125
0 0.513671875 0.84765625 0.080078125 0.076171875
0 0.2236328125 0.892578125 0.0625 0.0751953125
0 0.1982421875 0.9423828125 0.0751953125 0.08203125
0 0.322265625 1.0 0.06640625 0.0556640625
0 0.349609375 0.9365234375 0.0673828125 0.044921875
0 0.4228515625 0.9814453125 0.099609375 0.044921875
0 0.484375 0.9580078125 0.0712890625 0.072265625
0 0.5517578125 0.94140625 0.0771484375 0.072265625
0 0.7138671875 0.953125 0.0654296875 0.0732421875
0 0.9921875 1.0 0.1181640625 0.080078125
0 0.8916015625 0.5517578125 0.0751953125 0.05859375
0 0.873046875 0.6015625 0.0654296875 0.048828125
0 0.755859375 0.5634765625 0.0859375 0.06640625
0 0.6455078125 0.6103515625 0.0478515625 0.0810546875
0 0.599609375 0.6142578125 0.0537109375 0.0556640625
0 0.4990234375 0.529296875 0.056640625 0.08203125
0 0.4853515625 0.4541015625 0.09375 0.0537109375
0 0.6279296875 0.43359375 0.0732421875 0.052734375
0 0.8056640625 0.392578125 0.0546875 0.05078125
0 0.859375 0.4052734375 0.05859375 0.0595703125
0 0.958984375 0.443359375 0.095703125 0.068359375
0 0.927734375 0.826171875 0.083984375 0.0625
0 0.962890625 0.7001953125 0.1015625 0.06640625
0 0.603515625 0.896484375 0.0615234375 0.0634765625
0 0.9912109375 0.796875 0.0751953125 0.130859375
0 0.16015625 0.5322265625 0.052734375 0.068359375
0 0.2861328125 0.4287109375 0.0791015625 0.0625
0 0.173828125 0.95703125 0.0693359375 0.0458984375
