0 0.984375 1.0 0.064453125 0.05078125
0 0.9052734375 0.892578125 0.05078125 0.046875
0 0.9365234375 0.8056640625 0.05078125 0.05078125
0 0.9150390625 0.751953125 0.05859375 0.0693359375
0 0.9853515625 0.76171875 0.0654296875 0.0830078125
0 0.9794921875 0.6103515625 0.0439453125 0.0537109375
0 1.0 0.341796875 0.0517578125 0.0751953125
0 0.9677734375 0.357421875 0.0673828125 0.0625
0 0.908203125 0.361328125 0.041015625 0.052734375
0 0.978515625 0.4619140625 0.044921875 0.0634765625
0 0.806640625 0.3271484375 0.0703125 0.0615234375
0 0.9072265625 0.251953125 0.060546875 0.1259765625
0 0.9443359375 0.287109375 0.0517578125 0.0771484375
0 0.845703125 0.5029296875 0.0751953125 0.0537109375
0 0.861328125 0.560546875 0.0625 0.0673828125
0 0.78515625 0.42578125 0.0478515625 0.0546875
0 0.8037109375 0.6552734375 0.0595703125 0.0712890625
0 0.77734375 0.75390625 0.0546875 0.072265625
0 0.7744140625 0.814453125 0.0732421875 0.0556640625
0 0.6630859375 0.818359375 0.076171875 0.05859375
0 0.560546875 0.833984375 0.0751953125 0.0888671875
0 0.650390625 0.76171875 0.0673828125 0.0751953125
0 0.5576171875 0.640625 0.0654296875 0.0615234375
0 0.5078125 0.5517578125 0.05859375 0.05859375
0 0.5576171875 0.5107421875 0.064453125 0.0615234375
0 0.5615234375 0.447265625 0.0703125 0.0634765625
0 0.6455078125 0.51171875 0.0693359375 0.0888671875
0 0.681640625 0.5458984375 0.0625 0.05859375
0 0.71484375 0.4482421875 0.05859375 0.05859375
0 0.5537109375 0.4013671875 0.068359375 0.06640625
0 0.45703125 0.4423828125 0.0712890625 0.0498046875
0 0.3671875 0.3837890625 0.08984375 0.0712890625
0 0.23828125 0.3984375 0.0869140625 0.052734375
0 0.2548828125 0.5078125 0.06640625 0.0517578125
0 0.333984375 0.5390625 0.0693359375 0.05859375
0 0.3251953125 0.6064453125 0.0966796875 0.048828125
0 0.279296875 0.65625 0.07421875 0.041015625
0 0.4404296875 0.75 0.08984375 0.0654296875
0 0.455078125 0.818359375 0.08203125 0.0517578125
0 0.8349609375 1.0 0.087890625 0.0419921875
0 0.740234375 0.951171875 0.0576171875 0.056640625
0 0.671875 0.904296875 0.0634765625 0.0537109375
0 0.7705078125 1.0 0.060546875 0.0390625
0 0.283203125 0.8671875 0.060546875 0.0498046875
0 0.224609375 0.833984375 0.0712890625 0.0537109375
0 0.119140625 0.861328125 0.080078125 0.052734375
0 0.1083984375 0.80859375 0.0908203125 0.0654296875
0 0.0576171875 0.927734375 0.0576171875 0.052734375
0 0.1455078125 0.951171875 0.0693359375 0.0439453125
0 0.091796875 0.5859375 0.08203125 0.0693359375
0 0.1318359375 0.4970703125 0.0673828125 0.06640625
0 0.0771484375 0.4482421875 0.0771484375 0.0615234375
0 0.4560546875 0.2880859375 0.0810546875 0.15234375
0 0.759765625 0.0947265625 0.0595703125 0.0654296875
0 0.255859375 0.06640625 0.0888671875 0.06640625
0 0.119140625 0.0517578125 0.0908203125 0.0517578125
0 0.693359375 0.392578125 0.05859375 0.0634765625
0 0.4365234375 0.533203125 0.068359375 0.0712890625
0 0.3310546875 0.9326171875 0.0576171875 0.056640625
0 0.302734375 0.9736328125 0.078125 0.0546875
0 0.1865234375 0.21875 0.0419921875 0.029296875
0 0.298828125 0.0576171875 0.0615234375 0.0576171875
0 0.25 0.4912109375 0.0693359375 0.06640625
