0 0.076171875 0.2470703125 0.0732421875 0.1142578125
0 0.0390625 0.396484375 0.0390625 0.078125
0 0.1328125 0.359375 0.09765625 0.0830078125
0 0.091796875 0.4501953125 0.0673828125 0.0625
0 0.3408203125 0.576171875 0.12109375 0.1083984375
0 0.2841796875 0.4619140625 0.0615234375 0.064453125
0 0.482421875 0.34765625 0.0537109375 0.05859375
0 0.560546875 0.4697265625 0.0751953125 0.0849609375
0 0.048828125 0.72265625 0.048828125 0.0888671875
0 0.18359375 0.732421875 0.0634765625 0.095703125
0 0.060546875 0.86328125 0.060546875 0.0888671875
0 0.162109375 0.8125 0.05859375 0.099609375
0 0.3837890625 0.7509765625 0.0712890625 0.091796875
0 0.4375 0.9033203125 0.103515625 0.0732421875
0 0.0986328125 1.0 0.0947265625 0.0380859375
0 0.21484375 1.0 0.083984375 0.037109375
0 0.263671875 0.9658203125 0.080078125 0.080078125
0 0.4296875 1.0 0.0634765625 0.0283203125
0 0.4609375 0.9658203125 0.080078125 0.0673828125
0 0.7763671875 0.9951171875 0.060546875 0.064453125
0 0.9921875 0.9169921875 0.0966796875 0.076171875
0 0.998046875 0.8408203125 0.0712890625 0.09375
0 0.9765625 0.7626953125 0.0556640625 0.0673828125
0 0.9013671875 0.86328125 0.0615234375 0.0673828125
0 0.6376953125 0.7978515625 0.0517578125 0.0703125
0 0.5654296875 0.8154296875 0.0751953125 0.091796875
0 0.5126953125 0.708984375 0.0634765625 0.0751953125
0 0.810546875 0.673828125 0.1025390625 0.1005859375
0 0.6767578125 0.5751953125 0.0712890625 0.056640625
0 0.794921875 0.5224609375 0.0888671875 0.080078125
0 0.8671875 0.533203125 0.0810546875 0.0595703125
0 0.66796875 0.513671875 0.0478515625 0.0576171875
0 0.6396484375 0.439453125 0.0595703125 0.0703125
0 0.6455078125 0.3740234375 0.0859375 0.09765625
0 0.7041015625 0.44921875 0.0625 0.07421875
0 0.771484375 0.42578125 0.0654296875 0.154296875
0 0.837890625 0.419921875 0.068359375 0.0859375
0 0.9033203125 0.404296875 0.0634765625 0.0859375
0 1.0 0.3759765625 0.0751953125 0.091796875
0 0.7978515625 0.2802734375 0.072265625 0.07421875
0 0.9033203125 0.2578125 0.05859375 0.0888671875
0 0.8466796875 0.3037109375 0.0625 0.0732421875
0 0.8017578125 0.1669921875 0.0625 0.080078125
0 0.73046875 0.12109375 0.0537109375 0.083984375
0 0.94921875 0.1103515625 0.07421875 0.0654296875
0 0.9072265625 0.0458984375 0.064453125 0.0458984375
0 0.4501953125 0.10546875 0.08984375 0.0654296875
0 0.443359375 0.0302734375 0.1181640625 0.0302734375
0 0.1826171875 0.14453125 0.0517578125 0.07421875
0 0.111328125 0.9775390625 0.0947265625 0.06640625
0 0.958984375 0.5576171875 0.087890625 0.0634765625
0 0.0234375 0.5107421875 0.0234375 0.0810546875
0 0.9453125 1.0 0.0703125 0.0322265625
