0 0.728515625 0.2197265625 0.08984375 0.0673828125
0 0.2001953125 0.0341796875 0.076171875 0.0341796875
0 0.4013671875 0.0625 0.0927734375 0.0625
0 0.0654296875 0.2353515625 0.0576171875 0.0654296875
0 0.1435546875 0.322265625 0.04296875 0.0576171875
0 0.3828125 0.3828125 0.091796875 0.056640625
0 0.439453125 0.4970703125 0.048828125 0.0634765625
0 0.93359375 0.458984375 0.1083984375 0.0654296875
0 0.703125 0.4951171875 0.0966796875 0.05859375
0 0.7041015625 0.4287109375 0.046875 0.0458984375
0 0.609375 0.423828125 0.048828125 0.0546875
0 0.984375 0.384765625 0.037109375 0.0576171875
0 1.0 0.634765625 0.0478515625 0.080078125
0 1.0 0.744140625 0.04296875 0.0869140625
0 0.0517578125 0.4853515625 0.0517578125 0.0556640625
0 0.0859375 0.5556640625 0.083984375 0.0517578125
0 0.2197265625 0.7802734375 0.056640625 0.0712890625
0 0.46875 0.83984375 0.076171875 0.0625
0 0.56640625 0.7666015625 0.0693359375 0.0654296875
0 0.6083984375 0.857421875 0.091796875 0.0791015625
0 0.6484375 0.8642578125 0.0546875 0.064453125
0 0.755859375 0.8798828125 0.0654296875 0.078125
0 0.865234375 0.896484375 0.0927734375 0.0791015625
0 0.998046875 0.9814453125 0.0732421875 0.087890625
0 0.8759765625 0.9921875 0.0927734375 0.109375
0 0.4990234375 0.984375 0.0703125 0.0595703125
0 0.3837890625 0.98828125 0.08984375 0.05859375
0 0.2744140625 0.873046875 0.08984375 0.099609375
0 0.1484375 0.8349609375 0.0791015625 0.0537109375
0 0.1103515625 0.9169921875 0.0595703125 0.0576171875
0 0.9814453125 0.923828125 0.1083984375 0.0908203125
0 0.9873046875 0.3330078125 0.0380859375 0.0380859375
0 0.7109375 0.0556640625 0.0556640625 0.0498046875
0 0.5166015625 0.0458984375 0.03515625 0.0380859375
0 0.216796875 0.1337890625 0.0400390625 0.0380859375
0 0.2646484375 0.1025390625 0.044921875 0.0458984375
0 0.2685546875 0.1376953125 0.0517578125 0.052734375
0 0.4404296875 0.0986328125 0.0439453125 0.03515625
0 0.4443359375 0.1396484375 0.0869140625 0.048828125
0 0.52734375 0.107421875 0.0263671875 0.0576171875
0 0.546875 0.0595703125 0.03125 0.0595703125
0 1.0 0.0361328125 0.048828125 0.03515625
0 1.0 0.0830078125 0.0380859375 0.0400390625
0 0.4169921875 0.220703125 0.0947265625 0.1005859375
0 0.5322265625 0.244140625 0.080078125 0.099609375
0 0.482421875 0.2958984375 0.0625 0.080078125
0 0.224609375 0.3349609375 0.0751953125 0.07421875
0 0.13671875 0.3828125 0.0712890625 0.048828125
0 0.20703125 0.45703125 0.0595703125 0.0830078125
0 0.2685546875 0.4384765625 0.056640625 0.0478515625
0 0.4072265625 0.4677734375 0.046875 0.0810546875
0 0.6533203125 0.40625 0.046875 0.0576171875
0 0.8818359375 0.3427734375 0.0830078125 0.0439453125
0 0.9482421875 0.5244140625 0.0458984375 0.048828125
0 0.8623046875 0.404296875 0.0732421875 0.044921875
0 0.759765625 0.5322265625 0.0791015625 0.046875
0 0.8173828125 0.603515625 0.13671875 0.0546875
0 0.8271484375 0.6318359375 0.0498046875 0.0341796875
0 0.59765625 0.59765625 0.0595703125 0.064453125
0 0.634765625 0.6044921875 0.0400390625 0.0439453125
0 0.658203125 0.6455078125 0.044921875 0.0556640625
0 0.05859375 0.6142578125 0.0546875 0.056640625
0 0.34765625 0.595703125 0.068359375 0.0517578125
0 0.2783203125 0.5888671875 0.0654296875 0.0537109375
0 0.2353515625 0.5498046875 0.0673828125 0.044921875
0 0.25 0.6494140625 0.0556640625 0.04296875
0 0.1318359375 0.6376953125 0.041015625 0.0380859375
0 0.501953125 0.640625 0.064453125 0.072265625
0 0.4267578125 0.6611328125 0.06640625 0.0595703125
0 0.3916015625 0.7109375 0.1416015625 0.0537109375
0 0.439453125 0.7578125 0.0439453125 0.060546875
0 0.0908203125 0.69140625 0.05859375 0.046875
0 0.115234375 0.763671875 0.0625 0.0400390625
0 0.2607421875 0.529296875 0.048828125 0.0380859375
0 0.580078125 0.6875 0.0537109375 0.05078125
0 0.65625 0.7158203125 0.0849609375 0.076171875
0 0.3232421875 0.86328125 0.046875 0.056640625
0 0.5078125 0.8798828125 0.060546875 0.05859375
0 0.6015625 0.947265625 0.0869140625 0.07421875
0 0.6591796875 0.9833984375 0.0703125 0.083984375
