0 0.728515625 0.6767578125 0.0634765625 0.0947265625
0 0.36328125 0.7578125 0.0673828125 0.095703125
0 0.6552734375 0.6142578125 0.07421875 0.087890625
0 0.9033203125 0.990234375 0.107421875 0.064453125
0 0.861328125 0.42578125 0.068359375 0.107421875
0 0.9208984375 0.70703125 0.1015625 0.1435546875
0 0.5400390625 0.5703125 0.1435546875 0.0595703125
0 0.38671875 0.8544921875 0.1201171875 0.0791015625
0 0.5302734375 0.1923828125 0.0908203125 0.1044921875
0 0.3369140625 0.5244140625 0.0703125 0.1240234375
0 0.3310546875 0.615234375 0.115234375 0.083984375
0 1.0 0.4716796875 0.076171875 0.072265625
0 0.1494140625 0.2470703125 0.134765625 0.0966796875
0 0.068359375 0.7060546875 0.068359375 0.1064453125
0 0.716796875 0.1083984375 0.1201171875 0.107421875
0 0.826171875 0.3291015625 0.037109375 0.1064453125
0 0.7958984375 0.783203125 0.1201171875 0.068359375
0 0.5185546875 0.287109375 0.1416015625 0.095703125
0 0.5185546875 0.8916015625 0.0966796875 0.083984375
0 0.7822265625 1.0 0.0791015625 0.0390625
0 0.6865234375 0.3564453125 0.0791015625 0.0771484375
0 0.361328125 0.3505859375 0.0908203125 0.08984375
0 0.22265625 0.0537109375 0.064453125 0.0537109375
0 0.611328125 1.0 0.076171875 0.076171875
0 0.63671875 0.998046875 0.0439453125 0.0615234375
0 0.2451171875 0.6513671875 0.0830078125 0.087890625
0 0.9111328125 0.5810546875 0.0751953125 0.083984375
0 0.396484375 0.4912109375 0.08203125 0.1318359375
0 0.1279296875 0.6845703125 0.09375 0.1142578125
0 0.08203125 0.4970703125 0.08203125 0.0732421875
0 0.302734375 0.75390625 0.09375 0.060546875
0 1.0 0.3740234375 0.0400390625 0.072265625
0 0.96484375 0.5517578125 0.1025390625 0.11328125
0 0.69921875 0.068359375 0.0595703125 0.068359375
0 0.64453125 0.2158203125 0.078125 0.13671875
0 1.0 0.333984375 0.0166015625 0.0771484375
0 0.2197265625 0.5703125 0.126953125 0.1064453125
0 0.501953125 0.3447265625 0.0869140625 0.1142578125
0 1.0 0.998046875 0.05078125 0.0478515625
0 0.1630859375 0.23828125 0.0693359375 0.0751953125
0 0.060546875 0.322265625 0.060546875 0.0625
0 0.2705078125 0.9306640625 0.1015625 0.0615234375
0 0.205078125 0.9423828125 0.09765625 0.1005859375
0 0.271484375 0.1533203125 0.068359375 0.0380859375
0 0.8251953125 0.6533203125 0.0537109375 0.064453125
0 0.19921875 0.75390625 0.10546875 0.05078125
0 0.4345703125 0.166015625 0.0673828125 0.087890625
0 0.5205078125 0.947265625 0.0595703125 0.0439453125
0 0.607421875 0.060546875 0.0556640625 0.060546875
0 0.0556640625 0.8662109375 0.0556640625 0.06640625
0 0.3115234375 0.3505859375 0.0947265625 0.0498046875
0 0.5009765625 0.607421875 0.0791015625 0.0654296875
0 0.9296875 0.8671875 0.04296875 0.1103515625
0 0.1279296875 0.57421875 0.1279296875 0.0478515625
0 0.2744140625 0.3779296875 0.0673828125 0.041015625
0 0.3359375 0.4287109375 0.0712890625 0.0810546875
0 0.1259765625 0.95703125 0.072265625 0.033203125
0 0.177734375 0.4814453125 0.0966796875 0.068359375
0 0.5205078125 0.09765625 0.1748046875 0.0400390625
0 0.9638671875 0.771484375 0.1376953125 0.056640625
0 0.451171875 0.029296875 0.0517578125 0.029296875
0 0.8408203125 0.13671875 0.1044921875 0.0400390625
0 0.08984375 0.2470703125 0.0830078125 0.0380859375
0 0.669921875 0.3037109375 0.0634765625 0.09765625
0 1.0 0.7705078125 0.076171875 0.0361328125
0 1.0 0.619140625 0.0341796875 0.0654296875
0 0.7060546875 0.34375 0.0615234375 0.072265625
0 0.6708984375 0.751953125 0.1064453125 0.0693359375
0 0.9208984375 0.107421875 0.0625 0.05078125
0 0.994140625 0.5771484375 0.0283203125 0.087890625
0 0.8076171875 0.732421875 0.0322265625 0.056640625
0 0.3017578125 1.0 0.158203125 0.1015625
0 0.228515625 0.466796875 0.181640625 0.2041015625
