0 0.0390625 0.8681640625 0.0390625 0.0791015625
0 0.1611328125 0.9345703125 0.083984375 0.0693359375
0 0.2353515625 0.8505859375 0.158203125 0.0693359375
0 0.353515625 0.90625 0.0986328125 0.0751953125
0 0.23046875 0.931640625 0.0654296875 0.068359375
0 0.212890625 0.9990234375 0.08203125 0.0810546875
0 0.333984375 0.970703125 0.12890625 0.09375
0 0.169921875 0.5322265625 0.0634765625 0.080078125
0 0.2236328125 0.50390625 0.0634765625 0.0615234375
0 0.291015625 0.5947265625 0.0625 0.0625
0 0.3603515625 0.4912109375 0.0693359375 0.0908203125
0 0.2734375 0.1796875 0.0595703125 0.0732421875
0 0.32421875 0.14453125 0.0625 0.0576171875
0 0.583984375 1.0 0.0673828125 0.056640625
0 0.689453125 0.8408203125 0.1103515625 0.0908203125
0 0.7353515625 0.87890625 0.083984375 0.0888671875
0 0.8271484375 0.94140625 0.083984375 0.064453125
0 0.880859375 0.92578125 0.0810546875 0.087890625
0 0.8837890625 0.9873046875 0.0751953125 0.0673828125
0 0.9453125 1.0 0.107421875 0.0302734375
0 0.9677734375 0.876953125 0.087890625 0.08203125
0 0.5419921875 0.6337890625 0.0654296875 0.068359375
0 0.6923828125 0.5712890625 0.111328125 0.091796875
0 0.8017578125 0.55859375 0.0576171875 0.0615234375
0 0.892578125 0.5703125 0.09375 0.1064453125
0 0.8994140625 0.4970703125 0.109375 0.0927734375
0 1.0 0.5390625 0.076171875 0.09765625
0 0.6884765625 0.451171875 0.0703125 0.0751953125
0 0.6455078125 0.3759765625 0.05859375 0.0751953125
0 0.8857421875 0.3076171875 0.0625 0.068359375
0 1.0 0.330078125 0.0654296875 0.0625
0 0.7392578125 0.259765625 0.1123046875 0.099609375
0 0.9189453125 0.2431640625 0.0654296875 0.0693359375
0 0.9931640625 0.2470703125 0.05859375 0.048828125
0 0.9833984375 0.10546875 0.10546875 0.10546875
0 0.8701171875 0.1728515625 0.0654296875 0.0673828125
0 0.8212890625 0.123046875 0.05078125 0.0458984375
0 0.75390625 0.103515625 0.0751953125 0.0693359375
0 0.71484375 0.140625 0.08203125 0.05859375
0 0.5146484375 0.20703125 0.080078125 0.0771484375
0 1.0 0.8828125 0.02734375 0.1025390625
0 0.6259765625 0.5947265625 0.0615234375 0.0458984375
0 0.5029296875 0.0244140625 0.08203125 0.0244140625
