0 0.1728515625 0.751953125 0.0546875 0.080078125
0 0.3955078125 0.291015625 0.08203125 0.076171875
0 0.9853515625 0.5107421875 0.0693359375 0.0791015625
0 0.5380859375 0.5380859375 0.0830078125 0.0634765625
0 0.7314453125 0.0859375 0.12109375 0.0703125
0 0.376953125 0.80078125 0.0537109375 0.0986328125
0 0.998046875 0.5498046875 0.0947265625 0.0439453125
0 0.322265625 0.2958984375 0.05078125 0.0966796875
0 0.35546875 0.5126953125 0.037109375 0.0625
0 0.3896484375 0.8544921875 0.0576171875 0.0830078125
0 0.6357421875 0.330078125 0.0732421875 0.0595703125
0 0.14453125 0.5517578125 0.08203125 0.05859375
0 0.775390625 0.546875 0.0537109375 0.0830078125
0 0.6142578125 0.158203125 0.072265625 0.07421875
0 0.55859375 0.6025390625 0.072265625 0.04296875
0 0.501953125 0.279296875 0.0703125 0.0478515625
0 0.880859375 0.5564453125 0.046093750000000044 0.12871093749999996
0 0.1376953125 0.51171875 0.029296875 0.0712890625
0 0.73046875 0.3662109375 0.0830078125 0.0556640625
0 0.052734375 0.6142578125 0.052734375 0.0400390625
0 0.4462890625 0.1796875 0.046875 0.0625
0 0.5751953125 0.373046875 0.0703125 0.0478515625
0 0.8486328125 0.1474609375 0.0458984375 0.072265625
0 0.2705078125 0.1953125 0.0712890625 0.0478515625
0 0.0224609375 0.6552734375 0.0224609375 0.041015625
0 0.8759765625 0.7158203125 0.0283203125 0.1025390625
0 0.423828125 0.4072265625 0.076171875 0.0361328125
0 0.2119140625 0.568359375 0.05859375 0.05859375
0 0.1533203125 0.7958984375 0.080078125 0.029296875
0 0.9794921875 0.8369140625 0.04296875 0.05859375
0 0.7470703125 0.17578125 0.03515625 0.0791015625
0 0.8486328125 0.45703125 0.0517578125 0.1025390625
0 0.5869140625 1.0 0.0703125 0.0576171875
0 0.4658203125 0.2177734375 0.0302734375 0.060546875
0 0.775390625 0.2568359375 0.052734375 0.05859375
0 0.3486328125 0.986328125 0.138671875 0.064453125
0 0.1376953125 0.7763671875 0.060546875 0.0517578125
0 0.6484375 0.6005859375 0.068359375 0.0537109375
0 0.763671875 0.482421875 0.064453125 0.0400390625
0 0.458984375 0.6162109375 0.0478515625 0.05859375
0 0.2646484375 0.8662109375 0.046875 0.029296875
0 0.380859375 0.4619140625 0.0537109375 0.0302734375
0 0.0849609375 0.888671875 0.0712890625 0.0361328125
0 0.4052734375 0.8837890625 0.0634765625 0.041015625
0 0.7919921875 0.671875 0.056640625 0.03125
0 0.98046875 0.0302734375 0.033203125 0.029296875
0 0.677734375 0.0224609375 0.037109375 0.0224609375
0 0.9677734375 0.744140625 0.0673828125 0.0380859375
0 0.13671875 0.9931640625 0.083984375 0.0517578125
0 0.548828125 0.70703125 0.0654296875 0.033203125
0 0.87890625 0.12109375 0.091796875 0.05859375
0 0.724609375 0.283203125 0.140625 0.0927734375
0 0.6943359375 0.9072265625 0.037109375 0.06640625
0 1.0 0.9658203125 0.0341796875 0.0205078125
0 0.716796875 0.2373046875 0.06640625 0.0751953125
0 0.7705078125 0.69921875 0.0498046875 0.044921875
0 0.5810546875 0.0244140625 0.0400390625 0.0234375
0 0.2939453125 0.841796875 0.0400390625 0.05859375
0 0.140625 0.671875 0.0673828125 0.03125
0 0.0888671875 0.0419921875 0.0576171875 0.0419921875
0 0.251953125 0.4345703125 0.0498046875 0.0283203125
0 0.4638671875 0.5859375 0.103515625 0.0673828125
0 0.359375 0.7255859375 0.0791015625 0.041015625
0 0.5498046875 0.8427734375 0.046875 0.009765625
0 0.7744140625 0.580078125 0.041015625 0.0361328125
0 0.6748046875 0.673828125 0.0595703125 0.0556640625
0 0.548828125 0.9228515625 0.07421875 0.0400390625
0 0.484375 0.892578125 0.0634765625 0.0654296875
0 0.0947265625 0.958984375 0.0595703125 0.044921875
