0 0.041015625 0.7529296875 0.041015625 0.0712890625
0 0.0234375 0.890625 0.0234375 0.091796875
0 0.6005859375 0.9326171875 0.0859375 0.1123046875
0 0.4443359375 0.8642578125 0.0732421875 0.0751953125
0 0.390625 0.728515625 0.1240234375 0.0654296875
0 0.4384765625 0.6494140625 0.12109375 0.06640625
0 0.353515625 0.576171875 0.0849609375 0.072265625
0 0.6083984375 0.53125 0.123046875 0.0712890625
0 0.5205078125 0.6484375 0.0654296875 0.072265625
0 0.6494140625 0.689453125 0.095703125 0.0654296875
0 0.8759765625 0.701171875 0.11328125 0.0654296875
0 0.9013671875 0.83203125 0.125 0.078125
0 0.78125 0.759765625 0.0927734375 0.0712890625
0 0.6298828125 0.814453125 0.1328125 0.0849609375
0 0.7412109375 0.9111328125 0.099609375 0.0859375
0 1.0 0.6123046875 0.1171875 0.068359375
0 1.0 0.681640625 0.0595703125 0.076171875
0 0.744140625 0.4853515625 0.1015625 0.0732421875
0 0.7646484375 0.404296875 0.083984375 0.0703125
0 0.962890625 0.408203125 0.1064453125 0.0595703125
0 0.98046875 0.4599609375 0.107421875 0.0595703125
0 0.9892578125 0.5361328125 0.107421875 0.0537109375
0 0.875 0.517578125 0.095703125 0.068359375
0 0.9736328125 0.3427734375 0.0498046875 0.0576171875
0 0.6484375 0.1201171875 0.08203125 0.0634765625
0 0.724609375 0.091796875 0.0751953125 0.0546875
0 0.759765625 0.0419921875 0.1435546875 0.0419921875
0 0.9970703125 0.16796875 0.13671875 0.0849609375
0 0.916015625 0.21875 0.0703125 0.0517578125
0 1.0 0.236328125 0.0634765625 0.060546875
0 0.791015625 0.2294921875 0.068359375 0.05859375
0 0.7587890625 0.3232421875 0.095703125 0.078125
0 0.09765625 0.15234375 0.09765625 0.064453125
0 0.2548828125 0.0537109375 0.1015625 0.0537109375
0 0.0693359375 0.0771484375 0.0693359375 0.0517578125
0 0.09375 0.25390625 0.0830078125 0.0869140625
0 0.2724609375 0.9658203125 0.0693359375 0.0986328125
0 0.4111328125 0.9384765625 0.0751953125 0.0595703125
0 0.4619140625 1.0 0.056640625 0.0478515625
0 0.669921875 0.7587890625 0.046875 0.0595703125
0 0.875 0.255859375 0.0576171875 0.05859375
