0 0.83984375 0.6796875 0.1298828125 0.1455078125
0 0.9541015625 0.65234375 0.099609375 0.10546875
0 0.7138671875 0.109375 0.091796875 0.107421875
0 0.6982421875 0.55859375 0.0751953125 0.123046875
0 0.779296875 1.0 0.17578125 0.0732421875
0 0.8642578125 1.0 0.1123046875 0.0576171875
0 0.9248046875 0.7919921875 0.125 0.087890625
0 0.8251953125 0.171875 0.1259765625 0.0625
0 0.8291015625 0.8544921875 0.0791015625 0.1279296875
0 0.9072265625 0.849609375 0.1474609375 0.0703125
0 1.0 0.9658203125 0.1416015625 0.0654296875
0 1.0 0.55859375 0.07421875 0.0625
0 1.0 0.544921875 0.09375 0.125
0 0.607421875 0.51953125 0.0703125 0.0595703125
0 1.0 0.376953125 0.1328125 0.1123046875
0 0.876953125 0.1171875 0.1484375 0.1162109375
0 1.0 0.0947265625 0.0576171875 0.0927734375
0 1.0 0.7177734375 0.0791015625 0.1025390625
