0 0.64453125 0.2197265625 0.10546875 0.1181640625
0 0.46484375 0.822265625 0.1005859375 0.0673828125
0 0.501953125 0.4697265625 0.0849609375 0.115234375
0 0.4091796875 0.349609375 0.0947265625 0.142578125
0 0.6220703125 0.8916015625 0.1552734375 0.091796875
0 0.5009765625 0.671875 0.0869140625 0.1064453125
0 0.884765625 0.40234375 0.095703125 0.08984375
0 0.509765625 0.169921875 0.115234375 0.16015625
0 0.3046875 0.82421875 0.08984375 0.064453125
0 0.44921875 0.44921875 0.1025390625 0.091796875
0 0.07421875 0.1943359375 0.07421875 0.16015625
0 0.6171875 0.369140625 0.1328125 0.1494140625
0 0.984375 0.509765625 0.12890625 0.107421875
0 0.2490234375 0.4296875 0.107421875 0.134765625
0 0.337890625 0.1689453125 0.0712890625 0.078125
0 0.41015625 0.71875 0.078125 0.09375
0 0.466796875 0.3447265625 0.0673828125 0.087890625
0 0.3466796875 0.4296875 0.0517578125 0.0673828125
0 0.5166015625 0.8818359375 0.1025390625 0.0771484375
0 0.599609375 0.099609375 0.087890625 0.09765625
0 0.96484375 0.119140625 0.1005859375 0.068359375
0 0.1494140625 0.099609375 0.0908203125 0.099609375
0 1.0 0.9052734375 0.0634765625 0.1083984375
0 1.0 0.744140625 0.037109375 0.0771484375
