0 0.095703125 0.15625 0.0771484375 0.15625
0 0.2646484375 0.126953125 0.140625 0.1123046875
0 0.447265625 0.0634765625 0.158203125 0.0634765625
0 0.6630859375 0.08203125 0.1611328125 0.0732421875
0 0.8837890625 0.1513671875 0.09765625 0.130859375
0 0.9931640625 0.0673828125 0.068359375 0.0673828125
0 0.6015625 0.333984375 0.166015625 0.0712890625
0 0.2919921875 0.255859375 0.0615234375 0.0546875
0 0.1494140625 0.380859375 0.0693359375 0.0703125
0 0.068359375 0.462890625 0.068359375 0.1650390625
0 0.697265625 0.2568359375 0.205078125 0.12109375
0 0.84375 0.25390625 0.138671875 0.068359375
0 0.8037109375 0.4423828125 0.0810546875 0.1044921875
0 0.580078125 0.5146484375 0.09375 0.109375
0 0.3857421875 0.6650390625 0.12890625 0.171875
0 0.3427734375 0.8134765625 0.0869140625 0.154296875
0 0.1201171875 0.8876953125 0.0634765625 0.091796875
0 0.068359375 0.859375 0.064453125 0.0966796875
0 0.212890625 0.982421875 0.0673828125 0.1015625
0 0.2724609375 0.962890625 0.0693359375 0.173828125
0 0.5 0.9951171875 0.0771484375 0.064453125
0 0.5673828125 0.9970703125 0.0869140625 0.076171875
0 0.654296875 1.0 0.0859375 0.123046875
0 0.47265625 0.853515625 0.126953125 0.0947265625
0 0.705078125 0.828125 0.1494140625 0.1015625
0 0.8671875 0.845703125 0.181640625 0.0771484375
0 0.7705078125 0.599609375 0.078125 0.0595703125
0 0.8994140625 0.4072265625 0.0859375 0.0830078125
0 0.974609375 0.9931640625 0.0908203125 0.07421875
0 0.03515625 1.0 0.03515625 0.107421875
0 0.2421875 0.4775390625 0.0947265625 0.1279296875
0 0.2919921875 0.41015625 0.0927734375 0.0810546875
0 0.0517578125 0.244140625 0.0517578125 0.0556640625
0 0.4140625 1.0 0.0849609375 0.1083984375
