0 0.4306640625 0.1142578125 0.078125 0.080078125
0 0.603515625 0.1845703125 0.072265625 0.0673828125
0 0.564453125 0.5234375 0.09765625 0.07421875
0 0.29296875 0.453125 0.130859375 0.0927734375
0 0.8447265625 0.16796875 0.076171875 0.08203125
0 0.6826171875 0.986328125 0.0986328125 0.0908203125
0 0.10546875 0.576171875 0.10546875 0.0771484375
0 0.169921875 0.287109375 0.0703125 0.0517578125
0 0.7197265625 0.1865234375 0.0322265625 0.083984375
0 0.8583984375 0.8212890625 0.0830078125 0.048828125
0 0.56640625 0.2099609375 0.0712890625 0.0478515625
0 0.9921875 0.9482421875 0.072265625 0.0634765625
0 0.4609375 0.6083984375 0.0791015625 0.044921875
0 0.66796875 0.369140625 0.064453125 0.0625
0 0.59375 0.986328125 0.0693359375 0.0751953125
0 0.4345703125 0.453125 0.076171875 0.0546875
0 0.53125 0.2685546875 0.05859375 0.0361328125
0 0.2076171875 0.6630859375 0.1158203125 0.03369140625
0 0.1533203125 0.88671875 0.1044921875 0.056640625
0 0.142578125 1.0 0.05078125 0.044921875
0 0.8994140625 0.9052734375 0.0615234375 0.080078125
0 0.2978515625 1.0 0.095703125 0.0400390625
0 0.392578125 0.798828125 0.142578125 0.0556640625
0 0.9345703125 0.162109375 0.0654296875 0.0302734375
0 0.8857421875 0.2705078125 0.0556640625 0.056640625
0 0.931640625 0.220703125 0.0654296875 0.0693359375
0 0.84375 0.7373046875 0.0546875 0.0634765625
0 0.0126953125 0.611328125 0.0126953125 0.0263671875
0 0.3115234375 0.5966796875 0.1123046875 0.0654296875
0 0.439453125 0.51171875 0.048828125 0.0322265625
0 0.595703125 0.4423828125 0.0244140625 0.0869140625
0 0.61328125 0.5927734375 0.0771484375 0.0576171875
0 0.58203125 0.4404296875 0.0283203125 0.0859375
0 0.8818359375 0.412109375 0.0888671875 0.04296875
0 0.083984375 1.0 0.083984375 0.0185546875
0 0.4501953125 0.859375 0.0703125 0.0419921875
0 0.7783203125 0.2822265625 0.06640625 0.033203125
0 0.4560546875 0.6484375 0.0791015625 0.0419921875
0 0.02734375 0.3994140625 0.02734375 0.041015625
0 0.19921875 0.435546875 0.0634765625 0.044921875
0 0.7529296875 0.0927734375 0.0537109375 0.0322265625
0 0.7607421875 0.5673828125 0.05859375 0.048828125
0 0.966796875 0.4345703125 0.0732421875 0.0302734375
0 0.9716796875 0.23828125 0.0458984375 0.0439453125
0 0.58916015625 0.68095703125 0.09765624999999994 0.04140624999999998
0 0.232421875 0.2490234375 0.07421875 0.0439453125
0 0.4765625 0.3046875 0.048828125 0.0234375
0 0.6875 0.728515625 0.08984375 0.07421875
0 1.0 0.5234375 0.056640625 0.0576171875
0 0.1552734375 0.8330078125 0.0625 0.03125
0 0.935546875 0.0595703125 0.037109375 0.05078125
0 0.244140625 0.3203125 0.0458984375 0.033203125
0 0.5419921875 0.03515625 0.060546875 0.03515625
0 0.69140625 0.03125 0.048828125 0.03125
0 0.7861328125 0.3359375 0.0283203125 0.052734375
0 0.7265625 0.6728515625 0.0537109375 0.048828125
0 0.759765625 0.876953125 0.0537109375 0.0341796875
0 0.1865234375 0.28125 0.0595703125 0.0537109375
0 0.1435546875 0.400390625 0.0654296875 0.0341796875
0 0.2578125 0.7666015625 0.0556640625 0.064453125
0 0.662109375 0.57421875 0.060546875 0.04296875
0 0.5390625 0.40234375 0.0498046875 0.03515625
0 0.37109375 0.2900390625 0.0439453125 0.046875
0 0.8232421875 0.998046875 0.033203125 0.0185546875
0 0.5390625 0.6806640625 0.078125 0.0380859375
0 0.47265625 0.4189453125 0.0908203125 0.0439453125
