0 0.8662109375 0.578125 0.0732421875 0.083984375
0 0.3662109375 0.951171875 0.10546875 0.0625
0 0.7412109375 0.890625 0.111328125 0.08203125
0 0.806640625 0.5927734375 0.0888671875 0.087890625
0 0.9765625 0.4912109375 0.044921875 0.0712890625
0 0.912109375 0.9765625 0.0830078125 0.0546875
0 0.0751953125 0.0927734375 0.0751953125 0.0849609375
0 0.97265625 0.8046875 0.099609375 0.0634765625
0 0.4287109375 0.25390625 0.10546875 0.099609375
0 0.1044921875 0.2890625 0.083984375 0.0712890625
0 0.564453125 0.2421875 0.125 0.095703125
0 0.73046875 0.9072265625 0.1005859375 0.0478515625
0 0.9462890625 0.080078125 0.0546875 0.080078125
0 0.2939453125 0.869140625 0.0869140625 0.056640625
0 0.11328125 0.55078125 0.11328125 0.0595703125
0 0.939453125 0.2470703125 0.0986328125 0.138671875
0 0.2783203125 0.6181640625 0.076171875 0.0634765625
0 0.162109375 0.927734375 0.0947265625 0.0439453125
0 0.3212890625 0.55078125 0.10546875 0.083984375
0 0.380859375 0.0537109375 0.0615234375 0.0517578125
0 0.638671875 0.861328125 0.0830078125 0.0712890625
0 0.7080078125 0.3203125 0.1494140625 0.0888671875
0 0.1484375 0.58203125 0.0458984375 0.04296875
0 0.560546875 0.775390625 0.0673828125 0.0478515625
0 0.08203125 0.634765625 0.0810546875 0.107421875
0 0.84375 0.66015625 0.1640625 0.044921875
0 0.2138671875 0.3330078125 0.0849609375 0.056640625
0 0.123046875 0.9990234375 0.103515625 0.0361328125
0 0.76171875 0.365234375 0.1181640625 0.05078125
0 0.5498046875 1.0 0.08203125 0.0224609375
0 0.28515625 0.939453125 0.103515625 0.0654296875
0 0.599609375 0.927734375 0.0966796875 0.0615234375
0 0.875 0.208984375 0.0732421875 0.0732421875
0 0.640625 0.2421875 0.0869140625 0.041015625
0 0.1962890625 0.685546875 0.125 0.0458984375
0 0.5458984375 0.1142578125 0.056640625 0.04296875
0 0.2197265625 0.314453125 0.09375 0.0576171875
0 0.6884765625 0.9775390625 0.0673828125 0.0615234375
0 0.1826171875 0.0546875 0.09375 0.0546875
0 0.671875 0.0302734375 0.0498046875 0.0302734375
0 0.22265625 0.6083984375 0.083984375 0.0654296875
0 1.0 0.375 0.044921875 0.044921875
0 0.3486328125 0.77734375 0.20703125 0.0419921875
0 0.6591796875 0.982421875 0.1025390625 0.0400390625
0 1.0 0.0888671875 0.021484375 0.029296875
0 0.361328125 0.701171875 0.064453125 0.041015625
0 0.0615234375 0.9130859375 0.0615234375 0.041015625
0 0.8427734375 0.298828125 0.0673828125 0.08203125
0 1.0 0.6689453125 0.111328125 0.0322265625
0 1.0 0.578125 0.0537109375 0.060546875
0 0.9951171875 0.6416015625 0.0693359375 0.0302734375
0 0.068359375 0.978515625 0.068359375 0.03515625
0 0.2099609375 1.0 0.0615234375 0.0185546875
0 0.4375 0.97265625 0.09375 0.0869140625
0 0.5576171875 0.9248046875 0.0458984375 0.03125
0 0.65625 1.0 0.076171875 0.0263671875
0 0.919921875 1.0 0.0654296875 0.015625
0 0.2275390625 0.931640625 0.03125 0.029296875
0 0.380859375 0.80078125 0.064453125 0.0517578125
0 0.03515625 0.6650390625 0.03515625 0.0400390625
0 0.1025390625 0.5703125 0.1025390625 0.0537109375
0 0.8388671875 0.658203125 0.0673828125 0.0625
0 0.03125 0.2548828125 0.03125 0.044921875
