0 0.5595703125 0.357421875 0.099609375 0.080078125
0 0.5185546875 0.720703125 0.107421875 0.08984375
0 0.0498046875 0.4599609375 0.0498046875 0.1083984375
0 0.537109375 0.1923828125 0.115234375 0.0849609375
0 0.5224609375 0.921875 0.1103515625 0.099609375
0 0.681640625 0.7841796875 0.126953125 0.099609375
0 0.544921875 0.5966796875 0.0947265625 0.095703125
0 0.501953125 0.27734375 0.0771484375 0.0732421875
0 0.7587890625 0.0966796875 0.1640625 0.0810546875
0 0.15234375 0.9169921875 0.107421875 0.080078125
0 0.7373046875 0.349609375 0.1650390625 0.09765625
0 0.447265625 0.15234375 0.08984375 0.0830078125
0 0.6640625 0.2724609375 0.08203125 0.0732421875
0 0.3310546875 1.0 0.16015625 0.048828125
0 1.0 0.2509765625 0.083984375 0.115234375
0 0.244140625 0.283203125 0.154296875 0.1328125
0 1.0 0.9619140625 0.046875 0.0771484375
0 0.4609375 0.5126953125 0.08984375 0.0888671875
0 0.30078125 0.298828125 0.060546875 0.0859375
