0 0.580078125 0.8984375 0.08984375 0.123046875
0 0.822265625 0.4716796875 0.107421875 0.099609375
0 0.501953125 0.13671875 0.080078125 0.08984375
0 1.0 0.279296875 0.0703125 0.115234375
0 0.8720703125 0.2822265625 0.0751953125 0.115234375
0 0.6923828125 0.4873046875 0.087890625 0.1181640625
0 0.724609375 0.5849609375 0.080078125 0.115234375
0 0.55078125 0.4365234375 0.08984375 0.1513671875
0 1.0 0.5546875 0.1630859375 0.1279296875
0 0.564453125 0.5068359375 0.0849609375 0.0849609375
0 0.63671875 0.15234375 0.0849609375 0.11328125
0 0.724609375 0.744140625 0.0849609375 0.0849609375
0 0.8291015625 0.8271484375 0.109375 0.107421875
0 0.9794921875 0.7548828125 0.1044921875 0.1005859375
0 0.6845703125 0.7021484375 0.0751953125 0.080078125
0 0.5087890625 0.8955078125 0.0615234375 0.1005859375
0 0.77734375 0.2470703125 0.0576171875 0.10546875
0 0.8740234375 0.0732421875 0.0625 0.068359375
0 0.91015625 0.1279296875 0.0517578125 0.0654296875
0 0.6279296875 0.3447265625 0.0556640625 0.041015625
