0 0.8525390625 0.3837890625 0.0712890625 0.1005859375
0 0.705078125 0.7275390625 0.056640625 0.0810546875
0 0.9111328125 0.0927734375 0.0517578125 0.0869140625
0 0.6337890625 0.2822265625 0.07421875 0.1044921875
0 0.48046875 0.8525390625 0.1259765625 0.1123046875
0 0.095703125 0.1005859375 0.095703125 0.0927734375
0 0.490234375 0.8486328125 0.0556640625 0.0908203125
0 0.7763671875 0.6396484375 0.06640625 0.125
0 0.921875 0.3798828125 0.041015625 0.0673828125
0 0.810546875 0.1318359375 0.048828125 0.09375
0 0.9970703125 0.923828125 0.0732421875 0.0712890625
0 0.9501953125 0.1025390625 0.0478515625 0.083984375
0 0.9912109375 0.728515625 0.05859375 0.0556640625
0 0.771484375 0.71875 0.0712890625 0.0615234375
0 0.421875 0.732421875 0.05078125 0.0712890625
0 0.6796875 1.0 0.1630859375 0.0859375
0 0.7529296875 0.3818359375 0.0322265625 0.1005859375
0 0.705078125 0.46484375 0.080078125 0.0498046875
0 0.7265625 0.5390625 0.0576171875 0.0634765625
0 0.1552734375 0.6279296875 0.029296875 0.083984375
0 0.3994140625 0.7724609375 0.07421875 0.0478515625
0 0.61328125 0.310546875 0.0576171875 0.0791015625
0 0.4521484375 0.51171875 0.10546875 0.07421875
0 0.3291015625 1.0 0.0390625 0.0419921875
0 0.8232421875 0.1884765625 0.095703125 0.05078125
0 0.443359375 0.423828125 0.0625 0.0625
0 0.5625 0.263671875 0.0673828125 0.0771484375
0 0.9697265625 0.486328125 0.0712890625 0.0751953125
0 0.2529296875 0.37109375 0.0693359375 0.029296875
0 0.1982421875 0.7685546875 0.1025390625 0.06640625
0 0.3017578125 0.4404296875 0.06640625 0.064453125
0 0.6689453125 0.712890625 0.072265625 0.072265625
0 0.3486328125 0.4208984375 0.0322265625 0.06640625
0 0.2099609375 0.734375 0.1376953125 0.072265625
0 0.7578125 0.97265625 0.0546875 0.162109375
0 0.767578125 0.0390625 0.037109375 0.0390625
0 0.779296875 0.26171875 0.0654296875 0.115234375
0 0.251953125 0.845703125 0.119140625 0.0888671875
0 0.0673828125 0.6552734375 0.0673828125 0.05078125
0 0.0673828125 0.509765625 0.0673828125 0.0341796875
0 0.310546875 0.830078125 0.091796875 0.04296875
0 0.220703125 0.8125 0.087890625 0.056640625
0 0.7529296875 0.0458984375 0.0537109375 0.044921875
0 0.6005859375 0.1025390625 0.0859375 0.03515625
0 0.2119140625 0.119140625 0.0576171875 0.0517578125
0 0.115234375 0.771484375 0.048828125 0.0400390625
0 0.2529296875 0.427734375 0.0498046875 0.0439453125
0 0.650390625 0.84375 0.0517578125 0.072265625
0 0.7470703125 0.98046875 0.0419921875 0.0712890625
0 0.763671875 0.044921875 0.0478515625 0.044921875
0 0.8359375 0.2373046875 0.03515625 0.064453125
0 0.4765625 0.02734375 0.0302734375 0.02734375
0 1.0 0.7548828125 0.037109375 0.0341796875
0 1.0 0.81640625 0.05078125 0.0556640625
0 1.0 0.869140625 0.0302734375 0.044921875
0 1.0 0.5 0.01953125 0.046875
0 0.1748046875 0.3427734375 0.0419921875 0.05078125
