0 0.2958984375 0.7021484375 0.0908203125 0.091796875
0 0.068359375 0.6181640625 0.068359375 0.0830078125
0 0.765625 0.3681640625 0.1005859375 0.0791015625
0 0.1220703125 0.7724609375 0.1220703125 0.0888671875
0 1.0 0.6513671875 0.12109375 0.0869140625
0 0.6044921875 0.396484375 0.087890625 0.107421875
0 0.73828125 0.73828125 0.087890625 0.083984375
0 0.83984375 0.6826171875 0.0869140625 0.083984375
0 0.201171875 0.48828125 0.0830078125 0.107421875
0 0.1396484375 0.0771484375 0.107421875 0.0771484375
0 0.822265625 0.95703125 0.080078125 0.10546875
0 0.666015625 0.041015625 0.099609375 0.041015625
0 0.77734375 0.896484375 0.123046875 0.0947265625
0 0.6220703125 0.611328125 0.0830078125 0.0791015625
0 0.9052734375 0.2822265625 0.0830078125 0.0849609375
0 1.0 0.8203125 0.0595703125 0.0908203125
0 1.0 0.17578125 0.0830078125 0.0908203125
0 0.138671875 0.615234375 0.0966796875 0.0732421875
0 0.7578125 0.42578125 0.1103515625 0.0693359375
0 0.662109375 0.4873046875 0.0888671875 0.0615234375
0 0.587890625 0.4365234375 0.1591796875 0.07421875
0 0.53125 0.36328125 0.078125 0.0673828125
0 0.5654296875 0.587890625 0.0859375 0.072265625
