0 0.04296875 0.9453125 0.04296875 0.0625
0 0.1337890625 0.8935546875 0.0859375 0.068359375
0 0.1962890625 0.9404296875 0.0791015625 0.0654296875
0 0.244140625 0.7724609375 0.0947265625 0.119140625
0 0.3798828125 0.6328125 0.068359375 0.0712890625
0 0.65625 0.9697265625 0.0732421875 0.072265625
0 0.6865234375 0.9326171875 0.0751953125 0.078125
0 0.8232421875 0.9267578125 0.072265625 0.0537109375
0 0.849609375 0.7177734375 0.0732421875 0.0771484375
0 0.9560546875 0.650390625 0.078125 0.08203125
0 0.966796875 0.7080078125 0.0810546875 0.06640625
0 0.626953125 0.669921875 0.0849609375 0.072265625
0 0.6123046875 0.3544921875 0.1064453125 0.07421875
0 0.609375 0.4228515625 0.107421875 0.064453125
0 0.7802734375 0.517578125 0.10546875 0.072265625
0 1.0 0.529296875 0.0888671875 0.0986328125
0 0.82421875 0.4013671875 0.0556640625 0.0771484375
0 0.7880859375 0.2509765625 0.109375 0.10546875
0 0.974609375 0.3427734375 0.1142578125 0.0546875
0 0.458984375 0.5224609375 0.0615234375 0.095703125
0 0.5205078125 0.5244140625 0.072265625 0.0791015625
0 0.6630859375 0.5791015625 0.09375 0.0859375
0 0.3544921875 0.517578125 0.0693359375 0.0615234375
0 0.3681640625 0.4638671875 0.0791015625 0.0625
0 0.43359375 0.43359375 0.0703125 0.0654296875
0 0.310546875 0.298828125 0.076171875 0.0693359375
0 0.2109375 0.2744140625 0.0703125 0.0556640625
0 0.142578125 0.341796875 0.07421875 0.0830078125
0 0.1611328125 0.5458984375 0.0654296875 0.068359375
0 0.060546875 0.474609375 0.060546875 0.05859375
0 0.23828125 1.0 0.0693359375 0.0458984375
0 0.0947265625 0.185546875 0.0947265625 0.087890625
0 0.1845703125 0.16796875 0.0693359375 0.0703125
0 0.244140625 0.087890625 0.099609375 0.087890625
0 0.4326171875 0.1650390625 0.08984375 0.1025390625
0 0.134765625 0.0693359375 0.068359375 0.0693359375
0 0.6015625 0.046875 0.0751953125 0.046875
0 0.7666015625 0.12109375 0.1201171875 0.0771484375
0 0.84375 0.1591796875 0.095703125 0.068359375
0 0.806640625 0.0361328125 0.0693359375 0.0361328125
0 0.48828125 0.1083984375 0.0302734375 0.037109375
0 0.8125 0.3232421875 0.0673828125 0.0732421875
0 0.904296875 0.396484375 0.0419921875 0.0498046875
0 0.6728515625 0.45703125 0.06640625 0.05859375
0 0.8251953125 0.4345703125 0.1044921875 0.0390625
0 0.744140625 0.4638671875 0.0654296875 0.048828125
0 0.8251953125 0.501953125 0.06640625 0.060546875
0 0.8681640625 0.634765625 0.080078125 0.064453125
0 0.638671875 0.8525390625 0.05078125 0.0458984375
0 0.5390625 1.0 0.0712890625 0.052734375
0 0.9599609375 0.9677734375 0.068359375 0.0390625
0 0.1494140625 0.4111328125 0.0693359375 0.068359375
0 0.3369140625 0.7763671875 0.0634765625 0.0576171875
0 0.16796875 0.775390625 0.04296875 0.033203125
