0 1.0 0.2939453125 0.068359375 0.0732421875
0 0.4052734375 0.45703125 0.064453125 0.09765625
0 0.9541015625 0.1220703125 0.0869140625 0.0625
0 0.3486328125 0.2822265625 0.1318359375 0.068359375
0 0.9658203125 0.1845703125 0.103515625 0.048828125
0 0.6923828125 0.3251953125 0.0849609375 0.0498046875
0 0.5986328125 0.4208984375 0.1123046875 0.0615234375
0 0.4453125 0.1591796875 0.0634765625 0.0859375
0 0.822265625 0.955078125 0.1201171875 0.041015625
0 0.3251953125 0.810546875 0.1015625 0.052734375
0 0.63671875 0.4072265625 0.0849609375 0.0634765625
0 0.25087890625 0.976953125 0.14052734374999998 0.19472656249999998
0 0.595703125 0.8818359375 0.064453125 0.052734375
0 0.30078125 0.8837890625 0.1416015625 0.052734375
0 0.61328125 0.07421875 0.0791015625 0.04296875
0 0.4091796875 0.2353515625 0.119140625 0.0478515625
0 0.8251953125 0.19921875 0.1025390625 0.068359375
0 0.2203125 0.13447265625 0.050390624999999994 0.08076171874999999
0 0.45703125 0.7021484375 0.0986328125 0.0478515625
0 0.79296875 0.9111328125 0.083984375 0.0380859375
0 0.4521484375 0.8232421875 0.08984375 0.0400390625
0 0.2119140625 0.3232421875 0.11328125 0.0498046875
0 0.59375 0.701171875 0.1279296875 0.0771484375
0 0.787109375 0.845703125 0.08203125 0.0390625
0 0.75 0.341796875 0.0673828125 0.0419921875
0 0.923828125 0.142578125 0.08203125 0.0390625
0 0.1240234375 0.55859375 0.1201171875 0.0400390625
0 0.642578125 0.2275390625 0.10546875 0.044921875
0 0.529296875 0.3583984375 0.1025390625 0.0361328125
0 0.162109375 0.275390625 0.1474609375 0.0771484375
0 1.0 0.1796875 0.04296875 0.033203125
0 0.8798828125 0.6572265625 0.0947265625 0.0400390625
0 0.5 0.3037109375 0.1015625 0.03125
0 0.5908203125 0.6328125 0.12109375 0.0615234375
0 0.712890625 0.5107421875 0.10546875 0.111328125
0 0.3017578125 0.640625 0.0986328125 0.048828125
0 0.1689453125 0.7705078125 0.14453125 0.0458984375
0 0.7529296875 0.87109375 0.095703125 0.0302734375
0 0.74609375 0.9912109375 0.0556640625 0.0517578125
0 0.1689453125 0.6865234375 0.1396484375 0.03515625
0 0.41015625 0.6484375 0.103515625 0.03125
0 0.517578125 0.9794921875 0.0888671875 0.0322265625
0 0.794921875 1.0 0.12109375 0.0263671875
0 0.7216796875 0.8115234375 0.125 0.123046875
0 1.0 0.599609375 0.05859375 0.0478515625
0 0.1240234375 0.96875 0.1123046875 0.0322265625
0 0.8251953125 0.6181640625 0.080078125 0.03125
0 1.0 0.0517578125 0.08203125 0.0166015625
0 0.095703125 0.78515625 0.072265625 0.0576171875
0 0.1787109375 0.1484375 0.15625 0.0419921875
0 0.375 0.6005859375 0.1220703125 0.0224609375
0 0.2373046875 0.060546875 0.0673828125 0.0234375
0 0.44921875 0.900390625 0.076171875 0.0361328125
0 0.763671875 0.2724609375 0.068359375 0.0419921875
0 0.146484375 0.94140625 0.13671875 0.044921875
0 0.6416015625 0.9130859375 0.0859375 0.02734375
0 0.826171875 0.232421875 0.158203125 0.0810546875
0 0.6826171875 0.951171875 0.064453125 0.0380859375
0 0.7255859375 0.6982421875 0.07421875 0.0390625
0 0.0390625 0.169921875 0.0380859375 0.0234375
0 0.8603515625 0.8798828125 0.09765625 0.03125
0 0.9501953125 0.8662109375 0.1591796875 0.0361328125
0 0.623046875 0.947265625 0.1005859375 0.0498046875
0 0.5673828125 0.9453125 0.2255859375 0.044921875
0 0.236328125 0.908203125 0.11328125 0.033203125
0 0.134765625 0.9130859375 0.134765625 0.0478515625
0 0.1796875 0.546875 0.0439453125 0.046875
