0 0.0380859375 0.3818359375 0.0380859375 0.087890625
0 0.1591796875 0.4228515625 0.0712890625 0.1005859375
0 0.359375 0.12890625 0.1005859375 0.0810546875
0 0.5107421875 0.2470703125 0.0859375 0.08203125
0 0.6572265625 0.2919921875 0.0888671875 0.103515625
0 0.7685546875 0.10546875 0.076171875 0.0869140625
0 0.44921875 0.060546875 0.0615234375 0.060546875
0 0.3818359375 0.318359375 0.08984375 0.08203125
0 0.4130859375 0.486328125 0.1064453125 0.0947265625
0 0.185546875 0.255859375 0.087890625 0.060546875
0 0.58203125 0.46875 0.0556640625 0.103515625
0 0.72265625 0.482421875 0.0888671875 0.0908203125
0 0.7802734375 0.5537109375 0.0810546875 0.0771484375
0 0.5302734375 0.6591796875 0.0771484375 0.0849609375
0 0.203125 0.69921875 0.0859375 0.138671875
0 0.076171875 0.5654296875 0.076171875 0.1005859375
0 0.078125 0.9248046875 0.0634765625 0.1044921875
0 0.130859375 0.865234375 0.0830078125 0.1025390625
0 0.345703125 0.98046875 0.0732421875 0.11328125
0 0.203125 1.0 0.1396484375 0.1025390625
0 0.6669921875 1.0 0.111328125 0.04296875
0 0.431640625 0.966796875 0.078125 0.0859375
0 0.349609375 0.830078125 0.130859375 0.134765625
0 0.5283203125 0.8134765625 0.140625 0.1083984375
0 0.8876953125 0.826171875 0.1806640625 0.0810546875
0 0.8359375 1.0 0.0751953125 0.068359375
0 0.955078125 0.93359375 0.107421875 0.107421875
0 0.962890625 0.365234375 0.083984375 0.0654296875
0 0.583984375 0.7607421875 0.083984375 0.0859375
0 0.064453125 1.0 0.046875 0.0166015625
0 0.873046875 0.0546875 0.056640625 0.0546875
0 0.818359375 0.25 0.06640625 0.080078125
0 0.669921875 0.1669921875 0.0888671875 0.0556640625
0 0.8046875 0.7529296875 0.0830078125 0.0751953125
