0 0.6298828125 0.1279296875 0.0703125 0.0927734375
0 0.322265625 0.5986328125 0.080078125 0.0546875
0 0.1474609375 0.537109375 0.0546875 0.0791015625
0 0.7861328125 0.263671875 0.048828125 0.0869140625
0 0.2021484375 0.181640625 0.1123046875 0.0927734375
0 0.5849609375 0.2685546875 0.0576171875 0.08203125
0 0.4384765625 0.2099609375 0.0576171875 0.1064453125
0 0.8837890625 0.6171875 0.056640625 0.1044921875
0 0.2138671875 0.5595703125 0.05859375 0.0654296875
0 0.3876953125 0.4794921875 0.0439453125 0.091796875
0 0.2314453125 0.279296875 0.0390625 0.0810546875
0 0.32421875 0.8564453125 0.04296875 0.09375
0 0.1767578125 0.3564453125 0.04296875 0.080078125
0 0.69140625 0.3515625 0.0380859375 0.0625
0 0.099609375 0.94921875 0.072265625 0.1044921875
0 0.7666015625 0.5419921875 0.0546875 0.076171875
0 0.9873046875 0.6328125 0.0654296875 0.0703125
0 0.623046875 0.9794921875 0.029296875 0.0703125
0 0.0556640625 0.2568359375 0.0556640625 0.0390625
0 0.4150390625 0.3369140625 0.056640625 0.0615234375
0 0.658203125 0.568359375 0.064453125 0.083984375
0 0.75 0.818359375 0.0341796875 0.1201171875
0 0.224609375 0.31640625 0.076171875 0.095703125
0 0.4677734375 0.6943359375 0.0390625 0.072265625
0 0.333984375 0.9697265625 0.0595703125 0.052734375
0 0.4150390625 0.453125 0.0537109375 0.064453125
0 0.78515625 0.1806640625 0.056640625 0.0673828125
0 0.90625 0.197265625 0.087890625 0.052734375
0 0.7236328125 0.6044921875 0.0693359375 0.0517578125
0 0.068359375 0.2265625 0.0556640625 0.0732421875
0 0.7314453125 0.9755859375 0.0283203125 0.0556640625
0 0.5390625 0.9443359375 0.0625 0.0546875
0 0.3994140625 0.177734375 0.0517578125 0.0712890625
0 0.6591796875 0.0703125 0.03125 0.0654296875
0 0.376953125 0.267578125 0.037109375 0.0654296875
0 1.0 0.3408203125 0.0361328125 0.111328125
0 0.1103515625 0.796875 0.060546875 0.044921875
0 0.5595703125 0.83984375 0.04296875 0.05078125
0 0.529296875 0.890625 0.064453125 0.0400390625
0 0.8525390625 0.482421875 0.02734375 0.05859375
0 0.7451171875 0.8798828125 0.0546875 0.04296875
0 0.31845703125 0.69140625 0.052734375 0.0634765625
0 0.1875 0.990234375 0.044921875 0.0751953125
0 0.1181640625 0.0927734375 0.041015625 0.0703125
0 0.4072265625 0.9697265625 0.052734375 0.0244140625
0 0.537109375 0.0556640625 0.02734375 0.046875
0 0.8369140625 0.9951171875 0.0439453125 0.0703125
0 0.333984375 0.2099609375 0.0517578125 0.0517578125
0 0.9853515625 0.19140625 0.056640625 0.0615234375
0 0.0419921875 0.30859375 0.0419921875 0.0625
0 0.0771484375 0.9619140625 0.0654296875 0.0185546875
0 0.8974609375 0.900390625 0.08984375 0.052734375
0 0.513671875 0.8916015625 0.0283203125 0.05859375
0 0.1015625 0.701171875 0.1015625 0.064453125
0 0.9423828125 0.5927734375 0.0478515625 0.048828125
0 0.978515625 0.5859375 0.03125 0.048828125
0 0.09375 0.8740234375 0.0380859375 0.0751953125
0 0.8486328125 0.8759765625 0.044921875 0.0390625
0 0.6259765625 0.8232421875 0.060546875 0.0322265625
0 0.7509765625 0.7158203125 0.0810546875 0.03515625
0 0.998046875 0.8388671875 0.029296875 0.06640625
0 0.927734375 1.0 0.0556640625 0.0322265625
