0 0.4423828125 0.53125 0.064453125 0.0810546875
0 0.46875 0.326171875 0.0615234375 0.095703125
0 0.107421875 0.3447265625 0.107421875 0.06640625
0 0.375 0.9873046875 0.080078125 0.083984375
0 0.2412109375 0.2939453125 0.0732421875 0.0732421875
0 1.0 0.462890625 0.0576171875 0.076171875
0 1.0 0.3759765625 0.0634765625 0.08984375
0 0.537109375 0.896484375 0.1337890625 0.0966796875
0 0.3154296875 0.109375 0.115234375 0.0517578125
0 0.4033203125 0.0771484375 0.078125 0.0771484375
0 0.564453125 0.65625 0.1005859375 0.1103515625
0 0.6103515625 0.9521484375 0.109375 0.0751953125
0 0.96484375 0.8056640625 0.15625 0.11328125
0 0.064453125 0.416015625 0.064453125 0.083984375
0 0.2265625 1.0 0.123046875 0.0419921875
0 0.9951171875 0.6328125 0.1669921875 0.107421875
0 0.2939453125 0.5771484375 0.1005859375 0.09375
0 0.5263671875 0.1162109375 0.0908203125 0.09375
0 0.78515625 0.6279296875 0.1796875 0.0830078125
0 0.71484375 0.9794921875 0.1181640625 0.095703125
0 0.69140625 0.89453125 0.1240234375 0.0537109375
0 0.662109375 0.86328125 0.1220703125 0.0947265625
0 0.791015625 0.91015625 0.0927734375 0.0849609375
0 0.85546875 0.876953125 0.1201171875 0.0673828125
0 0.7744140625 0.7763671875 0.15625 0.080078125
0 0.6181640625 0.724609375 0.083984375 0.064453125
0 0.56640625 0.7578125 0.12109375 0.0654296875
0 0.546875 0.7998046875 0.1025390625 0.0693359375
0 1.0 0.1162109375 0.0673828125 0.1162109375
