0 0.0888671875 0.4462890625 0.0888671875 0.0537109375
0 0.77734375 0.6591796875 0.0927734375 0.0703125
0 0.646484375 0.048828125 0.078125 0.048828125
0 0.75 0.337890625 0.0986328125 0.0439453125
0 0.490234375 0.166015625 0.08984375 0.044921875
0 0.55859375 0.8515625 0.0458984375 0.0654296875
0 0.3505859375 0.666015625 0.1044921875 0.0556640625
0 0.6337890625 0.8212890625 0.03515625 0.0927734375
0 0.9423828125 0.5224609375 0.0615234375 0.0576171875
0 0.2392578125 0.7578125 0.0859375 0.0400390625
0 0.484375 0.5986328125 0.087890625 0.05078125
0 0.556640625 0.578125 0.0625 0.0439453125
0 0.2646484375 0.251953125 0.080078125 0.060546875
0 0.3408203125 0.2578125 0.0888671875 0.048828125
0 0.1220703125 0.0498046875 0.083984375 0.0498046875
0 0.9755859375 0.5810546875 0.037109375 0.0947265625
0 0.1857421875 0.6431640625 0.11025390624999999 0.06728515624999998
0 0.0361328125 0.830078125 0.0361328125 0.099609375
0 0.4248046875 0.03125 0.09765625 0.03125
0 0.5625 1.0 0.0986328125 0.0302734375
0 0.1337890625 0.1318359375 0.0439453125 0.0498046875
0 0.0966796875 0.14453125 0.0849609375 0.0439453125
0 0.1640625 0.9833984375 0.1201171875 0.041015625
0 0.4716796875 0.3876953125 0.0791015625 0.0244140625
0 0.6435546875 0.1298828125 0.0947265625 0.0458984375
0 0.7919921875 0.9580078125 0.07421875 0.029296875
0 0.2197265625 0.1044921875 0.134765625 0.0693359375
0 0.7626953125 0.9130859375 0.08203125 0.041015625
0 0.7431640625 0.09375 0.0556640625 0.044921875
0 0.2451171875 0.9140625 0.060546875 0.0458984375
0 0.5908203125 0.3251953125 0.0927734375 0.037109375
0 0.595703125 0.3740234375 0.0546875 0.04296875
0 0.7177734375 0.2705078125 0.0400390625 0.04296875
0 0.501953125 0.728515625 0.05859375 0.0400390625
0 0.669921875 0.8955078125 0.1015625 0.0380859375
0 0.5234375 0.6630859375 0.0703125 0.056640625
0 0.3203125 0.9755859375 0.087890625 0.033203125
0 0.12109375 0.8154296875 0.0693359375 0.0263671875
0 0.7421875 0.369140625 0.0400390625 0.0390625
0 0.45703125 0.9853515625 0.0888671875 0.044921875
0 1.0 0.4619140625 0.0322265625 0.0849609375
0 0.4970703125 0.869140625 0.05078125 0.041015625
0 0.2880859375 0.66796875 0.1064453125 0.052734375
0 0.2451171875 0.0224609375 0.1259765625 0.0224609375
0 1.0 0.6376953125 0.044921875 0.0146484375
0 0.205078125 0.927734375 0.0966796875 0.0419921875
0 0.12890625 0.9208984375 0.0302734375 0.0556640625
0 0.208984375 0.6025390625 0.0859375 0.052734375
0 0.4462890625 0.953125 0.134765625 0.1494140625
0 0.169921875 0.86328125 0.0615234375 0.0380859375
0 0.48046875 0.47265625 0.056640625 0.0517578125
0 0.814453125 0.69140625 0.0400390625 0.025390625
0 0.998046875 0.3115234375 0.029296875 0.0595703125
0 0.953125 0.3408203125 0.0478515625 0.041015625
0 0.34375 0.84375 0.068359375 0.17578125
0 0.58984375 0.8076171875 0.05078125 0.029296875
0 0.888671875 0.9580078125 0.0634765625 0.037109375
0 0.2373046875 0.05859375 0.0458984375 0.0400390625
0 0.5712890625 0.97265625 0.052734375 0.0478515625
0 0.279296875 0.6044921875 0.083984375 0.0283203125
0 0.1650390625 0.6083984375 0.1220703125 0.0546875
0 0.9423828125 0.423828125 0.0439453125 0.0380859375
0 0.9423828125 0.3076171875 0.08203125 0.0244140625
