0 0.595703125 0.96484375 0.0869140625 0.0576171875
0 0.4130859375 0.6787109375 0.091796875 0.0712890625
0 0.1572265625 0.4677734375 0.11328125 0.0830078125
0 0.986328125 0.7138671875 0.0830078125 0.05078125
0 0.6923828125 0.0859375 0.0751953125 0.0712890625
0 0.6904296875 0.1845703125 0.09765625 0.060546875
0 0.240234375 0.3369140625 0.087890625 0.0556640625
0 0.2802734375 0.95703125 0.1328125 0.09375
0 0.9267578125 0.98046875 0.1025390625 0.060546875
0 0.51171875 0.80078125 0.1201171875 0.0498046875
0 0.4306640625 0.1396484375 0.1259765625 0.05078125
0 0.2099609375 0.994140625 0.1328125 0.083984375
0 0.43359375 0.5888671875 0.1083984375 0.1533203125
0 0.716796875 0.271484375 0.1171875 0.0654296875
0 0.646484375 0.625 0.130859375 0.0546875
0 0.1845703125 0.923828125 0.1513671875 0.0751953125
0 0.1572265625 0.767578125 0.119140625 0.0439453125
0 0.61328125 0.8525390625 0.119140625 0.091796875
0 0.322265625 0.17578125 0.0390625 0.08203125
0 0.90625 0.220703125 0.091796875 0.0439453125
0 0.361328125 0.8701171875 0.1337890625 0.048828125
0 0.8037109375 0.099609375 0.064453125 0.0576171875
0 0.541015625 0.12890625 0.138671875 0.046875
0 0.2607421875 0.0693359375 0.15625 0.0673828125
0 0.48828125 0.2158203125 0.1630859375 0.0869140625
0 0.603515625 0.46875 0.0888671875 0.0302734375
0 0.109375 0.80078125 0.109375 0.0654296875
0 0.5810546875 0.373046875 0.1005859375 0.0537109375
0 0.5869140625 0.408203125 0.1376953125 0.04296875
0 1.0 0.123046875 0.0205078125 0.041015625
0 0.494140625 0.654296875 0.0556640625 0.033203125
0 1.0 0.2451171875 0.02734375 0.0390625
0 0.9150390625 0.814453125 0.09375 0.02734375
0 0.236328125 0.4443359375 0.0888671875 0.033203125
0 0.2900390625 0.2451171875 0.12890625 0.0458984375
0 0.671875 0.9775390625 0.107421875 0.0595703125
0 0.818359375 0.998046875 0.076171875 0.0283203125
0 0.869140625 0.556640625 0.0830078125 0.0439453125
0 0.13671875 0.0537109375 0.0693359375 0.044921875
0 0.23046875 0.09375 0.134765625 0.0419921875
0 0.2060546875 0.537109375 0.0908203125 0.048828125
0 0.9951171875 0.8486328125 0.109375 0.03515625
0 1.0 0.0419921875 0.0341796875 0.0419921875
0 0.9306640625 0.4677734375 0.0537109375 0.033203125
0 0.9033203125 0.431640625 0.0703125 0.0400390625
0 0.740234375 0.955078125 0.0927734375 0.0390625
0 0.2294921875 0.1171875 0.1669921875 0.0390625
0 0.91796875 0.5224609375 0.1162109375 0.05859375
0 1.0 0.4091796875 0.1416015625 0.0458984375
0 0.9501953125 0.9677734375 0.0673828125 0.048828125
0 0.353515625 0.2978515625 0.0947265625 0.0419921875
0 0.2470703125 0.18359375 0.1162109375 0.0419921875
0 1.0 0.6552734375 0.02734375 0.041015625
0 0.69921875 0.5498046875 0.1220703125 0.033203125
0 0.6796875 0.5048828125 0.068359375 0.0322265625
0 0.953125 0.052734375 0.0537109375 0.0517578125
0 0.94921875 0.45703125 0.0576171875 0.0498046875
0 0.4501953125 0.2421875 0.0654296875 0.0361328125
0 1.0 0.9970703125 0.033203125 0.056640625
0 0.283203125 0.8486328125 0.134765625 0.048828125
0 0.4560546875 0.939453125 0.1142578125 0.0478515625
0 1.0 0.42578125 0.0341796875 0.044921875
0 0.876953125 0.8896484375 0.1015625 0.0458984375
0 1.0 0.51171875 0.0390625 0.025390625
0 0.6064453125 0.4384765625 0.0732421875 0.0166015625
0 0.802734375 0.8125 0.1044921875 0.04296875
0 0.982421875 0.47265625 0.0283203125 0.05859375
0 0.5107421875 0.5673828125 0.0888671875 0.044921875
0 0.943359375 0.28515625 0.1005859375 0.05078125
0 0.4248046875 0.923828125 0.0791015625 0.037109375
0 0.0341796875 0.2353515625 0.0341796875 0.029296875
0 0.8486328125 0.23046875 0.0654296875 0.0244140625
0 0.806640625 0.78515625 0.126953125 0.04296875
0 0.7998046875 0.8662109375 0.0908203125 0.041015625
0 0.2041015625 0.412109375 0.083984375 0.0400390625
0 0.3447265625 0.4375 0.076171875 0.03515625
0 0.150390625 0.52734375 0.1142578125 0.0537109375
0 0.1533203125 0.7412109375 0.115234375 0.0380859375
0 0.5634765625 0.84375 0.09375 0.0341796875
0 0.6806640625 0.5673828125 0.123046875 0.029296875
0 0.509765625 0.994140625 0.1103515625 0.033203125
0 0.4970703125 1.0 0.0732421875 0.017578125
0 0.677734375 0.8916015625 0.1328125 0.052734375
0 0.666015625 0.9072265625 0.1044921875 0.0302734375
0 0.61328125 0.9326171875 0.0927734375 0.044921875
0 0.5458984375 0.1318359375 0.1083984375 0.03515625
