0 0.494140625 0.2568359375 0.119140625 0.1376953125
0 0.3447265625 0.33203125 0.115234375 0.1328125
0 0.3369140625 0.1044921875 0.1103515625 0.0927734375
0 0.376953125 0.697265625 0.0458984375 0.0869140625
0 0.44140625 0.5771484375 0.0751953125 0.068359375
0 0.96484375 0.3291015625 0.123046875 0.107421875
0 0.681640625 0.2041015625 0.1220703125 0.091796875
0 0.9970703125 0.75390625 0.083984375 0.048828125
0 0.2373046875 0.287109375 0.09765625 0.0732421875
0 0.9208984375 0.556640625 0.052734375 0.0654296875
0 0.2470703125 0.89453125 0.0947265625 0.099609375
0 0.251953125 0.3525390625 0.0625 0.0498046875
0 1.0 0.6416015625 0.0478515625 0.15234375
0 0.1611328125 0.69140625 0.072265625 0.0517578125
0 0.8544921875 0.728515625 0.0634765625 0.0771484375
0 0.3212890625 0.5361328125 0.087890625 0.06640625
0 0.2724609375 1.0 0.115234375 0.060546875
0 0.8818359375 0.1396484375 0.0751953125 0.08984375
0 0.939453125 0.6923828125 0.080078125 0.0703125
0 0.9970703125 0.16796875 0.0478515625 0.0869140625
0 0.037109375 0.556640625 0.037109375 0.0556640625
