0 0.962890625 0.02734375 0.1376953125 0.02734375
0 0.8291015625 0.89453125 0.07421875 0.087890625
0 0.6875 0.3515625 0.0859375 0.072265625
0 0.875 0.75 0.0927734375 0.1181640625
0 0.9892578125 0.21484375 0.0849609375 0.123046875
0 0.931640625 0.3369140625 0.1171875 0.08203125
0 0.8544921875 0.2919921875 0.107421875 0.087890625
0 0.875 1.0 0.0908203125 0.115234375
0 0.9873046875 0.8447265625 0.0927734375 0.09765625
0 0.8349609375 0.421875 0.1201171875 0.0576171875
0 0.6943359375 0.732421875 0.0869140625 0.0927734375
0 0.8994140625 0.1015625 0.0849609375 0.064453125
0 0.732421875 0.7744140625 0.0830078125 0.080078125
0 0.919921875 0.2021484375 0.1201171875 0.0673828125
0 0.9921875 0.1171875 0.115234375 0.04296875
0 0.9892578125 0.1572265625 0.1142578125 0.0625
0 0.759765625 0.82421875 0.044921875 0.0498046875
0 0.9345703125 0.869140625 0.0771484375 0.072265625
