0 0.2939453125 0.314453125 0.09375 0.0908203125
0 0.48828125 0.345703125 0.0810546875 0.1171875
0 0.0693359375 1.0 0.048828125 0.0458984375
0 0.3701171875 0.58984375 0.083984375 0.1162109375
0 0.64453125 0.45703125 0.09375 0.0869140625
0 0.044921875 0.935546875 0.044921875 0.099609375
0 0.140625 0.5908203125 0.0859375 0.1123046875
0 0.7119140625 0.3330078125 0.0859375 0.080078125
0 0.4453125 0.111328125 0.0830078125 0.0732421875
0 0.806640625 0.705078125 0.126953125 0.083984375
0 0.462890625 0.47265625 0.0888671875 0.068359375
0 0.8662109375 0.810546875 0.1357421875 0.11328125
0 0.1875 0.19921875 0.12109375 0.0751953125
0 0.59375 0.1103515625 0.1005859375 0.0849609375
0 0.2939453125 0.494140625 0.083984375 0.0849609375
0 0.548828125 1.0 0.064453125 0.060546875
0 0.740234375 0.2958984375 0.0673828125 0.0791015625
0 0.4208984375 0.341796875 0.072265625 0.0625
0 0.3720703125 0.240234375 0.0927734375 0.083984375
0 0.2373046875 0.2392578125 0.0986328125 0.0615234375
