0 0.162109375 0.0185546875 0.0751953125 0.0185546875
0 0.16015625 0.16015625 0.123046875 0.091796875
0 0.0888671875 0.0732421875 0.0732421875 0.0546875
0 0.8388671875 0.0712890625 0.1142578125 0.0712890625
0 0.73046875 0.0703125 0.0693359375 0.0703125
0 0.7197265625 0.1171875 0.044921875 0.04296875
0 0.779296875 0.193359375 0.0625 0.05859375
0 0.83203125 0.2099609375 0.0703125 0.0634765625
0 0.9638671875 0.2275390625 0.0693359375 0.0693359375
0 0.5556640625 0.2216796875 0.0732421875 0.0966796875
0 0.380859375 0.2841796875 0.095703125 0.056640625
0 0.2763671875 0.3046875 0.126953125 0.08203125
0 0.1279296875 0.2421875 0.1142578125 0.0908203125
0 0.1982421875 0.3212890625 0.142578125 0.0654296875
0 0.1728515625 0.44140625 0.1103515625 0.1201171875
0 0.0712890625 0.384765625 0.0712890625 0.0869140625
0 0.505859375 0.3388671875 0.0810546875 0.072265625
0 0.6875 0.3173828125 0.1337890625 0.078125
0 0.7998046875 0.279296875 0.078125 0.0595703125
0 0.8466796875 0.3349609375 0.052734375 0.0380859375
0 0.931640625 0.3603515625 0.0732421875 0.0634765625
0 0.875 0.421875 0.087890625 0.0810546875
0 0.779296875 0.4169921875 0.0498046875 0.0673828125
0 0.7158203125 0.5439453125 0.0693359375 0.150390625
0 0.533203125 0.5615234375 0.0849609375 0.05859375
0 0.4228515625 0.482421875 0.087890625 0.072265625
0 0.4052734375 0.4345703125 0.1416015625 0.076171875
0 1.0 0.2978515625 0.0810546875 0.0546875
0 1.0 0.43359375 0.0537109375 0.08984375
0 0.8271484375 0.5888671875 0.087890625 0.0830078125
0 0.8935546875 0.6669921875 0.072265625 0.1015625
0 1.0 0.6005859375 0.048828125 0.0634765625
0 1.0 0.732421875 0.0458984375 0.0908203125
0 0.7734375 0.763671875 0.1318359375 0.0615234375
0 0.7021484375 0.681640625 0.0673828125 0.07421875
0 0.6025390625 0.64453125 0.0888671875 0.076171875
0 0.408203125 0.591796875 0.111328125 0.064453125
0 0.314453125 0.4755859375 0.119140625 0.056640625
0 0.1748046875 0.4921875 0.0537109375 0.0517578125
0 0.1259765625 0.6630859375 0.1162109375 0.1357421875
0 0.236328125 0.5498046875 0.08203125 0.046875
0 0.263671875 0.615234375 0.0888671875 0.064453125
0 0.138671875 0.73828125 0.0712890625 0.0966796875
0 0.21875 0.8837890625 0.080078125 0.0830078125
0 0.2587890625 0.7666015625 0.072265625 0.0732421875
0 0.0673828125 0.8603515625 0.0673828125 0.0546875
0 0.2421875 0.9462890625 0.0732421875 0.0498046875
0 0.2587890625 0.99609375 0.056640625 0.0498046875
0 0.5400390625 0.7978515625 0.16796875 0.078125
0 0.5244140625 0.759765625 0.095703125 0.0703125
0 0.4892578125 0.873046875 0.1142578125 0.0986328125
0 0.521484375 0.9072265625 0.1337890625 0.11328125
0 0.5654296875 0.9306640625 0.119140625 0.0595703125
0 0.6845703125 0.87890625 0.0732421875 0.078125
0 0.7978515625 0.8642578125 0.0625 0.0947265625
0 0.8544921875 0.9482421875 0.0537109375 0.158203125
0 0.880859375 0.9716796875 0.05078125 0.177734375
0 0.736328125 1.0 0.0498046875 0.0546875
0 0.8046875 1.0 0.056640625 0.0654296875
0 0.62890625 1.0 0.0546875 0.0546875
0 0.53515625 0.505859375 0.0634765625 0.068359375
