0 0.4619140625 0.869140625 0.09765625 0.07421875
0 0.8623046875 0.8017578125 0.1357421875 0.0947265625
0 0.7041015625 0.4248046875 0.0849609375 0.0927734375
0 0.1044921875 0.5 0.0673828125 0.10546875
0 0.9873046875 0.4345703125 0.1279296875 0.0947265625
0 0.7265625 0.8349609375 0.1318359375 0.0830078125
0 0.6767578125 0.3642578125 0.09765625 0.1171875
0 0.3642578125 0.7822265625 0.0869140625 0.0849609375
0 0.544921875 0.626953125 0.0576171875 0.0576171875
0 0.482421875 0.75 0.068359375 0.078125
0 0.203125 1.0 0.087890625 0.0556640625
0 0.662109375 0.7724609375 0.115234375 0.1005859375
0 0.134765625 0.3271484375 0.134765625 0.0703125
0 0.33984375 0.8193359375 0.0849609375 0.0400390625
0 0.689453125 0.6220703125 0.0947265625 0.0576171875
0 0.2470703125 0.21484375 0.0751953125 0.078125
0 0.8671875 0.26953125 0.1328125 0.08984375
0 0.5498046875 0.7822265625 0.080078125 0.0654296875
0 0.9873046875 0.7392578125 0.1982421875 0.08203125
0 0.169921875 0.779296875 0.1376953125 0.0673828125
0 0.6572265625 1.0 0.09765625 0.0556640625
0 0.1640625 0.9248046875 0.0947265625 0.095703125
0 0.875 0.9072265625 0.1533203125 0.0673828125
0 0.3623046875 0.107421875 0.1201171875 0.10546875
0 0.0869140625 0.2646484375 0.064453125 0.09765625
0 0.58203125 0.349609375 0.1123046875 0.080078125
0 0.9619140625 0.63671875 0.197265625 0.107421875
0 0.6142578125 0.1416015625 0.080078125 0.08203125
0 0.564453125 0.1044921875 0.08984375 0.0595703125
0 0.39453125 0.431640625 0.150390625 0.0673828125
0 0.4140625 0.8291015625 0.08203125 0.072265625
0 0.7392578125 0.7392578125 0.0869140625 0.0849609375
0 0.5419921875 0.9521484375 0.080078125 0.0751953125
0 0.7841796875 0.4921875 0.091796875 0.0478515625
0 0.8642578125 0.5166015625 0.1044921875 0.1396484375
0 0.849609375 0.05078125 0.0703125 0.048828125
0 0.7568359375 0.224609375 0.1201171875 0.1123046875
0 0.20703125 0.849609375 0.0595703125 0.0625
0 0.3994140625 1.0 0.0869140625 0.0400390625
0 0.609375 0.9716796875 0.1123046875 0.1044921875
0 0.814453125 0.94921875 0.1572265625 0.07421875
0 0.9599609375 0.7919921875 0.1376953125 0.0419921875
0 0.841796875 0.1142578125 0.1298828125 0.0947265625
0 0.447265625 0.2568359375 0.095703125 0.072265625
0 0.125 0.064453125 0.0654296875 0.0625
0 0.482421875 0.037109375 0.0849609375 0.03515625
0 0.244140625 0.6923828125 0.0693359375 0.0673828125
0 0.625 0.9970703125 0.0859375 0.0927734375
0 0.671875 0.15234375 0.080078125 0.0927734375
0 0.869140625 0.634765625 0.1298828125 0.078125
0 0.9130859375 0.0654296875 0.0986328125 0.0654296875
0 0.40234375 0.3916015625 0.115234375 0.0595703125
0 0.5595703125 0.474609375 0.0751953125 0.1171875
0 0.3095703125 0.0517578125 0.087890625 0.0498046875
0 0.1572265625 0.732421875 0.0654296875 0.0400390625
0 0.4892578125 0.3994140625 0.064453125 0.099609375
0 0.244140625 0.931640625 0.044921875 0.08203125
0 0.4248046875 0.51953125 0.1005859375 0.0576171875
0 0.189453125 0.0341796875 0.0673828125 0.0322265625
0 0.841796875 0.2197265625 0.107421875 0.0556640625
0 0.875 0.1923828125 0.1455078125 0.0654296875
0 0.6015625 0.3447265625 0.08203125 0.0625
0 1.0 0.8447265625 0.1533203125 0.0556640625
0 0.662109375 0.7822265625 0.10546875 0.044921875
0 0.6845703125 0.7392578125 0.0625 0.0400390625
0 0.197265625 0.921875 0.0478515625 0.072265625
0 0.0693359375 0.451171875 0.048828125 0.0791015625
0 0.33984375 0.9921875 0.080078125 0.0400390625
0 0.65234375 0.96484375 0.0849609375 0.060546875
0 0.822265625 0.94921875 0.09765625 0.0546875
