0 0.390625 0.669921875 0.0966796875 0.052734375
0 0.6171875 0.80859375 0.1005859375 0.0595703125
0 0.48046875 0.80859375 0.103515625 0.0576171875
0 0.1552734375 0.2734375 0.1240234375 0.0634765625
0 0.2314453125 0.173828125 0.0390625 0.099609375
0 0.07421875 0.9404296875 0.0732421875 0.048828125
0 0.6630859375 0.9423828125 0.109375 0.0576171875
0 0.107421875 0.14453125 0.0986328125 0.0673828125
0 0.96484375 0.4609375 0.087890625 0.0576171875
0 0.220703125 0.265625 0.0732421875 0.048828125
0 0.453125 0.275390625 0.0791015625 0.0439453125
0 0.1826171875 0.1650390625 0.1123046875 0.0908203125
0 0.33203125 0.603515625 0.1416015625 0.037109375
0 0.083984375 0.578125 0.0712890625 0.0478515625
0 0.4892578125 0.5087890625 0.0576171875 0.0615234375
0 0.78515625 0.62890625 0.0869140625 0.033203125
0 0.087890625 0.52734375 0.05859375 0.0654296875
0 0.650390625 0.5478515625 0.0751953125 0.0390625
0 0.5205078125 0.5703125 0.056640625 0.046875
0 0.1630859375 0.53515625 0.0859375 0.0546875
0 0.03125 1.0 0.029296875 0.056640625
0 0.4892578125 0.654296875 0.0576171875 0.029296875
0 0.3994140625 0.197265625 0.0546875 0.0458984375
0 0.9501953125 0.5126953125 0.0810546875 0.0849609375
0 0.35546875 0.8427734375 0.16015625 0.0537109375
0 0.4013671875 0.552734375 0.0673828125 0.072265625
0 1.0 0.728515625 0.0712890625 0.0517578125
0 0.9404296875 0.5419921875 0.0673828125 0.0400390625
0 0.6513671875 0.537109375 0.0732421875 0.033203125
0 0.162109375 0.125 0.0908203125 0.0751953125
0 0.7939453125 0.7529296875 0.0634765625 0.04296875
0 0.1390625 0.66708984375 0.11386718750000001 0.05429687500000002
0 0.3017578125 0.544921875 0.140625 0.056640625
0 0.1650390625 0.8359375 0.068359375 0.029296875
0 0.0458984375 0.5224609375 0.0458984375 0.060546875
0 0.41796875 0.9140625 0.0546875 0.0654296875
0 0.7978515625 0.8330078125 0.078125 0.02734375
0 0.966796875 0.6455078125 0.0625 0.046875
0 0.806640625 0.439453125 0.0615234375 0.029296875
0 0.1884765625 0.7607421875 0.0517578125 0.0517578125
0 0.73828125 0.65234375 0.0771484375 0.0419921875
0 0.1240234375 0.212890625 0.1044921875 0.0283203125
0 0.845703125 0.533203125 0.064453125 0.0498046875
0 0.2822265625 0.9619140625 0.0517578125 0.03125
0 0.3076171875 0.5869140625 0.08984375 0.0634765625
0 0.3876953125 0.326171875 0.08984375 0.0400390625
0 0.4208984375 0.23046875 0.068359375 0.0390625
0 0.5419921875 0.208984375 0.0625 0.041015625
0 0.6171875 0.6796875 0.1083984375 0.052734375
0 0.0478515625 0.1484375 0.0478515625 0.0498046875
0 0.8544921875 0.927734375 0.060546875 0.029296875
0 0.908203125 0.75 0.0888671875 0.044921875
0 0.033203125 0.6083984375 0.033203125 0.0458984375
0 0.3212890625 0.4443359375 0.08203125 0.046875
0 0.802734375 0.7861328125 0.1025390625 0.0380859375
0 0.583984375 0.8447265625 0.078125 0.03515625
0 0.1572265625 0.1552734375 0.1328125 0.080078125
0 0.6630859375 0.5146484375 0.0419921875 0.0400390625
0 0.052734375 0.533203125 0.0517578125 0.0244140625
0 0.9189453125 0.9072265625 0.1044921875 0.0478515625
0 0.73046875 0.91015625 0.1259765625 0.0556640625
0 0.4970703125 0.9375 0.046875 0.0546875
0 0.07421875 0.8291015625 0.07421875 0.0478515625
0 0.263671875 0.6279296875 0.0869140625 0.0322265625
0 0.6884765625 0.9580078125 0.1005859375 0.04296875
0 0.99609375 0.900390625 0.0625 0.0400390625
