0 0.439453125 0.322265625 0.1103515625 0.1005859375
0 0.7666015625 0.39453125 0.099609375 0.09765625
0 0.6796875 0.759765625 0.0927734375 0.1103515625
0 0.7470703125 0.5791015625 0.052734375 0.0517578125
0 0.126953125 0.26171875 0.0673828125 0.08984375
0 0.6943359375 0.6015625 0.0673828125 0.07421875
0 0.7744140625 0.1923828125 0.0771484375 0.0830078125
0 0.4892578125 0.1640625 0.0595703125 0.0546875
0 0.9443359375 0.9775390625 0.06640625 0.0673828125
0 0.5009765625 0.400390625 0.0517578125 0.0712890625
0 0.974609375 0.3427734375 0.0625 0.0732421875
0 0.341796875 0.529296875 0.0751953125 0.0673828125
0 0.9345703125 0.0771484375 0.0478515625 0.060546875
0 0.876953125 0.0517578125 0.064453125 0.0498046875
0 0.7275390625 0.994140625 0.0849609375 0.126953125
0 0.08203125 0.0966796875 0.0771484375 0.0947265625
0 0.0869140625 0.501953125 0.0849609375 0.052734375
0 0.064453125 0.6298828125 0.0625 0.0751953125
0 0.4697265625 0.546875 0.0654296875 0.0625
0 0.529296875 0.6416015625 0.099609375 0.056640625
0 0.1748046875 0.44921875 0.060546875 0.0576171875
0 0.1875 0.9794921875 0.1005859375 0.080078125
0 0.404296875 0.58203125 0.08984375 0.0576171875
0 0.7568359375 0.1015625 0.072265625 0.0625
0 0.9921875 0.4482421875 0.05078125 0.109375
0 0.8828125 0.48046875 0.03515625 0.041015625
0 0.361328125 0.7900390625 0.060546875 0.0498046875
0 0.3046875 0.2861328125 0.0498046875 0.060546875
0 0.2373046875 0.3994140625 0.0439453125 0.04296875
