0 0.64453125 0.6845703125 0.087890625 0.1220703125
0 1.0 0.3154296875 0.0703125 0.0546875
0 0.412109375 0.3349609375 0.08984375 0.09765625
0 0.4169921875 0.634765625 0.107421875 0.10546875
0 0.9072265625 0.9892578125 0.08984375 0.1201171875
0 0.482421875 0.654296875 0.078125 0.126953125
0 0.7763671875 0.2822265625 0.1201171875 0.0927734375
0 0.484375 0.1748046875 0.115234375 0.0927734375
0 0.64453125 0.3818359375 0.10546875 0.1171875
0 0.130859375 0.1123046875 0.10546875 0.08984375
0 1.0 0.6171875 0.05078125 0.1298828125
0 0.7568359375 0.95703125 0.1298828125 0.10546875
0 0.3994140625 0.982421875 0.0771484375 0.10546875
0 0.353515625 0.2216796875 0.099609375 0.0478515625
0 0.6015625 0.1142578125 0.08984375 0.1142578125
0 0.591796875 0.982421875 0.1044921875 0.1201171875
0 0.5498046875 0.5146484375 0.09765625 0.150390625
0 0.5537109375 0.6884765625 0.0654296875 0.12109375
0 0.0947265625 0.6875 0.080078125 0.0927734375
0 0.13671875 1.0 0.134765625 0.1201171875
0 0.056640625 0.5625 0.056640625 0.072265625
0 0.07421875 0.7646484375 0.072265625 0.080078125
