0 0.7919921875 0.08203125 0.0849609375 0.0654296875
0 0.7138671875 0.84375 0.111328125 0.05078125
0 0.1279296875 0.2265625 0.1162109375 0.0615234375
0 0.341796875 0.48046875 0.0849609375 0.0595703125
0 0.591796875 0.26171875 0.111328125 0.0625
0 0.837890625 0.232421875 0.06640625 0.060546875
0 0.544921875 0.9619140625 0.1015625 0.0654296875
0 0.41796875 0.34375 0.1220703125 0.0517578125
0 0.4052734375 0.29296875 0.107421875 0.064453125
0 0.1591796875 0.97265625 0.1064453125 0.041015625
0 1.0 0.90625 0.052734375 0.044921875
0 0.1103515625 0.35546875 0.109375 0.0537109375
0 1.0 0.5380859375 0.08203125 0.05859375
0 0.548828125 0.515625 0.0830078125 0.05859375
0 0.7421875 0.2783203125 0.1064453125 0.0537109375
0 0.58203125 0.2978515625 0.0908203125 0.0673828125
0 0.478515625 0.5244140625 0.0634765625 0.0595703125
0 0.8515625 0.5859375 0.05859375 0.06640625
0 0.6591796875 0.0556640625 0.0517578125 0.0537109375
0 0.4375 0.23828125 0.111328125 0.06640625
0 1.0 0.08203125 0.0546875 0.04296875
0 0.1484375 0.7421875 0.0947265625 0.044921875
0 0.078125 0.1630859375 0.078125 0.0546875
0 0.9814453125 0.587890625 0.103515625 0.05078125
0 0.708984375 0.3642578125 0.0654296875 0.0517578125
0 0.6279296875 0.876953125 0.080078125 0.0400390625
0 0.40234375 0.9638671875 0.1015625 0.0419921875
0 0.2197265625 0.8466796875 0.14453125 0.078125
0 0.8056640625 0.291015625 0.1005859375 0.0771484375
0 0.1728515625 0.8671875 0.068359375 0.0556640625
0 0.9462890625 0.1005859375 0.083984375 0.0439453125
0 0.9140625 0.3525390625 0.05859375 0.041015625
0 0.67578125 0.6474609375 0.08984375 0.0546875
0 0.068359375 0.044921875 0.0673828125 0.041015625
0 0.46484375 0.890625 0.11328125 0.0498046875
0 0.5205078125 0.734375 0.107421875 0.0322265625
0 0.58203125 0.0439453125 0.1376953125 0.0380859375
0 0.69921875 0.443359375 0.1083984375 0.048828125
0 0.2177734375 0.498046875 0.080078125 0.0732421875
0 0.775390625 0.484375 0.0693359375 0.0302734375
0 0.310546875 0.2392578125 0.142578125 0.0625
0 0.14453125 0.62890625 0.1396484375 0.041015625
0 0.4951171875 1.0 0.11328125 0.0361328125
0 1.0 0.6630859375 0.0390625 0.0263671875
0 0.734375 0.958984375 0.0791015625 0.03515625
0 0.615234375 0.9150390625 0.1279296875 0.0498046875
0 0.4697265625 0.6357421875 0.115234375 0.0302734375
0 0.4140625 0.9169921875 0.0908203125 0.0341796875
0 0.7451171875 0.5439453125 0.0751953125 0.0615234375
0 1.0 0.404296875 0.05078125 0.0302734375
0 0.365234375 0.8486328125 0.1328125 0.0478515625
0 0.041015625 0.455078125 0.0400390625 0.03125
0 0.2060546875 0.484375 0.1416015625 0.12890625
0 0.1083984375 0.5810546875 0.1083984375 0.06640625
0 0.2548828125 0.646484375 0.080078125 0.0439453125
0 0.8955078125 0.703125 0.099609375 0.060546875
0 0.0478515625 0.2685546875 0.0478515625 0.0732421875
0 0.34375 0.982421875 0.11328125 0.021484375
0 0.595703125 0.9560546875 0.052734375 0.025390625
0 0.48828125 0.6259765625 0.1298828125 0.0625
0 0.7353515625 0.9453125 0.099609375 0.0361328125
0 0.1767578125 0.578125 0.0849609375 0.0361328125
