0 0.140625 0.681640625 0.1083984375 0.126953125
0 0.2373046875 0.337890625 0.138671875 0.1318359375
0 0.2060546875 0.1669921875 0.1533203125 0.080078125
0 0.4697265625 0.8779296875 0.1552734375 0.134765625
0 0.2021484375 0.02734375 0.1650390625 0.02734375
0 0.16796875 0.443359375 0.125 0.091796875
0 0.58203125 0.4375 0.1220703125 0.1123046875
0 0.775390625 0.2578125 0.11328125 0.1259765625
0 0.6298828125 0.76171875 0.150390625 0.1142578125
0 0.05078125 0.576171875 0.05078125 0.09375
0 0.8515625 0.693359375 0.091796875 0.1015625
0 0.07421875 0.7216796875 0.07421875 0.08984375
0 0.21484375 0.826171875 0.1064453125 0.0888671875
0 0.07421875 0.716796875 0.07421875 0.08203125
0 0.4345703125 1.0 0.1103515625 0.130859375
0 0.0830078125 0.8046875 0.08203125 0.0908203125
0 0.228515625 0.65625 0.0888671875 0.072265625
0 0.7880859375 0.1005859375 0.12890625 0.1005859375
0 0.9384765625 0.5458984375 0.158203125 0.0703125
0 0.9873046875 0.4501953125 0.2158203125 0.11328125
0 1.0 0.6005859375 0.130859375 0.0830078125
0 0.4755859375 0.05859375 0.1240234375 0.05859375
0 0.7587890625 0.86328125 0.296875 0.103515625
0 0.7236328125 0.0546875 0.0791015625 0.0546875
0 0.658203125 1.0 0.09765625 0.126953125
0 1.0 0.744140625 0.134765625 0.0673828125
0 0.94921875 0.3212890625 0.2568359375 0.134765625
0 0.32421875 0.099609375 0.169921875 0.072265625
0 0.419921875 0.0625 0.2451171875 0.0625
0 0.6064453125 0.6923828125 0.111328125 0.091796875
0 0.9970703125 0.4892578125 0.125 0.1201171875
0 0.982421875 0.037109375 0.1376953125 0.037109375
0 0.998046875 0.986328125 0.0732421875 0.0400390625
