0 0.0146484375 0.953125 0.0146484375 0.0830078125
0 0.0302734375 0.697265625 0.0302734375 0.109375
0 0.103515625 0.845703125 0.0947265625 0.1025390625
0 0.2626953125 0.94921875 0.087890625 0.072265625
0 0.2900390625 0.865234375 0.0712890625 0.0712890625
0 0.3515625 0.7841796875 0.12109375 0.10546875
0 0.482421875 1.0 0.15234375 0.0947265625
0 0.615234375 0.9091796875 0.0771484375 0.0810546875
0 0.501953125 0.8515625 0.0849609375 0.0556640625
0 0.6455078125 0.6337890625 0.09765625 0.095703125
0 0.810546875 0.6953125 0.091796875 0.06640625
0 0.85546875 0.71484375 0.0751953125 0.0732421875
0 0.716796875 0.7451171875 0.0537109375 0.0546875
0 0.6787109375 0.83203125 0.0673828125 0.080078125
0 0.7841796875 0.9150390625 0.0908203125 0.0869140625
0 0.8515625 0.818359375 0.0478515625 0.0556640625
0 0.7685546875 0.4931640625 0.078125 0.0703125
0 0.6611328125 0.3916015625 0.0810546875 0.076171875
0 0.5556640625 0.3955078125 0.0869140625 0.0673828125
0 0.505859375 0.48046875 0.0966796875 0.0771484375
0 0.318359375 0.5498046875 0.087890625 0.0791015625
0 0.4384765625 0.560546875 0.0712890625 0.078125
0 0.0517578125 0.46875 0.0517578125 0.0634765625
0 0.0322265625 0.130859375 0.0322265625 0.0791015625
0 0.125 0.1904296875 0.0712890625 0.0615234375
0 0.076171875 0.2841796875 0.07421875 0.0849609375
0 0.08984375 0.376953125 0.0810546875 0.0888671875
0 0.2783203125 0.3876953125 0.0927734375 0.0859375
0 0.30859375 0.3037109375 0.0478515625 0.1025390625
0 0.3681640625 0.3017578125 0.052734375 0.0791015625
0 0.4150390625 0.2744140625 0.0595703125 0.0810546875
0 0.5263671875 0.2568359375 0.0693359375 0.08203125
0 0.5126953125 0.322265625 0.107421875 0.0791015625
0 0.6904296875 0.2744140625 0.0927734375 0.0732421875
0 0.8935546875 0.306640625 0.078125 0.06640625
0 0.818359375 0.3720703125 0.068359375 0.072265625
0 0.8994140625 0.44921875 0.0556640625 0.072265625
0 0.986328125 0.4228515625 0.0673828125 0.0791015625
0 0.875 0.36328125 0.044921875 0.0595703125
0 1.0 0.6083984375 0.0830078125 0.111328125
0 0.6923828125 0.5322265625 0.072265625 0.0673828125
0 1.0 0.794921875 0.0693359375 0.060546875
0 1.0 0.8818359375 0.044921875 0.0634765625
0 0.513671875 0.7802734375 0.072265625 0.0849609375
