0 0.12890625 0.0751953125 0.095703125 0.0751953125
0 0.2578125 0.8447265625 0.111328125 0.064453125
0 0.5302734375 0.12109375 0.087890625 0.0751953125
0 0.251953125 0.67578125 0.1015625 0.0458984375
0 0.7421875 0.7421875 0.109375 0.0615234375
0 0.7314453125 0.4951171875 0.09375 0.0439453125
0 0.3759765625 0.310546875 0.099609375 0.0654296875
0 0.5166015625 0.74609375 0.0966796875 0.0908203125
0 0.11328125 0.728515625 0.109375 0.044921875
0 0.400390625 0.4462890625 0.0810546875 0.0546875
0 0.7431640625 0.2138671875 0.13671875 0.06640625
0 0.9111328125 0.3583984375 0.1103515625 0.0654296875
0 0.5634765625 0.35546875 0.1201171875 0.048828125
0 0.673828125 0.056640625 0.0849609375 0.0556640625
0 0.40234375 0.9970703125 0.1123046875 0.0576171875
0 0.478515625 0.548828125 0.0947265625 0.0361328125
0 1.0 0.7236328125 0.1015625 0.0615234375
0 0.7529296875 0.416015625 0.1298828125 0.0869140625
0 1.0 0.1943359375 0.0234375 0.0400390625
0 0.998046875 0.380859375 0.0810546875 0.0537109375
0 0.6806640625 0.3955078125 0.1123046875 0.0537109375
0 0.94921875 0.1767578125 0.083984375 0.048828125
0 0.4208984375 0.716796875 0.0849609375 0.0400390625
0 0.5390625 0.2177734375 0.08203125 0.037109375
0 0.5458984375 0.4716796875 0.0703125 0.0498046875
0 0.8818359375 0.73828125 0.0947265625 0.033203125
0 0.26953125 0.1298828125 0.08984375 0.037109375
0 0.81640625 0.9931640625 0.1064453125 0.0546875
0 0.1884765625 0.1953125 0.1279296875 0.05078125
0 0.447265625 0.7822265625 0.0888671875 0.041015625
0 0.4375 0.8095703125 0.140625 0.0478515625
0 0.3876953125 0.490234375 0.091796875 0.044921875
0 0.9072265625 0.427734375 0.083984375 0.046875
0 0.59375 0.7001953125 0.140625 0.037109375
0 0.9306640625 0.8046875 0.103515625 0.0546875
0 0.5205078125 0.0341796875 0.06640625 0.0341796875
0 0.2353515625 0.537109375 0.109375 0.03515625
0 0.9658203125 0.4609375 0.115234375 0.037109375
0 0.81640625 0.890625 0.0771484375 0.0419921875
0 1.0 0.55859375 0.056640625 0.02734375
0 0.109375 0.7841796875 0.109375 0.0322265625
0 0.8388671875 0.07421875 0.123046875 0.0732421875
0 0.822265625 0.3984375 0.0849609375 0.0498046875
0 0.84375 0.19140625 0.0947265625 0.0625
0 0.078125 0.0986328125 0.078125 0.0615234375
0 0.5966796875 0.1552734375 0.0703125 0.0556640625
0 0.431640625 0.671875 0.0791015625 0.0380859375
0 0.2998046875 0.4658203125 0.080078125 0.0400390625
0 0.1689453125 0.5595703125 0.1328125 0.0322265625
0 0.3193359375 0.310546875 0.072265625 0.046875
0 0.390625 0.880859375 0.08203125 0.0537109375
0 0.927734375 0.1923828125 0.11328125 0.060546875
0 0.09765625 0.1240234375 0.09765625 0.03515625
0 0.390625 0.177734375 0.1083984375 0.0341796875
0 0.3046875 0.5146484375 0.046875 0.0390625
0 0.80859375 0.5859375 0.1015625 0.0390625
0 0.765625 0.8017578125 0.1005859375 0.0244140625
0 1.0 0.76171875 0.0791015625 0.029296875
0 0.5302734375 0.9951171875 0.142578125 0.0419921875
0 0.75 0.1484375 0.07421875 0.048828125
0 0.6884765625 0.1259765625 0.087890625 0.05078125
0 0.36328125 0.7177734375 0.103515625 0.01953125
0 0.9755859375 0.509765625 0.0849609375 0.0263671875
0 0.1806640625 0.8974609375 0.1748046875 0.0302734375
0 1.0 0.083984375 0.0849609375 0.07421875
0 0.29296875 0.271484375 0.08984375 0.029296875
0 0.6982421875 0.6787109375 0.111328125 0.0400390625
0 0.6533203125 0.8505859375 0.1376953125 0.0380859375
0 0.1572265625 0.369140625 0.0947265625 0.0537109375
0 0.2529296875 0.41796875 0.0693359375 0.044921875
0 0.09765625 0.08203125 0.09765625 0.0703125
0 0.24609375 0.390625 0.126953125 0.029296875
0 0.62109375 0.771484375 0.0576171875 0.01953125
0 0.6845703125 0.44921875 0.115234375 0.0302734375
0 0.2265625 0.4501953125 0.0634765625 0.0390625
0 0.337890625 0.7568359375 0.0625 0.0400390625
0 0.2333984375 0.763671875 0.15234375 0.0419921875
0 0.3740234375 0.158203125 0.0947265625 0.033203125
0 0.0458984375 0.646484375 0.044921875 0.0390625
0 0.818359375 0.12109375 0.1171875 0.0390625
0 0.5302734375 0.0771484375 0.0478515625 0.0283203125
0 0.89453125 0.208984375 0.05078125 0.033203125
0 0.0419921875 0.482421875 0.041015625 0.029296875
0 0.9111328125 0.68359375 0.1220703125 0.0517578125
0 0.861328125 0.7890625 0.09765625 0.0439453125
0 0.0888671875 0.75 0.0869140625 0.021484375
0 0.41015625 0.263671875 0.0986328125 0.025390625
0 0.8994140625 0.5390625 0.033203125 0.0458984375
0 0.0576171875 0.2060546875 0.0576171875 0.04296875
0 0.279296875 0.4287109375 0.0595703125 0.0283203125
0 0.0341796875 0.8447265625 0.0341796875 0.017578125
0 0.4423828125 0.9658203125 0.142578125 0.0478515625
0 0.9140625 0.3876953125 0.072265625 0.03125
0 0.03515625 0.4951171875 0.0341796875 0.029296875
0 0.8515625 0.1376953125 0.0986328125 0.021484375
0 0.6572265625 0.0732421875 0.1220703125 0.0712890625
0 0.0966796875 0.173828125 0.0966796875 0.0546875
0 0.0927734375 0.1416015625 0.0830078125 0.025390625
0 0.2333984375 0.1259765625 0.10546875 0.0498046875
0 0.248046875 0.7724609375 0.0556640625 0.0390625
0 0.0361328125 0.8076171875 0.0361328125 0.0263671875
0 0.5693359375 1.0 0.0859375 0.033203125
0 0.82421875 0.5234375 0.0869140625 0.0234375
0 0.9609375 0.7587890625 0.068359375 0.05859375
0 0.966796875 0.52734375 0.0654296875 0.0283203125
0 0.857421875 0.384765625 0.08203125 0.0595703125
0 0.1220703125 0.203125 0.08984375 0.0458984375
0 0.2666015625 0.810546875 0.0732421875 0.02734375
