0 0.5791015625 0.072265625 0.080078125 0.072265625
0 0.0693359375 0.5419921875 0.0693359375 0.0771484375
0 0.4716796875 0.90234375 0.1123046875 0.087890625
0 0.1416015625 0.7216796875 0.1123046875 0.1494140625
0 0.2216796875 0.6015625 0.072265625 0.08203125
0 0.8623046875 0.8291015625 0.1826171875 0.0966796875
0 0.287109375 0.064453125 0.1650390625 0.064453125
0 0.76171875 0.484375 0.0869140625 0.080078125
0 0.9794921875 0.6494140625 0.1572265625 0.1572265625
0 0.0693359375 0.33984375 0.0693359375 0.158203125
0 0.6875 0.4921875 0.1083984375 0.087890625
0 0.90234375 0.744140625 0.115234375 0.091796875
0 0.609375 0.8916015625 0.0849609375 0.13671875
0 0.5849609375 0.2119140625 0.1181640625 0.0947265625
0 0.6796875 0.115234375 0.111328125 0.1103515625
0 1.0 0.154296875 0.1826171875 0.08203125
0 0.5849609375 0.509765625 0.0830078125 0.1103515625
0 0.794921875 0.08984375 0.0830078125 0.08984375
0 0.77734375 0.572265625 0.0751953125 0.0576171875
0 0.4873046875 0.244140625 0.0576171875 0.056640625
0 0.5595703125 0.5419921875 0.099609375 0.0625
0 0.6923828125 0.912109375 0.0830078125 0.09765625
0 0.6572265625 0.33984375 0.080078125 0.0732421875
0 0.01171875 0.8515625 0.01171875 0.1220703125
0 0.1875 0.244140625 0.140625 0.0771484375
0 0.2568359375 1.0 0.0751953125 0.095703125
0 0.7041015625 0.9697265625 0.119140625 0.0673828125
0 0.65234375 0.6845703125 0.232421875 0.1171875
0 0.3369140625 0.2998046875 0.205078125 0.1748046875
0 0.1474609375 0.90234375 0.0849609375 0.140625
0 0.33984375 0.3896484375 0.1552734375 0.0751953125
0 0.7421875 0.32421875 0.1103515625 0.134765625
0 0.8193359375 0.4267578125 0.064453125 0.064453125
0 0.64453125 0.5966796875 0.0927734375 0.0869140625
0 0.5498046875 0.734375 0.115234375 0.0546875
0 0.4873046875 0.689453125 0.1005859375 0.1044921875
0 0.3623046875 0.2373046875 0.142578125 0.115234375
0 0.9970703125 0.466796875 0.0595703125 0.0751953125
0 0.0947265625 0.90234375 0.0947265625 0.16796875
0 0.5166015625 0.1796875 0.0849609375 0.0576171875
0 0.126953125 1.0 0.08984375 0.10546875
0 0.994140625 0.626953125 0.0673828125 0.177734375
0 1.0 0.3935546875 0.0673828125 0.0703125
0 0.0556640625 0.2392578125 0.0556640625 0.064453125
0 0.2890625 0.537109375 0.0673828125 0.0751953125
0 0.2822265625 0.626953125 0.0556640625 0.08203125
0 0.3642578125 0.2470703125 0.0751953125 0.1201171875
0 0.1416015625 0.759765625 0.0625 0.09765625
0 0.2841796875 0.8095703125 0.0849609375 0.0478515625
0 0.7197265625 1.0 0.0654296875 0.0732421875
0 0.966796875 1.0 0.0595703125 0.04296875
0 0.9697265625 0.7119140625 0.1123046875 0.0576171875
0 0.681640625 0.7744140625 0.080078125 0.0576171875
0 0.6875 0.2822265625 0.115234375 0.078125
0 0.857421875 0.0849609375 0.0908203125 0.068359375
