0 0.0830078125 0.96484375 0.0830078125 0.080078125
0 0.416015625 0.736328125 0.0634765625 0.0546875
0 0.771484375 0.7109375 0.244140625 0.0625
0 0.6767578125 0.859375 0.16796875 0.1005859375
0 0.2744140625 0.2939453125 0.1494140625 0.1298828125
0 1.0 0.1494140625 0.052734375 0.08203125
0 0.8603515625 1.0 0.0966796875 0.0439453125
0 0.09765625 0.984375 0.07421875 0.0615234375
0 0.267578125 0.71484375 0.0693359375 0.0673828125
0 0.1767578125 0.876953125 0.0986328125 0.1005859375
0 0.06640625 0.2255859375 0.06640625 0.068359375
0 0.1357421875 0.7939453125 0.1201171875 0.0625
0 0.984375 0.744140625 0.1376953125 0.1015625
0 0.7568359375 0.8447265625 0.115234375 0.0703125
0 0.9462890625 0.0673828125 0.0927734375 0.0673828125
0 0.6806640625 0.80859375 0.123046875 0.0908203125
0 0.8291015625 0.47265625 0.060546875 0.0537109375
0 0.2099609375 0.0703125 0.0625 0.0703125
0 0.8935546875 0.4443359375 0.056640625 0.0498046875
0 1.0 0.693359375 0.0283203125 0.0703125
