0 0.0517578125 0.927734375 0.0517578125 0.0439453125
0 0.099609375 0.8984375 0.083984375 0.06640625
0 0.138671875 0.833984375 0.1201171875 0.103515625
0 0.1064453125 0.7607421875 0.083984375 0.1162109375
0 0.2724609375 0.8515625 0.0751953125 0.0927734375
0 0.0302734375 0.4033203125 0.0302734375 0.0634765625
0 0.146484375 0.38671875 0.0693359375 0.078125
0 0.216796875 0.48046875 0.123046875 0.0712890625
0 0.0419921875 0.3095703125 0.0419921875 0.0888671875
0 0.0732421875 0.095703125 0.0732421875 0.095703125
0 0.1650390625 0.052734375 0.0546875 0.052734375
0 0.2880859375 0.07421875 0.099609375 0.04296875
0 0.34375 0.1201171875 0.078125 0.08203125
0 0.3564453125 0.248046875 0.0703125 0.0693359375
0 0.2490234375 0.3447265625 0.0712890625 0.0625
0 0.37890625 0.720703125 0.0751953125 0.09375
0 0.5009765625 0.4130859375 0.111328125 0.0810546875
0 0.5234375 0.2802734375 0.07421875 0.0703125
0 0.4443359375 0.1953125 0.09765625 0.068359375
0 0.544921875 0.224609375 0.07421875 0.0595703125
0 0.6630859375 0.2177734375 0.0712890625 0.0703125
0 0.669921875 0.095703125 0.0986328125 0.0673828125
0 0.4111328125 0.0947265625 0.0830078125 0.048828125
0 0.5625 0.125 0.15625 0.0849609375
0 0.822265625 0.1259765625 0.0966796875 0.0654296875
0 0.8408203125 0.3544921875 0.1005859375 0.076171875
0 0.6953125 0.3466796875 0.08203125 0.06640625
0 0.69921875 0.43359375 0.0703125 0.064453125
0 0.76953125 0.3896484375 0.0654296875 0.064453125
0 0.607421875 0.3427734375 0.0654296875 0.07421875
0 0.7724609375 0.845703125 0.1494140625 0.080078125
0 0.7197265625 0.9169921875 0.125 0.08203125
0 0.447265625 0.9228515625 0.076171875 0.0771484375
0 0.55859375 0.998046875 0.0927734375 0.0771484375
0 0.578125 0.9072265625 0.0556640625 0.044921875
0 0.931640625 1.0 0.091796875 0.0283203125
0 1.0 0.1650390625 0.041015625 0.0859375
0 1.0 0.3095703125 0.0390625 0.0986328125
0 0.8095703125 0.919921875 0.1455078125 0.06640625
