0 0.0390625 0.3701171875 0.0390625 0.044921875
0 0.20703125 0.3916015625 0.1025390625 0.134765625
0 0.1962890625 0.1767578125 0.0615234375 0.076171875
0 0.02734375 1.0 0.02734375 0.0400390625
0 0.2548828125 1.0 0.076171875 0.01953125
0 0.205078125 0.95703125 0.0625 0.08203125
0 0.27734375 0.970703125 0.0556640625 0.09375
0 0.18359375 0.849609375 0.068359375 0.06640625
0 0.376953125 1.0 0.087890625 0.0263671875
0 0.5791015625 1.0 0.1044921875 0.0322265625
0 0.7841796875 1.0 0.0546875 0.0166015625
0 0.8671875 1.0 0.06640625 0.0478515625
0 0.927734375 0.9130859375 0.0791015625 0.0830078125
0 1.0 0.9296875 0.0517578125 0.05859375
0 0.9814453125 1.0 0.0830078125 0.0595703125
0 0.0517578125 0.5185546875 0.0517578125 0.0693359375
0 0.126953125 0.5849609375 0.0888671875 0.0634765625
0 0.189453125 0.6123046875 0.0478515625 0.0654296875
0 0.142578125 0.6884765625 0.056640625 0.060546875
0 0.248046875 0.69921875 0.0849609375 0.0703125
0 0.2802734375 0.7880859375 0.080078125 0.056640625
0 0.3896484375 0.8828125 0.060546875 0.0615234375
0 0.521484375 0.935546875 0.0830078125 0.0859375
0 0.6650390625 0.8857421875 0.072265625 0.095703125
0 0.6025390625 0.9462890625 0.0595703125 0.171875
0 0.4677734375 0.873046875 0.0703125 0.103515625
0 0.5126953125 0.7265625 0.0751953125 0.07421875
0 0.58984375 0.708984375 0.06640625 0.0888671875
0 0.6875 0.7568359375 0.0927734375 0.0673828125
0 0.7900390625 0.6904296875 0.06640625 0.0712890625
0 0.974609375 0.60546875 0.0888671875 0.0654296875
0 0.9755859375 0.7294921875 0.0517578125 0.0576171875
0 0.921875 0.806640625 0.072265625 0.0537109375
0 1.0 0.837890625 0.064453125 0.091796875
0 0.671875 0.658203125 0.0771484375 0.0595703125
0 0.5947265625 0.5849609375 0.0673828125 0.08984375
0 0.7373046875 0.591796875 0.0537109375 0.0625
0 0.833984375 0.4541015625 0.064453125 0.07421875
0 0.8466796875 0.5322265625 0.060546875 0.06640625
0 0.93359375 0.5029296875 0.0712890625 0.078125
0 0.3994140625 0.5166015625 0.072265625 0.06640625
0 0.3759765625 0.6083984375 0.125 0.0791015625
0 0.2216796875 0.546875 0.08984375 0.080078125
0 0.4111328125 0.4521484375 0.0625 0.1181640625
0 0.52734375 0.4794921875 0.087890625 0.11328125
0 0.5908203125 0.30078125 0.078125 0.1455078125
0 0.8359375 0.3759765625 0.0986328125 0.154296875
0 0.91796875 0.3662109375 0.083984375 0.0791015625
0 0.482421875 0.2060546875 0.0693359375 0.07421875
0 0.3046875 0.037109375 0.044921875 0.037109375
0 0.1689453125 0.044921875 0.072265625 0.044921875
0 0.4189453125 0.1005859375 0.125 0.0908203125
0 0.92578125 0.1484375 0.05859375 0.09375
0 0.8701171875 0.083984375 0.0712890625 0.08203125
0 1.0 0.0927734375 0.03515625 0.0771484375
0 1.0 1.0 0.0234375 0.0244140625
