0 0.8720703125 0.4248046875 0.1123046875 0.078125
0 0.15234375 0.3349609375 0.0927734375 0.0927734375
0 0.26171875 0.3544921875 0.0771484375 0.0576171875
0 0.83984375 0.63671875 0.107421875 0.0498046875
0 0.794921875 0.5947265625 0.1181640625 0.080078125
0 0.4072265625 0.83203125 0.0849609375 0.0947265625
0 0.9189453125 0.935546875 0.107421875 0.078125
0 0.8291015625 0.787109375 0.1171875 0.0673828125
0 0.4072265625 0.5390625 0.0849609375 0.064453125
0 0.7265625 0.4599609375 0.107421875 0.0830078125
0 0.5390625 0.46484375 0.1044921875 0.0703125
0 0.771484375 0.9619140625 0.109375 0.09765625
0 0.8642578125 0.0595703125 0.08203125 0.0595703125
0 0.2099609375 0.4521484375 0.0703125 0.0673828125
0 0.2041015625 0.1591796875 0.0693359375 0.0693359375
0 0.384765625 0.3818359375 0.1005859375 0.0693359375
0 0.279296875 0.8046875 0.072265625 0.0673828125
0 0.4169921875 0.1943359375 0.08984375 0.0625
0 0.2890625 0.5224609375 0.099609375 0.0830078125
0 0.619140625 0.8916015625 0.1123046875 0.1396484375
0 0.9443359375 0.794921875 0.1025390625 0.080078125
0 0.2568359375 0.6923828125 0.0927734375 0.1005859375
0 0.5048828125 0.1044921875 0.09765625 0.0625
0 0.751953125 0.6845703125 0.2353515625 0.0830078125
0 0.0595703125 0.0869140625 0.0595703125 0.072265625
0 0.2568359375 0.1591796875 0.0576171875 0.08984375
0 0.5517578125 0.9345703125 0.1044921875 0.1123046875
0 0.82421875 0.3720703125 0.1875 0.08984375
0 0.5556640625 0.1533203125 0.169921875 0.0478515625
0 0.982421875 0.8671875 0.09765625 0.072265625
0 1.0 0.6298828125 0.1005859375 0.0576171875
0 0.5947265625 0.779296875 0.0673828125 0.0693359375
0 0.2822265625 0.609375 0.107421875 0.0546875
0 0.20703125 0.76953125 0.0625 0.0673828125
0 0.9521484375 0.3515625 0.09765625 0.0546875
0 0.0546875 0.572265625 0.0546875 0.0751953125
0 0.939453125 0.341796875 0.142578125 0.109375
0 0.7724609375 0.1572265625 0.078125 0.0625
0 1.0 0.5791015625 0.1103515625 0.0546875
0 0.3193359375 0.4072265625 0.064453125 0.0625
0 0.2265625 0.994140625 0.0849609375 0.0849609375
0 0.3369140625 0.509765625 0.072265625 0.0576171875
0 0.6044921875 0.4619140625 0.08984375 0.0595703125
0 0.072265625 0.8916015625 0.0556640625 0.0595703125
0 0.02734375 0.8798828125 0.02734375 0.0703125
0 0.4072265625 1.0 0.0703125 0.0556640625
0 0.6767578125 0.7216796875 0.109375 0.0546875
0 0.162109375 0.931640625 0.060546875 0.0869140625
0 1.0 0.5224609375 0.068359375 0.0625
0 0.8564453125 0.943359375 0.107421875 0.052734375
0 0.169921875 0.001953125 0.0576171875 0.001953125
0 0.8349609375 0.814453125 0.03515625 0.0576171875
0 0.2998046875 0.572265625 0.04296875 0.060546875
0 0.75 0.431640625 0.125 0.044921875
0 0.8349609375 0.3046875 0.11328125 0.044921875
0 1.0 0.1220703125 0.0625 0.0478515625
0 0.8974609375 0.056640625 0.0478515625 0.044921875
0 0.6875 0.15234375 0.09765625 0.0400390625
0 0.3916015625 0.1318359375 0.0595703125 0.0576171875
0 0.296875 0.1591796875 0.0419921875 0.07421875
