0 0.5537109375 0.7763671875 0.0810546875 0.078125
0 0.5302734375 0.4609375 0.0986328125 0.060546875
0 0.91796875 0.3955078125 0.130859375 0.07421875
0 0.388671875 0.724609375 0.1279296875 0.0966796875
0 0.6083984375 0.3271484375 0.0986328125 0.0859375
0 0.41796875 0.0498046875 0.111328125 0.0498046875
0 0.9248046875 0.09375 0.1201171875 0.0927734375
0 0.375 0.650390625 0.076171875 0.0751953125
0 0.9755859375 0.37109375 0.09375 0.0517578125
0 0.28125 0.12109375 0.11328125 0.0576171875
0 0.498046875 0.40625 0.126953125 0.0771484375
0 0.5791015625 0.0556640625 0.099609375 0.0546875
0 0.30078125 0.197265625 0.0908203125 0.052734375
0 0.275390625 0.0927734375 0.1279296875 0.076171875
0 1.0 0.271484375 0.0361328125 0.095703125
0 0.4111328125 0.2568359375 0.103515625 0.0478515625
0 0.1083984375 0.724609375 0.0908203125 0.044921875
0 0.587890625 0.28125 0.0439453125 0.1455078125
0 0.8935546875 0.69140625 0.12109375 0.1162109375
0 0.7177734375 0.974609375 0.0966796875 0.0458984375
0 0.162109375 0.115234375 0.1240234375 0.0595703125
0 0.384765625 0.171875 0.095703125 0.0546875
0 0.39453125 0.1923828125 0.111328125 0.0419921875
0 0.5263671875 0.984375 0.1005859375 0.1552734375
0 0.947265625 0.5234375 0.080078125 0.0546875
0 0.296875 0.7333984375 0.0869140625 0.0498046875
0 0.267578125 0.44921875 0.119140625 0.0380859375
0 0.70703125 0.6796875 0.158203125 0.0654296875
0 0.7939453125 0.13671875 0.06640625 0.06640625
0 0.6806640625 0.037109375 0.0888671875 0.0361328125
0 0.4951171875 0.1953125 0.07421875 0.0341796875
0 0.8037109375 0.0751953125 0.142578125 0.0302734375
0 0.0654296875 0.2841796875 0.0654296875 0.0341796875
0 0.1904296875 0.9873046875 0.111328125 0.091796875
0 0.2431640625 0.6650390625 0.0908203125 0.0673828125
0 0.271484375 0.7529296875 0.1357421875 0.052734375
0 0.421875 0.7724609375 0.12890625 0.044921875
0 0.99609375 0.87890625 0.1708984375 0.0478515625
0 0.962890625 0.7431640625 0.0439453125 0.130859375
0 0.2314453125 0.8447265625 0.0771484375 0.0361328125
0 0.0390625 0.57421875 0.0390625 0.0693359375
0 0.1396484375 0.4873046875 0.0751953125 0.041015625
0 0.869140625 0.484375 0.05078125 0.02734375
0 0.41796875 0.169921875 0.0703125 0.0517578125
0 0.060546875 0.78125 0.0576171875 0.0244140625
0 0.4208984375 1.0 0.1328125 0.0517578125
0 0.5087890625 0.2998046875 0.0546875 0.1162109375
0 0.5986328125 0.06640625 0.05078125 0.06640625
0 0.234375 0.31640625 0.0908203125 0.220703125
0 0.92578125 0.681640625 0.0390625 0.044921875
0 0.9462890625 0.232421875 0.109375 0.078125
0 0.16796875 1.0 0.0712890625 0.0361328125
0 0.0537109375 0.9833984375 0.0537109375 0.015625
0 0.09375 0.9345703125 0.0693359375 0.0380859375
0 0.40625 0.796875 0.0537109375 0.021484375
0 0.24609375 0.2431640625 0.0634765625 0.060546875
0 0.23828125 0.4140625 0.173828125 0.1240234375
0 0.7978515625 0.068359375 0.1025390625 0.0625
0 0.169921875 0.25 0.07421875 0.046875
0 0.1767578125 0.8046875 0.0517578125 0.0537109375
0 0.1748046875 0.9052734375 0.06640625 0.041015625
