0 0.7177734375 0.08203125 0.0888671875 0.08203125
0 0.97265625 0.0771484375 0.0771484375 0.0771484375
0 0.5009765625 0.1484375 0.083984375 0.091796875
0 0.12890625 0.4248046875 0.0732421875 0.0556640625
0 0.78515625 0.150390625 0.1171875 0.08984375
0 0.1572265625 0.16796875 0.0966796875 0.10546875
0 0.2890625 0.142578125 0.072265625 0.0673828125
0 0.13671875 0.486328125 0.099609375 0.0576171875
0 0.4384765625 0.8701171875 0.1201171875 0.0830078125
0 0.7021484375 0.5625 0.076171875 0.0537109375
0 0.4169921875 0.1865234375 0.0771484375 0.0791015625
0 0.228515625 0.0625 0.06640625 0.0625
0 0.42578125 0.5263671875 0.087890625 0.0517578125
0 0.345703125 0.4912109375 0.08203125 0.0732421875
0 0.1484375 0.2744140625 0.0947265625 0.0419921875
0 0.67578125 0.8837890625 0.0791015625 0.0458984375
0 1.0 0.13671875 0.0693359375 0.078125
0 0.15234375 0.5224609375 0.1298828125 0.0517578125
0 0.7822265625 0.4873046875 0.068359375 0.052734375
0 0.3916015625 1.0 0.060546875 0.03515625
0 0.7099609375 0.173828125 0.109375 0.10546875
0 0.482421875 0.2939453125 0.0869140625 0.0517578125
0 0.4169921875 0.208984375 0.08984375 0.0458984375
0 0.4716796875 0.5966796875 0.0908203125 0.0576171875
0 0.1953125 0.4716796875 0.080078125 0.0390625
0 0.2421875 0.833984375 0.099609375 0.0400390625
0 0.0966796875 0.1328125 0.0966796875 0.0595703125
0 0.6328125 0.1875 0.0615234375 0.046875
0 0.05859375 0.6220703125 0.05859375 0.0634765625
0 0.28515625 0.8984375 0.08203125 0.0361328125
0 0.81640625 0.4580078125 0.06640625 0.0341796875
0 0.845703125 0.8408203125 0.0947265625 0.056640625
0 0.5224609375 0.9140625 0.10546875 0.037109375
0 0.599609375 0.5537109375 0.05859375 0.044921875
0 0.2890625 0.64453125 0.146484375 0.056640625
0 0.1875 0.9189453125 0.1572265625 0.0537109375
0 0.677734375 0.62109375 0.078125 0.0400390625
0 0.9873046875 0.908203125 0.0732421875 0.0498046875
0 0.197265625 0.6083984375 0.0908203125 0.0341796875
0 0.138671875 0.5439453125 0.1298828125 0.0537109375
0 0.2490234375 0.955078125 0.0654296875 0.0224609375
0 0.703125 0.1181640625 0.0517578125 0.0693359375
0 0.34375 0.5322265625 0.083984375 0.0703125
0 0.201953125 0.709375 0.13369140625 0.0439453125
0 1.0 0.7265625 0.0771484375 0.0478515625
0 0.1064453125 0.2138671875 0.1064453125 0.03125
0 0.39453125 0.5478515625 0.06640625 0.0322265625
0 1.0 0.5703125 0.0810546875 0.037109375
0 0.2314453125 0.8671875 0.048828125 0.0556640625
0 0.08984375 0.8310546875 0.0458984375 0.037109375
0 0.1806640625 0.8486328125 0.0947265625 0.037109375
0 0.8876953125 0.8671875 0.1015625 0.0478515625
0 0.8095703125 0.9462890625 0.0654296875 0.041015625
0 0.8564453125 0.40234375 0.05078125 0.0283203125
0 0.255859375 0.3046875 0.0546875 0.0224609375
0 0.1005859375 0.2373046875 0.1005859375 0.041015625
0 1.0 0.4794921875 0.0322265625 0.04296875
0 0.419921875 0.619140625 0.048828125 0.0517578125
0 0.423828125 0.9716796875 0.048828125 0.02734375
0 0.533203125 0.962890625 0.0693359375 0.03125
