0 0.0458984375 0.185546875 0.0458984375 0.1123046875
0 0.083984375 0.2470703125 0.0732421875 0.0751953125
0 0.1044921875 0.294921875 0.0966796875 0.0693359375
0 0.201171875 0.3310546875 0.0654296875 0.1279296875
0 0.265625 0.337890625 0.068359375 0.064453125
0 0.482421875 0.318359375 0.1357421875 0.08203125
0 0.4619140625 0.203125 0.07421875 0.0859375
0 0.2158203125 0.1015625 0.08203125 0.064453125
0 0.3779296875 0.0908203125 0.0830078125 0.0732421875
0 0.466796875 0.0478515625 0.0791015625 0.0478515625
0 0.66796875 0.0771484375 0.1279296875 0.0673828125
0 0.5693359375 0.248046875 0.0615234375 0.0732421875
0 0.7587890625 0.21484375 0.095703125 0.0830078125
0 0.8837890625 0.30859375 0.0859375 0.1240234375
0 0.6826171875 0.314453125 0.06640625 0.048828125
0 0.572265625 0.369140625 0.076171875 0.0859375
0 0.5791015625 0.4814453125 0.13671875 0.06640625
0 0.517578125 0.55859375 0.05078125 0.1025390625
0 0.341796875 0.56640625 0.0986328125 0.08203125
0 0.482421875 0.7099609375 0.0791015625 0.0927734375
0 0.5771484375 0.6806640625 0.0771484375 0.08203125
0 0.70703125 0.8212890625 0.091796875 0.1357421875
0 0.8037109375 0.8037109375 0.08984375 0.0986328125
0 0.9033203125 0.755859375 0.0869140625 0.08203125
0 0.751953125 0.5576171875 0.087890625 0.076171875
0 0.6884765625 0.669921875 0.080078125 0.09375
0 0.923828125 0.484375 0.08984375 0.083984375
0 0.99609375 0.7197265625 0.0625 0.0927734375
0 0.9658203125 0.283203125 0.0673828125 0.09765625
0 0.9658203125 0.0791015625 0.0673828125 0.0732421875
0 0.328125 0.875 0.078125 0.125
0 0.6669921875 0.9296875 0.140625 0.0712890625
0 0.7763671875 0.9365234375 0.1123046875 0.0830078125
0 0.9853515625 0.8798828125 0.095703125 0.0771484375
0 0.17578125 0.6787109375 0.06640625 0.078125
0 0.2724609375 0.65234375 0.1240234375 0.076171875
0 0.064453125 0.5244140625 0.064453125 0.0791015625
0 0.09765625 0.3779296875 0.0498046875 0.07421875
0 0.271484375 0.3857421875 0.0595703125 0.0712890625
0 0.529296875 0.1279296875 0.076171875 0.06640625
0 0.39453125 0.99609375 0.0693359375 0.0478515625
