0 0.107421875 0.0546875 0.107421875 0.0458984375
0 0.533203125 0.0361328125 0.1455078125 0.0361328125
0 0.5634765625 0.0751953125 0.103515625 0.0556640625
0 0.80859375 0.060546875 0.08984375 0.044921875
0 1.0 0.048828125 0.0703125 0.048828125
0 0.9169921875 0.060546875 0.0380859375 0.0361328125
0 0.4599609375 0.0810546875 0.15234375 0.0302734375
0 0.73828125 0.091796875 0.11328125 0.037109375
0 0.390625 0.2939453125 0.0751953125 0.04296875
0 0.2451171875 0.31640625 0.0654296875 0.0390625
0 0.1689453125 0.376953125 0.09765625 0.060546875
0 0.1962890625 0.4140625 0.1162109375 0.0390625
0 0.2783203125 0.404296875 0.0791015625 0.0478515625
0 0.37109375 0.38671875 0.099609375 0.0498046875
0 0.5068359375 0.3798828125 0.115234375 0.033203125
0 0.7373046875 0.3408203125 0.0703125 0.0458984375
0 0.7158203125 0.3916015625 0.0595703125 0.0478515625
0 0.9033203125 0.419921875 0.0576171875 0.056640625
0 0.935546875 0.5107421875 0.13671875 0.0263671875
0 0.8896484375 0.49609375 0.0322265625 0.0419921875
0 0.935546875 0.5302734375 0.169921875 0.03515625
0 0.498046875 0.4833984375 0.0625 0.0390625
0 0.3193359375 0.4501953125 0.12890625 0.04296875
0 0.2841796875 0.5126953125 0.1083984375 0.044921875
0 0.2001953125 0.5537109375 0.1083984375 0.0322265625
0 0.2802734375 0.578125 0.146484375 0.041015625
0 0.4482421875 0.6357421875 0.076171875 0.10546875
0 0.3251953125 0.7998046875 0.1220703125 0.0576171875
0 0.2919921875 0.8310546875 0.1201171875 0.0478515625
0 0.1142578125 0.86328125 0.107421875 0.0673828125
0 0.2314453125 0.8935546875 0.0751953125 0.029296875
0 0.265625 0.9716796875 0.11328125 0.07421875
0 0.3046875 0.9609375 0.05078125 0.060546875
0 0.6396484375 0.7958984375 0.099609375 0.05078125
0 0.56640625 0.8466796875 0.064453125 0.052734375
0 0.556640625 0.865234375 0.107421875 0.06640625
0 0.6240234375 1.0 0.0361328125 0.0703125
0 0.673828125 1.0 0.1064453125 0.029296875
0 0.8310546875 0.89453125 0.0947265625 0.0537109375
0 0.861328125 0.8505859375 0.0654296875 0.068359375
0 0.9375 0.873046875 0.095703125 0.0498046875
0 1.0 0.8974609375 0.06640625 0.048828125
0 1.0 0.9736328125 0.0087890625 0.0439453125
0 0.9833984375 1.0 0.080078125 0.044921875
0 1.0 0.6474609375 0.0732421875 0.0751953125
0 0.7197265625 0.537109375 0.0576171875 0.0341796875
0 0.76171875 0.359375 0.0361328125 0.03125
0 0.1767578125 0.369140625 0.1025390625 0.0322265625
0 0.431640625 0.3681640625 0.0517578125 0.048828125
