0 0.6025390625 0.7724609375 0.056640625 0.0986328125
0 0.421875 0.3564453125 0.0703125 0.0849609375
0 0.4453125 0.494140625 0.0654296875 0.083984375
0 0.1435546875 0.548828125 0.0703125 0.0791015625
0 0.0771484375 0.2666015625 0.076171875 0.078125
0 0.576171875 0.1669921875 0.0693359375 0.09765625
0 0.4873046875 0.2529296875 0.0439453125 0.1025390625
0 0.501953125 0.5146484375 0.0810546875 0.099609375
0 0.6884765625 0.2421875 0.0478515625 0.0888671875
0 0.7724609375 0.4765625 0.044921875 0.076171875
0 0.7919921875 0.78515625 0.0791015625 0.111328125
0 0.5634765625 0.5224609375 0.07421875 0.080078125
0 0.53515625 0.2373046875 0.0458984375 0.08203125
0 0.5712890625 0.796875 0.052734375 0.09375
0 0.2958984375 0.1572265625 0.0986328125 0.1220703125
0 0.4052734375 0.74609375 0.0791015625 0.072265625
0 0.1025390625 0.259765625 0.0458984375 0.0908203125
0 0.47265625 0.8486328125 0.0576171875 0.1015625
0 0.19140625 0.7783203125 0.072265625 0.0712890625
0 0.3291015625 1.0 0.060546875 0.08203125
0 0.44921875 0.205078125 0.048828125 0.1044921875
0 0.9345703125 0.2236328125 0.064453125 0.0810546875
0 0.615234375 0.5224609375 0.05859375 0.0751953125
0 0.1103515625 0.822265625 0.0830078125 0.09375
0 0.9619140625 0.55859375 0.0302734375 0.103515625
0 0.783203125 0.296875 0.0439453125 0.0830078125
0 0.91015625 0.439453125 0.056640625 0.08984375
0 0.7685546875 0.650390625 0.0654296875 0.0625
0 0.6435546875 0.6142578125 0.05859375 0.0654296875
0 0.3037109375 0.8291015625 0.0751953125 0.0576171875
0 0.892578125 0.86328125 0.083984375 0.0517578125
0 0.169921875 0.197265625 0.0693359375 0.068359375
0 0.87109375 0.474609375 0.0419921875 0.087890625
0 0.5390625 0.8505859375 0.078125 0.064453125
0 0.115234375 0.1337890625 0.0380859375 0.1328125
0 0.96875 0.203125 0.0263671875 0.1103515625
0 0.2861328125 1.0 0.04296875 0.056640625
0 0.2666015625 0.2373046875 0.0419921875 0.0927734375
0 0.388671875 0.5888671875 0.0546875 0.05859375
0 0.8271484375 0.7783203125 0.05078125 0.1181640625
0 0.44921875 0.998046875 0.05859375 0.046875
0 0.5185546875 0.9072265625 0.076171875 0.0419921875
0 0.6904296875 0.7998046875 0.0478515625 0.1171875
0 0.9951171875 0.2646484375 0.03125 0.0654296875
0 0.1806640625 0.9541015625 0.072265625 0.052734375
0 0.7705078125 0.876953125 0.02734375 0.080078125
0 0.4970703125 0.74609375 0.076171875 0.0595703125
0 0.998046875 0.5380859375 0.037109375 0.0595703125
0 0.2373046875 0.599609375 0.0498046875 0.0693359375
0 0.75390625 0.0341796875 0.0419921875 0.0341796875
0 0.0302734375 0.439453125 0.0302734375 0.07421875
0 0.064453125 0.640625 0.064453125 0.02734375
0 0.681640625 0.458984375 0.046875 0.123046875
0 0.345703125 0.7939453125 0.0712890625 0.0439453125
0 0.3837890625 0.8583984375 0.0576171875 0.0654296875
0 0.14453125 1.0 0.0458984375 0.0400390625
0 0.0205078125 0.4912109375 0.0205078125 0.087890625
0 0.646484375 0.50390625 0.0361328125 0.0546875
0 0.69140625 0.9580078125 0.0537109375 0.0302734375
0 0.2177734375 0.90625 0.107421875 0.0390625
0 0.640625 0.05859375 0.0322265625 0.05859375
0 0.212890625 0.1318359375 0.0595703125 0.029296875
0 0.703125 0.7412109375 0.0625 0.1015625
0 0.0556640625 0.8212890625 0.0556640625 0.0283203125
0 0.0869140625 0.5419921875 0.0625 0.0927734375
0 0.2822265625 0.201171875 0.076171875 0.11328125
0 0.052734375 0.578125 0.052734375 0.044921875
0 0.12109375 0.8740234375 0.1201171875 0.0556640625
0 0.5966796875 0.1611328125 0.0234375 0.1318359375
0 0.72265625 0.51171875 0.072265625 0.0830078125
0 0.73828125 0.078125 0.0439453125 0.0537109375
0 0.06640625 0.4765625 0.0302734375 0.0615234375
0 0.6796875 1.0 0.0361328125 0.0302734375
0 0.5634765625 0.8154296875 0.0771484375 0.0419921875
0 0.224609375 0.845703125 0.0517578125 0.0458984375
0 0.2431640625 0.775390625 0.0810546875 0.0986328125
0 0.0517578125 0.578125 0.0517578125 0.0703125
0 0.17578125 0.2421875 0.0361328125 0.0634765625
0 0.0234375 0.923828125 0.0234375 0.021484375
0 0.6162109375 0.1162109375 0.0341796875 0.091796875
0 0.9150390625 0.8662109375 0.03125 0.041015625
