0 0.5517578125 0.419921875 0.083984375 0.078125
0 0.4990234375 0.5146484375 0.0986328125 0.0732421875
0 0.7451171875 0.517578125 0.103515625 0.068359375
0 0.6748046875 0.4052734375 0.0546875 0.0517578125
0 0.671875 0.3466796875 0.087890625 0.11328125
0 1.0 0.47265625 0.0517578125 0.0693359375
0 0.458984375 0.248046875 0.0810546875 0.0615234375
0 0.462890625 0.291015625 0.0576171875 0.04296875
0 0.5654296875 0.2666015625 0.0615234375 0.083984375
0 0.6171875 0.1611328125 0.0849609375 0.0732421875
0 0.685546875 0.0791015625 0.0625 0.068359375
0 0.7666015625 0.080078125 0.0595703125 0.0595703125
0 0.8095703125 0.2041015625 0.0703125 0.091796875
0 0.7177734375 0.2255859375 0.0654296875 0.0439453125
0 0.8271484375 0.1484375 0.078125 0.0576171875
0 0.9326171875 0.22265625 0.0576171875 0.0869140625
0 0.94921875 0.2265625 0.0400390625 0.037109375
0 0.5400390625 0.7158203125 0.0908203125 0.0703125
0 0.3251953125 0.671875 0.07421875 0.0703125
0 0.171875 0.6162109375 0.06640625 0.0595703125
0 0.2109375 0.49609375 0.1171875 0.0830078125
0 0.1875 0.408203125 0.0810546875 0.109375
0 0.3125 0.4365234375 0.05859375 0.05078125
0 0.9365234375 0.6845703125 0.068359375 0.1005859375
0 0.990234375 0.5625 0.0869140625 0.0810546875
0 0.8583984375 0.72265625 0.091796875 0.0810546875
0 0.9423828125 0.7734375 0.056640625 0.05859375
0 0.984375 0.869140625 0.0693359375 0.0654296875
0 0.8759765625 0.923828125 0.091796875 0.0625
0 0.6376953125 0.8857421875 0.10546875 0.072265625
0 0.51171875 0.9912109375 0.1064453125 0.09765625
0 0.369140625 0.7998046875 0.103515625 0.11328125
0 0.412109375 0.8671875 0.072265625 0.064453125
0 0.1455078125 0.8203125 0.1357421875 0.11328125
0 0.2216796875 0.9599609375 0.091796875 0.0625
0 0.193359375 0.8828125 0.0556640625 0.0654296875
0 0.283203125 0.8896484375 0.056640625 0.0478515625
0 0.4072265625 0.9560546875 0.1005859375 0.076171875
0 0.7646484375 1.0 0.1162109375 0.0625
0 0.8291015625 0.9765625 0.0810546875 0.072265625
0 0.11328125 0.2646484375 0.0927734375 0.078125
0 0.0859375 0.9560546875 0.076171875 0.0693359375
0 0.427734375 0.0771484375 0.0439453125 0.0517578125
0 0.4990234375 0.1484375 0.0791015625 0.056640625
0 0.3837890625 0.1630859375 0.0595703125 0.0498046875
0 0.3173828125 0.1904296875 0.0556640625 0.0517578125
0 0.1884765625 0.20703125 0.0439453125 0.046875
0 0.134765625 0.1123046875 0.064453125 0.0693359375
0 0.205078125 0.03515625 0.095703125 0.03515625
0 0.1416015625 0.3212890625 0.0693359375 0.0615234375
0 0.4619140625 0.94140625 0.0634765625 0.0439453125
0 0.0537109375 0.3818359375 0.0537109375 0.076171875
0 0.720703125 0.685546875 0.0595703125 0.0556640625
0 0.85546875 0.46484375 0.048828125 0.0537109375
0 1.0 0.361328125 0.05859375 0.0458984375
0 1.0 0.201171875 0.05078125 0.05078125
0 0.2109375 0.4052734375 0.0439453125 0.0380859375
0 0.3681640625 0.2470703125 0.05859375 0.0673828125
