0 0.3984375 0.8837890625 0.0966796875 0.13671875
0 0.3349609375 0.5048828125 0.119140625 0.1123046875
0 0.3798828125 0.6748046875 0.142578125 0.1357421875
0 0.458984375 0.267578125 0.123046875 0.15234375
0 0.9873046875 0.71484375 0.1279296875 0.1376953125
0 0.4541015625 0.0849609375 0.125 0.0849609375
0 0.9990234375 0.142578125 0.15625 0.1171875
0 0.5625 0.9521484375 0.1328125 0.1552734375
0 0.59375 0.427734375 0.109375 0.1005859375
0 0.7890625 0.99609375 0.1748046875 0.134765625
0 0.7666015625 0.162109375 0.1201171875 0.10546875
0 0.50390625 0.6669921875 0.0908203125 0.09765625
0 0.8037109375 0.263671875 0.1044921875 0.0849609375
0 0.1630859375 0.998046875 0.0947265625 0.0625
