0 0.26171875 0.7197265625 0.080078125 0.1005859375
0 0.6015625 0.8173828125 0.0791015625 0.0751953125
0 0.9453125 0.966796875 0.068359375 0.056640625
0 0.7275390625 0.734375 0.0712890625 0.0986328125
0 0.8095703125 0.46484375 0.0830078125 0.1474609375
0 0.310546875 0.40625 0.0791015625 0.1220703125
0 0.638671875 0.7021484375 0.0576171875 0.0712890625
0 0.6572265625 0.2119140625 0.0751953125 0.1201171875
0 0.8427734375 0.970703125 0.0673828125 0.068359375
0 0.5673828125 0.16796875 0.064453125 0.0810546875
0 0.1416015625 0.59765625 0.08984375 0.1767578125
0 0.3671875 0.884765625 0.0830078125 0.107421875
0 0.556640625 0.65234375 0.0966796875 0.1103515625
0 0.4404296875 0.7392578125 0.076171875 0.07421875
0 0.234375 0.625 0.0751953125 0.0751953125
0 0.3447265625 0.1826171875 0.0771484375 0.1259765625
0 0.4541015625 1.0 0.0693359375 0.0693359375
0 0.7080078125 0.90625 0.0712890625 0.0517578125
0 0.5322265625 0.3642578125 0.0830078125 0.1171875
0 0.9921875 0.5517578125 0.06640625 0.1025390625
0 0.607421875 0.6396484375 0.068359375 0.1005859375
0 0.5693359375 0.419921875 0.0869140625 0.1103515625
0 0.5419921875 0.494140625 0.08203125 0.07421875
0 0.091796875 0.501953125 0.08203125 0.126953125
0 0.162109375 0.1044921875 0.0673828125 0.087890625
0 0.1220703125 0.08203125 0.044921875 0.080078125
0 0.0732421875 0.353515625 0.0654296875 0.0947265625
0 0.947265625 0.07421875 0.0751953125 0.072265625
0 0.279296875 0.876953125 0.0595703125 0.087890625
0 0.482421875 0.7900390625 0.0556640625 0.068359375
0 0.751953125 0.80078125 0.0625 0.0791015625
