0 0.513671875 0.4873046875 0.111328125 0.1328125
0 0.4296875 0.2802734375 0.125 0.095703125
0 0.7470703125 0.0419921875 0.0947265625 0.0419921875
0 1.0 0.37109375 0.068359375 0.0869140625
0 0.5234375 0.3701171875 0.15625 0.0986328125
0 0.26171875 0.408203125 0.125 0.1337890625
0 0.8779296875 0.8515625 0.1650390625 0.080078125
0 0.9970703125 0.46875 0.09765625 0.1064453125
0 0.251953125 0.8369140625 0.169921875 0.1201171875
0 0.87109375 0.447265625 0.0712890625 0.08984375
0 0.8544921875 0.037109375 0.0576171875 0.037109375
0 0.2822265625 0.5888671875 0.1201171875 0.0947265625
0 0.7041015625 0.90234375 0.134765625 0.1181640625
0 1.0 0.87109375 0.060546875 0.0986328125
0 0.7646484375 0.5625 0.099609375 0.0859375
0 0.8046875 0.3515625 0.216796875 0.1416015625
0 0.3515625 0.51953125 0.2041015625 0.1171875
0 0.7568359375 0.984375 0.0859375 0.1328125
0 0.8349609375 0.58984375 0.0869140625 0.1279296875
0 0.7841796875 0.6875 0.1767578125 0.1103515625
0 0.8125 0.7470703125 0.0859375 0.134765625
0 0.3203125 0.1005859375 0.0703125 0.078125
0 0.1083984375 0.6318359375 0.1083984375 0.3173828125
0 0.12890625 0.5859375 0.126953125 0.07421875
