0 0.384765625 0.9755859375 0.0771484375 0.07421875
0 0.3759765625 0.9228515625 0.1005859375 0.08203125
0 0.42578125 0.986328125 0.0595703125 0.08984375
0 0.2509765625 0.90625 0.083984375 0.111328125
0 0.64453125 0.9365234375 0.1201171875 0.07421875
0 0.6826171875 0.9296875 0.0400390625 0.0830078125
0 0.6416015625 0.9619140625 0.052734375 0.0595703125
0 0.87890625 0.9482421875 0.1318359375 0.0810546875
0 0.0634765625 0.8896484375 0.0634765625 0.072265625
0 0.0712890625 0.5947265625 0.0595703125 0.0869140625
0 0.2333984375 0.658203125 0.11328125 0.0947265625
0 0.2587890625 0.578125 0.0771484375 0.0732421875
0 0.314453125 0.666015625 0.0888671875 0.095703125
0 0.3310546875 0.73046875 0.0712890625 0.078125
0 0.3935546875 0.6025390625 0.068359375 0.064453125
0 0.2958984375 0.4541015625 0.076171875 0.0830078125
0 0.2392578125 0.376953125 0.10546875 0.091796875
0 0.609375 0.6533203125 0.123046875 0.1376953125
0 0.6826171875 0.7255859375 0.103515625 0.1142578125
0 0.7763671875 0.7666015625 0.07421875 0.1357421875
0 0.82421875 0.7880859375 0.0625 0.0537109375
0 0.90234375 0.712890625 0.0986328125 0.0888671875
0 0.9462890625 0.6591796875 0.0771484375 0.068359375
0 0.8271484375 0.6171875 0.08203125 0.0947265625
0 0.7841796875 0.451171875 0.0791015625 0.1103515625
0 0.65234375 0.8701171875 0.083984375 0.060546875
0 0.083984375 0.994140625 0.0791015625 0.0810546875
0 0.4228515625 0.9033203125 0.087890625 0.0927734375
0 0.900390625 0.900390625 0.1328125 0.056640625
0 0.3388671875 0.5888671875 0.05078125 0.0595703125
0 0.0576171875 0.453125 0.044921875 0.048828125
