0 0.2978515625 0.9716796875 0.1171875 0.06640625
0 0.08984375 0.625 0.08984375 0.10546875
0 0.5439453125 0.716796875 0.0986328125 0.0595703125
0 0.51171875 0.9951171875 0.1025390625 0.07421875
0 0.6083984375 0.1865234375 0.0849609375 0.060546875
0 0.712890625 0.267578125 0.0986328125 0.072265625
0 0.552734375 0.2763671875 0.0908203125 0.0498046875
0 0.23046875 0.1728515625 0.0859375 0.0615234375
0 0.271484375 0.67578125 0.0849609375 0.060546875
0 0.69140625 0.060546875 0.072265625 0.060546875
0 0.3310546875 0.1923828125 0.0751953125 0.0595703125
0 0.595703125 0.39453125 0.080078125 0.0498046875
0 0.3330078125 0.1357421875 0.091796875 0.0859375
0 0.123046875 0.068359375 0.08203125 0.0673828125
0 0.58984375 0.4541015625 0.0849609375 0.04296875
0 0.50390625 0.064453125 0.0986328125 0.0439453125
0 1.0 0.2529296875 0.0390625 0.0576171875
0 0.7353515625 0.384765625 0.0771484375 0.0654296875
0 0.9951171875 0.767578125 0.111328125 0.068359375
0 0.2705078125 0.3671875 0.1083984375 0.0625
0 0.4521484375 0.4521484375 0.1005859375 0.0615234375
0 0.974609375 0.994140625 0.076171875 0.0732421875
0 1.0 0.029296875 0.06640625 0.029296875
0 0.20703125 0.9833984375 0.1083984375 0.0517578125
0 1.0 0.3798828125 0.0400390625 0.060546875
0 0.150390625 0.7177734375 0.0859375 0.06640625
0 0.763671875 0.7958984375 0.083984375 0.0380859375
0 0.1474609375 0.943359375 0.09765625 0.046875
0 0.646484375 0.712890625 0.0693359375 0.0478515625
0 0.4697265625 0.7509765625 0.087890625 0.0810546875
0 0.1845703125 0.5146484375 0.1083984375 0.0625
0 0.9453125 0.4287109375 0.1552734375 0.078125
0 0.4375 0.8388671875 0.1650390625 0.046875
0 0.3876953125 0.3828125 0.0390625 0.0859375
0 0.6767578125 0.978515625 0.06640625 0.0771484375
0 0.6845703125 0.470703125 0.0673828125 0.0361328125
0 0.220703125 0.099609375 0.1279296875 0.0361328125
0 0.8076171875 0.30859375 0.11328125 0.1357421875
0 0.1357421875 0.3916015625 0.08984375 0.0400390625
0 0.734375 0.1005859375 0.056640625 0.056640625
0 0.34765625 0.6533203125 0.1015625 0.0625
0 1.0 0.4111328125 0.044921875 0.0458984375
0 0.232421875 0.7314453125 0.11328125 0.068359375
0 0.8251953125 0.3525390625 0.1201171875 0.0634765625
0 0.1392578125 0.26279296875 0.108984375 0.03232421875000002
0 0.5751953125 0.884765625 0.1220703125 0.044921875
0 1.0 0.8544921875 0.076171875 0.0458984375
0 0.13671875 0.4287109375 0.0947265625 0.0341796875
0 0.39453125 0.75 0.048828125 0.04296875
0 0.912109375 0.052734375 0.16796875 0.052734375
0 0.4287109375 0.6611328125 0.0927734375 0.05078125
0 0.51953125 0.37109375 0.0546875 0.03125
0 0.580078125 0.7900390625 0.1103515625 0.0322265625
0 0.89453125 0.787109375 0.142578125 0.0595703125
0 0.2939453125 0.8740234375 0.1513671875 0.033203125
0 0.5205078125 0.0263671875 0.048828125 0.025390625
0 0.7783203125 0.6826171875 0.060546875 0.0205078125
0 1.0 0.31640625 0.0859375 0.0546875
0 0.8310546875 0.259765625 0.083984375 0.0478515625
0 0.4345703125 0.6806640625 0.083984375 0.048828125
0 0.34765625 0.7822265625 0.04296875 0.0283203125
0 0.9638671875 0.5634765625 0.0380859375 0.046875
0 0.4384765625 0.083984375 0.091796875 0.08203125
0 0.8447265625 0.7490234375 0.087890625 0.04296875
0 0.0419921875 0.177734375 0.0419921875 0.041015625
0 0.8935546875 0.70703125 0.09765625 0.06640625
0 0.947265625 0.67578125 0.0771484375 0.03125
0 0.4931640625 0.041015625 0.078125 0.041015625
0 0.2119140625 0.375 0.1748046875 0.0869140625
0 0.169921875 0.4755859375 0.13671875 0.0517578125
0 0.0498046875 0.798828125 0.0498046875 0.0341796875
0 0.0810546875 0.818359375 0.0791015625 0.0205078125
0 0.029296875 0.443359375 0.029296875 0.0380859375
0 0.61328125 0.509765625 0.0615234375 0.0419921875
0 0.908203125 0.7578125 0.0673828125 0.076171875
