0 0.10546875 0.1494140625 0.0888671875 0.09375
0 0.1669921875 0.1728515625 0.1103515625 0.091796875
0 0.30859375 0.091796875 0.0634765625 0.0703125
0 0.4228515625 0.1552734375 0.05859375 0.0732421875
0 0.705078125 0.02734375 0.0673828125 0.02734375
0 1.0 0.0126953125 0.02734375 0.0126953125
0 1.0 0.09375 0.0546875 0.0810546875
0 0.9013671875 0.0673828125 0.0751953125 0.064453125
0 0.80859375 0.1005859375 0.048828125 0.068359375
0 0.9951171875 0.201171875 0.0849609375 0.0732421875
0 0.0478515625 0.2734375 0.0439453125 0.048828125
0 0.1025390625 0.2763671875 0.0517578125 0.064453125
0 0.2802734375 0.279296875 0.0966796875 0.0859375
0 0.3916015625 0.2197265625 0.0625 0.0556640625
0 0.52734375 0.24609375 0.0615234375 0.080078125
0 0.3583984375 0.3935546875 0.060546875 0.1162109375
0 0.294921875 0.3369140625 0.0380859375 0.04296875
0 0.1787109375 0.4248046875 0.0849609375 0.083984375
0 0.181640625 0.3544921875 0.0615234375 0.0458984375
0 0.2724609375 0.4853515625 0.0791015625 0.083984375
0 0.390625 0.486328125 0.0966796875 0.0576171875
0 0.0546875 0.6005859375 0.0546875 0.0634765625
0 0.037109375 0.732421875 0.037109375 0.0908203125
0 0.083984375 0.919921875 0.083984375 0.0673828125
0 0.0966796875 0.833984375 0.0966796875 0.072265625
0 0.294921875 1.0 0.16796875 0.244140625
0 0.404296875 0.78515625 0.0703125 0.076171875
0 0.466796875 0.6962890625 0.0673828125 0.1162109375
0 0.4072265625 0.587890625 0.10546875 0.0732421875
0 0.537109375 0.544921875 0.111328125 0.0810546875
0 0.6201171875 0.47265625 0.06640625 0.107421875
0 0.716796875 0.4169921875 0.091796875 0.0615234375
0 0.8203125 0.46875 0.060546875 0.0849609375
0 0.8642578125 0.5087890625 0.046875 0.0546875
0 0.8603515625 0.5615234375 0.115234375 0.072265625
0 0.677734375 0.6494140625 0.185546875 0.1279296875
0 0.669921875 0.689453125 0.076171875 0.0634765625
0 0.662109375 0.794921875 0.064453125 0.0908203125
0 0.6533203125 1.0 0.087890625 0.072265625
0 0.7900390625 0.9619140625 0.0888671875 0.0712890625
0 0.7890625 0.6787109375 0.0703125 0.0673828125
0 0.724609375 0.62109375 0.060546875 0.0771484375
0 0.841796875 0.759765625 0.056640625 0.095703125
0 0.9150390625 0.814453125 0.0771484375 0.09765625
0 0.9951171875 0.771484375 0.0439453125 0.05859375
0 0.8818359375 0.9951171875 0.0556640625 0.060546875
0 0.431640625 0.390625 0.068359375 0.0546875
0 0.763671875 0.3427734375 0.064453125 0.0458984375
