0 0.0966796875 1.0 0.0966796875 0.044921875
0 0.3369140625 1.0 0.0947265625 0.0556640625
0 0.48828125 1.0 0.109375 0.0478515625
0 0.8291015625 1.0 0.0849609375 0.0595703125
0 0.8251953125 0.8603515625 0.0595703125 0.0888671875
0 0.9365234375 0.72265625 0.07421875 0.091796875
0 0.9912109375 0.265625 0.0673828125 0.0830078125
0 1.0 0.0693359375 0.041015625 0.0595703125
0 0.814453125 0.1689453125 0.06640625 0.0927734375
0 0.8017578125 0.234375 0.0888671875 0.0712890625
0 0.72265625 0.2265625 0.091796875 0.0908203125
0 0.7099609375 0.3564453125 0.0712890625 0.103515625
0 0.7646484375 0.4814453125 0.0859375 0.08984375
0 0.6328125 0.5908203125 0.07421875 0.1474609375
0 0.6982421875 0.6787109375 0.1083984375 0.0771484375
0 0.5498046875 0.568359375 0.068359375 0.0869140625
0 0.4609375 0.5419921875 0.068359375 0.0927734375
0 0.466796875 0.701171875 0.068359375 0.087890625
0 0.359375 0.6533203125 0.087890625 0.109375
0 0.359375 0.4755859375 0.091796875 0.1083984375
0 0.2626953125 0.470703125 0.0712890625 0.080078125
0 0.23828125 0.2744140625 0.087890625 0.076171875
0 0.52734375 0.19921875 0.072265625 0.0830078125
0 0.3388671875 0.1416015625 0.0849609375 0.0791015625
0 0.1455078125 0.43359375 0.080078125 0.1630859375
0 0.076171875 0.5703125 0.0673828125 0.0859375
0 0.1083984375 0.2451171875 0.087890625 0.087890625
0 0.0517578125 0.310546875 0.0517578125 0.1142578125
0 0.0322265625 0.1884765625 0.0322265625 0.0859375
0 0.123046875 0.880859375 0.068359375 0.0888671875
0 0.0966796875 0.7841796875 0.0654296875 0.0712890625
0 0.041015625 0.75 0.041015625 0.0869140625
0 0.8876953125 0.9970703125 0.0693359375 0.0556640625
0 0.107421875 0.7353515625 0.080078125 0.0859375
0 0.6435546875 0.0224609375 0.044921875 0.021484375
0 0.0283203125 0.6083984375 0.0283203125 0.060546875
0 0.9375 0.61328125 0.0517578125 0.0517578125
0 0.8798828125 0.8154296875 0.0947265625 0.095703125
