0 0.435546875 0.892578125 0.134765625 0.220703125
0 1.0 0.4091796875 0.078125 0.2373046875
0 0.9189453125 0.9951171875 0.1708984375 0.275390625
0 0.91796875 0.1728515625 0.126953125 0.1240234375
0 0.3291015625 0.5068359375 0.109375 0.1826171875
0 0.232421875 0.5341796875 0.1025390625 0.2275390625
0 0.8623046875 0.421875 0.1201171875 0.1025390625
0 0.3173828125 0.8369140625 0.1533203125 0.1845703125
0 0.2373046875 0.9267578125 0.1630859375 0.1572265625
0 0.1416015625 0.5126953125 0.1376953125 0.203125
0 0.966796875 0.9990234375 0.11328125 0.171875
0 0.822265625 0.8466796875 0.09765625 0.1171875
0 0.8623046875 0.6787109375 0.126953125 0.130859375
