0 0.9794921875 0.0986328125 0.0986328125 0.0654296875
0 0.7275390625 0.2578125 0.0595703125 0.078125
0 0.7392578125 0.447265625 0.083984375 0.0361328125
0 1.0 0.37109375 0.048828125 0.0498046875
0 0.890625 0.5283203125 0.05078125 0.0458984375
0 0.8837890625 0.4599609375 0.0322265625 0.0380859375
0 0.7998046875 0.28515625 0.0380859375 0.03515625
0 0.640625 0.2802734375 0.0849609375 0.0478515625
0 0.57421875 0.26953125 0.0693359375 0.0517578125
0 0.4951171875 0.2666015625 0.1298828125 0.060546875
0 0.4091796875 0.1962890625 0.0419921875 0.0283203125
0 0.369140625 0.166015625 0.0859375 0.029296875
0 0.23046875 0.1591796875 0.0439453125 0.0458984375
0 0.5849609375 0.4013671875 0.0498046875 0.0498046875
0 0.5810546875 0.4462890625 0.0947265625 0.0556640625
0 0.5048828125 0.43359375 0.0556640625 0.0322265625
0 0.458984375 0.482421875 0.0751953125 0.0478515625
0 0.4365234375 0.4462890625 0.056640625 0.044921875
0 0.4150390625 0.4111328125 0.0703125 0.0458984375
0 0.326171875 0.390625 0.0576171875 0.03125
0 0.14453125 0.3681640625 0.0634765625 0.041015625
0 0.2080078125 0.4677734375 0.0986328125 0.0478515625
0 0.0546875 0.2666015625 0.0546875 0.037109375
0 0.0751953125 0.369140625 0.0751953125 0.056640625
0 0.0869140625 0.3037109375 0.0869140625 0.0361328125
0 0.146484375 0.7373046875 0.1435546875 0.0546875
0 0.2158203125 0.787109375 0.072265625 0.041015625
0 0.291015625 0.7978515625 0.0498046875 0.0380859375
0 0.3896484375 0.7275390625 0.041015625 0.0400390625
0 0.3974609375 0.7958984375 0.048828125 0.0341796875
0 0.4599609375 0.796875 0.056640625 0.0341796875
0 0.525390625 0.7412109375 0.0556640625 0.0458984375
0 0.7451171875 0.7939453125 0.0595703125 0.037109375
0 0.7578125 0.7998046875 0.048828125 0.0478515625
0 0.2880859375 0.9912109375 0.0791015625 0.0625
0 0.146484375 0.984375 0.10546875 0.04296875
0 0.29296875 0.8515625 0.068359375 0.03125
0 0.1728515625 0.8486328125 0.0615234375 0.0361328125
0 0.486328125 0.9072265625 0.041015625 0.0361328125
0 0.8876953125 0.85546875 0.1005859375 0.0615234375
0 0.8232421875 0.88671875 0.0390625 0.05859375
0 1.0 0.8720703125 0.046875 0.03125
0 1.0 0.8291015625 0.0478515625 0.0400390625
0 0.1005859375 0.0556640625 0.0859375 0.0458984375
0 0.79296875 0.0625 0.060546875 0.0390625
