0 0.5712890625 0.0908203125 0.126953125 0.08203125
0 0.6611328125 0.2109375 0.08984375 0.0908203125
0 0.8466796875 0.583984375 0.080078125 0.0927734375
0 1.0 0.90234375 0.10546875 0.11328125
0 0.912109375 0.759765625 0.115234375 0.1025390625
0 0.814453125 0.15625 0.0966796875 0.08203125
0 0.9013671875 0.1748046875 0.09375 0.0791015625
0 0.7119140625 0.8515625 0.0869140625 0.099609375
0 0.3232421875 0.9501953125 0.1123046875 0.203125
0 0.6318359375 0.119140625 0.0869140625 0.08203125
0 0.8173828125 0.76953125 0.078125 0.0771484375
0 0.869140625 0.876953125 0.0625 0.0849609375
0 0.76953125 0.94921875 0.0849609375 0.0869140625
