0 0.08203125 0.1748046875 0.072265625 0.087890625
0 0.2978515625 0.095703125 0.0849609375 0.0703125
0 0.54296875 0.0537109375 0.1025390625 0.0537109375
0 0.1064453125 0.36328125 0.1064453125 0.11328125
0 0.2333984375 0.4033203125 0.0654296875 0.0625
0 0.2998046875 0.4765625 0.0625 0.0751953125
0 0.443359375 0.517578125 0.0859375 0.0859375
0 0.4169921875 0.3505859375 0.068359375 0.0810546875
0 0.4599609375 0.3291015625 0.0537109375 0.0712890625
0 0.5166015625 0.2861328125 0.0888671875 0.1376953125
0 0.548828125 0.33984375 0.0673828125 0.0625
0 0.60546875 0.4189453125 0.0751953125 0.0859375
0 0.607421875 0.544921875 0.0732421875 0.0771484375
0 0.58984375 0.6494140625 0.0908203125 0.1025390625
0 0.310546875 0.69921875 0.1162109375 0.1083984375
0 0.3056640625 0.7666015625 0.08203125 0.0771484375
0 0.626953125 0.7685546875 0.095703125 0.0712890625
0 0.1982421875 0.927734375 0.091796875 0.06640625
0 0.2412109375 1.0 0.12890625 0.07421875
0 0.36328125 0.9755859375 0.0810546875 0.0791015625
0 0.4599609375 0.9853515625 0.078125 0.0615234375
0 0.560546875 1.0 0.07421875 0.0419921875
0 0.76953125 0.9150390625 0.11328125 0.08984375
0 0.7802734375 1.0 0.1171875 0.0458984375
0 0.8486328125 0.974609375 0.07421875 0.09765625
0 0.912109375 0.9755859375 0.0615234375 0.08203125
0 1.0 0.908203125 0.068359375 0.08984375
0 1.0 0.7060546875 0.076171875 0.111328125
0 0.986328125 0.568359375 0.0849609375 0.0771484375
0 0.970703125 0.4501953125 0.0712890625 0.06640625
0 0.845703125 0.404296875 0.08203125 0.0595703125
0 0.953125 0.3466796875 0.080078125 0.0595703125
0 0.8291015625 0.0673828125 0.078125 0.0546875
0 0.865234375 0.2822265625 0.0654296875 0.064453125
0 0.0478515625 0.482421875 0.0478515625 0.078125
0 0.787109375 0.9677734375 0.0634765625 0.0947265625
0 0.5673828125 0.1806640625 0.0712890625 0.0849609375
0 0.353515625 0.4697265625 0.078125 0.08203125
0 0.642578125 0.455078125 0.03515625 0.0517578125
0 0.88671875 0.4541015625 0.064453125 0.0478515625
0 0.9794921875 0.384765625 0.0654296875 0.05859375
0 0.3017578125 0.0390625 0.072265625 0.0390625
0 1.0 0.853515625 0.060546875 0.091796875
