0 1.0 0.1875 0.078125 0.177734375
0 0.9736328125 0.298828125 0.2138671875 0.1767578125
0 0.990234375 0.3798828125 0.15234375 0.107421875
0 0.1650390625 0.0966796875 0.068359375 0.087890625
0 0.0732421875 0.078125 0.0654296875 0.078125
0 0.4296875 0.2626953125 0.078125 0.109375
0 0.55859375 0.375 0.0869140625 0.150390625
0 0.6591796875 0.3798828125 0.0771484375 0.078125
0 0.7119140625 0.310546875 0.115234375 0.0859375
0 0.615234375 0.150390625 0.083984375 0.1181640625
0 0.7333984375 0.0634765625 0.1328125 0.0634765625
0 0.7568359375 0.2724609375 0.109375 0.197265625
0 0.5869140625 0.6005859375 0.0947265625 0.1484375
0 0.6708984375 0.669921875 0.09375 0.23046875
0 0.8671875 0.7236328125 0.1083984375 0.2041015625
0 0.412109375 0.5625 0.0673828125 0.1708984375
0 0.30859375 0.640625 0.0712890625 0.150390625
0 0.3544921875 0.7998046875 0.0673828125 0.103515625
0 0.2060546875 0.7568359375 0.072265625 0.0810546875
0 0.0947265625 0.5576171875 0.0673828125 0.1630859375
0 0.173828125 0.2158203125 0.0615234375 0.0615234375
0 0.2421875 0.412109375 0.068359375 0.2490234375
0 0.294921875 0.3642578125 0.0625 0.1767578125
0 0.6884765625 0.982421875 0.150390625 0.2490234375
0 0.65625 0.814453125 0.060546875 0.087890625
0 0.525390625 0.923828125 0.103515625 0.2587890625
0 0.3974609375 0.6884765625 0.048828125 0.052734375
0 0.158203125 0.796875 0.064453125 0.060546875
0 0.1025390625 0.83203125 0.1025390625 0.185546875
0 0.095703125 0.87109375 0.095703125 0.0576171875
0 0.2275390625 1.0 0.1025390625 0.107421875
0 0.8583984375 0.9921875 0.0634765625 0.259765625
0 1.0 0.9697265625 0.0966796875 0.2255859375
0 1.0 0.9130859375 0.0498046875 0.05859375
0 0.599609375 0.0322265625 0.0712890625 0.0322265625
0 0.55859375 1.0 0.169921875 0.064453125
