0 0.5029296875 0.439453125 0.072265625 0.08203125
0 0.3349609375 0.3916015625 0.076171875 0.0498046875
0 0.2744140625 0.3603515625 0.107421875 0.0537109375
0 0.294921875 0.3193359375 0.1103515625 0.078125
0 0.2763671875 0.2578125 0.13671875 0.099609375
0 0.3173828125 0.240234375 0.05859375 0.0712890625
0 0.3837890625 0.1689453125 0.1328125 0.1171875
0 0.2109375 0.1318359375 0.107421875 0.0859375
0 0.0947265625 0.115234375 0.0947265625 0.0654296875
0 0.052734375 0.0478515625 0.052734375 0.0341796875
0 0.09375 0.283203125 0.078125 0.0634765625
0 0.080078125 0.3447265625 0.0673828125 0.0546875
0 0.123046875 0.4423828125 0.123046875 0.0888671875
0 0.1650390625 0.4951171875 0.0771484375 0.05859375
0 0.1640625 0.662109375 0.0849609375 0.1298828125
0 0.3232421875 0.5234375 0.2158203125 0.060546875
0 0.3388671875 0.615234375 0.0771484375 0.0673828125
0 0.4072265625 0.5703125 0.056640625 0.06640625
0 0.4921875 0.6650390625 0.08984375 0.080078125
0 0.52734375 0.615234375 0.1123046875 0.1455078125
0 0.421875 0.458984375 0.0595703125 0.0830078125
0 0.7197265625 0.556640625 0.107421875 0.087890625
0 0.724609375 0.3056640625 0.0732421875 0.12109375
0 0.7763671875 0.279296875 0.0673828125 0.0703125
0 0.634765625 0.158203125 0.0615234375 0.0673828125
0 0.6494140625 0.08203125 0.0732421875 0.0634765625
0 0.5556640625 0.056640625 0.0517578125 0.056640625
0 0.880859375 0.0869140625 0.056640625 0.05078125
0 0.83203125 0.068359375 0.0927734375 0.068359375
0 0.9423828125 0.2138671875 0.1044921875 0.08203125
0 1.0 0.1318359375 0.0302734375 0.052734375
0 0.9638671875 0.12109375 0.05859375 0.0478515625
0 0.998046875 0.3115234375 0.052734375 0.0576171875
0 1.0 0.2509765625 0.037109375 0.083984375
0 1.0 0.55078125 0.0537109375 0.119140625
0 1.0 0.736328125 0.1005859375 0.1083984375
0 0.87109375 0.7734375 0.107421875 0.068359375
0 0.796875 0.701171875 0.0830078125 0.0625
0 0.505859375 0.7763671875 0.072265625 0.0625
0 0.318359375 0.8173828125 0.068359375 0.091796875
0 0.458984375 0.873046875 0.080078125 0.0966796875
0 0.10546875 0.9775390625 0.10546875 0.0703125
0 0.162109375 1.0 0.0751953125 0.0546875
0 0.7529296875 0.939453125 0.0634765625 0.064453125
0 0.8408203125 0.890625 0.0751953125 0.0693359375
0 0.8642578125 0.97265625 0.0615234375 0.060546875
0 0.9462890625 0.9306640625 0.0498046875 0.0693359375
0 1.0 0.962890625 0.0283203125 0.1181640625
0 0.2041015625 0.4130859375 0.0849609375 0.0888671875
0 0.388671875 0.390625 0.0634765625 0.0703125
0 0.4912109375 0.9091796875 0.1015625 0.126953125
0 0.947265625 0.8837890625 0.0712890625 0.0439453125
0 1.0 0.75 0.107421875 0.1181640625
