0 0.3271484375 0.1396484375 0.1279296875 0.052734375
0 0.1298828125 0.2890625 0.1103515625 0.056640625
0 0.90234375 0.875 0.1728515625 0.1103515625
0 0.14453125 0.427734375 0.1201171875 0.0703125
0 0.0625 0.796875 0.0625 0.14453125
0 0.5693359375 0.64453125 0.1474609375 0.0927734375
0 0.1767578125 0.771484375 0.0673828125 0.08984375
0 0.45703125 0.6298828125 0.125 0.1005859375
0 0.2021484375 0.419921875 0.0771484375 0.060546875
0 0.546875 0.990234375 0.1767578125 0.126953125
0 0.33203125 0.8720703125 0.15234375 0.134765625
0 0.3173828125 0.58984375 0.1279296875 0.087890625
0 0.869140625 0.1171875 0.0849609375 0.1171875
0 0.7138671875 0.8095703125 0.0927734375 0.0576171875
0 0.314453125 0.26953125 0.1845703125 0.0595703125
0 0.482421875 0.169921875 0.142578125 0.123046875
0 0.0546875 0.08203125 0.0546875 0.08203125
0 0.77734375 0.734375 0.1201171875 0.0947265625
0 0.5048828125 0.037109375 0.150390625 0.037109375
0 0.83203125 0.7119140625 0.1123046875 0.142578125
0 0.193359375 0.9501953125 0.072265625 0.140625
0 0.310546875 0.091796875 0.14453125 0.091796875
0 0.8798828125 0.537109375 0.107421875 0.09765625
0 0.8515625 0.419921875 0.0869140625 0.060546875
0 0.8798828125 0.1982421875 0.232421875 0.0703125
0 1.0 0.998046875 0.169921875 0.0849609375
0 0.33984375 0.1767578125 0.0830078125 0.046875
0 1.0 0.201171875 0.1103515625 0.072265625
0 0.8994140625 0.2568359375 0.0927734375 0.115234375
0 0.3466796875 0.966796875 0.1025390625 0.0849609375
0 0.46484375 0.5595703125 0.275390625 0.1298828125
0 1.0 0.509765625 0.11328125 0.060546875
0 0.9541015625 0.4267578125 0.1298828125 0.0673828125
0 0.912109375 0.607421875 0.0927734375 0.0400390625
0 0.994140625 0.6669921875 0.1474609375 0.0673828125
0 0.1220703125 1.0 0.107421875 0.1025390625
0 0.5673828125 0.474609375 0.3857421875 0.1552734375
0 0.947265625 0.7265625 0.0830078125 0.0673828125
0 0.1025390625 0.123046875 0.0673828125 0.060546875
0 0.3994140625 0.7724609375 0.162109375 0.0458984375
0 0.091796875 0.001953125 0.0625 0.001953125
0 0.9970703125 0.369140625 0.08984375 0.07421875
0 0.8642578125 0.484375 0.109375 0.072265625
0 0.13671875 0.08984375 0.072265625 0.08984375
0 0.9970703125 0.7919921875 0.099609375 0.0654296875
0 1.0 0.5849609375 0.0556640625 0.0576171875
0 0.26171875 0.8916015625 0.0869140625 0.0771484375
0 0.3896484375 0.375 0.1005859375 0.0478515625
0 0.876953125 0.189453125 0.1328125 0.0546875
0 0.7822265625 0.7392578125 0.10546875 0.0751953125
0 0.89453125 0.75 0.0654296875 0.078125
0 1.0 0.69921875 0.0556640625 0.091796875
0 0.8193359375 1.0 0.109375 0.068359375
0 1.0 0.9443359375 0.177734375 0.0751953125
0 1.0 0.478515625 0.0546875 0.16015625
0 0.3173828125 0.974609375 0.0625 0.052734375
0 0.306640625 0.814453125 0.0771484375 0.0751953125
0 0.3271484375 0.2919921875 0.1455078125 0.0771484375
0 0.4892578125 0.3720703125 0.1298828125 0.0595703125
0 0.5693359375 0.3623046875 0.0927734375 0.03515625
0 0.3291015625 0.5625 0.08203125 0.05078125
0 0.33203125 0.529296875 0.125 0.109375
0 0.5068359375 0.0693359375 0.1318359375 0.052734375
