0 0.572265625 0.162109375 0.1376953125 0.0849609375
0 0.119140625 0.25 0.1171875 0.0751953125
0 0.634765625 0.0224609375 0.1103515625 0.0224609375
0 0.564453125 0.4873046875 0.115234375 0.0625
0 0.96484375 0.14453125 0.0927734375 0.107421875
0 0.197265625 0.4248046875 0.0927734375 0.095703125
0 0.1171875 0.5166015625 0.09765625 0.07421875
0 0.9169921875 0.671875 0.0849609375 0.1025390625
0 0.9267578125 0.4072265625 0.072265625 0.0830078125
0 0.0771484375 0.884765625 0.0751953125 0.15234375
0 0.3125 0.69921875 0.0732421875 0.1396484375
0 0.4248046875 0.9267578125 0.115234375 0.091796875
0 0.8193359375 0.12890625 0.0732421875 0.0673828125
0 1.0 0.9970703125 0.0458984375 0.177734375
0 1.0 0.1494140625 0.0458984375 0.080078125
0 0.9931640625 0.8203125 0.10546875 0.107421875
0 0.5068359375 0.662109375 0.142578125 0.0771484375
0 0.1943359375 0.037109375 0.09765625 0.037109375
0 0.412109375 0.439453125 0.0830078125 0.0673828125
0 0.216796875 0.1845703125 0.0693359375 0.0751953125
0 0.4345703125 0.2998046875 0.0849609375 0.0625
0 0.9794921875 0.51171875 0.072265625 0.072265625
0 0.8974609375 0.8466796875 0.0703125 0.0673828125
0 0.2421875 1.0 0.0771484375 0.1279296875
0 0.38671875 0.3916015625 0.08203125 0.07421875
0 0.3046875 0.3896484375 0.0947265625 0.08984375
0 0.4404296875 0.9990234375 0.0390625 0.037109375
0 0.2724609375 0.91796875 0.0478515625 0.154296875
