0 0.978515625 0.8388671875 0.107421875 0.1005859375
0 0.0771484375 0.4345703125 0.0771484375 0.08984375
0 0.7265625 0.9990234375 0.1494140625 0.0439453125
0 0.046875 0.3310546875 0.046875 0.0869140625
0 0.9296875 0.57421875 0.169921875 0.1298828125
0 0.6240234375 0.7109375 0.25 0.150390625
0 0.83984375 0.7470703125 0.220703125 0.099609375
0 0.509765625 0.8876953125 0.1298828125 0.0927734375
0 0.3994140625 0.9072265625 0.1796875 0.1376953125
0 0.2490234375 0.22265625 0.1083984375 0.08203125
0 0.3193359375 0.359375 0.0947265625 0.107421875
0 0.2685546875 0.5859375 0.1474609375 0.13671875
0 0.8193359375 0.2529296875 0.22265625 0.2333984375
0 0.18359375 0.5380859375 0.095703125 0.126953125
0 0.244140625 0.89453125 0.0947265625 0.10546875
0 0.1845703125 0.0771484375 0.134765625 0.0751953125
0 0.8271484375 0.2412109375 0.16015625 0.0625
0 0.220703125 0.3505859375 0.1337890625 0.138671875
0 0.384765625 0.0595703125 0.078125 0.0576171875
0 0.9580078125 0.138671875 0.189453125 0.1357421875
0 0.7802734375 0.1240234375 0.1552734375 0.1220703125
