0 0.671875 0.478515625 0.078125 0.111328125
0 0.5751953125 0.51953125 0.0771484375 0.087890625
0 0.720703125 0.5517578125 0.06640625 0.0869140625
0 1.0 0.6064453125 0.0546875 0.0712890625
0 0.6357421875 0.1826171875 0.083984375 0.09375
0 0.78125 0.255859375 0.0791015625 0.078125
0 0.1484375 0.41015625 0.0986328125 0.126953125
0 0.6689453125 0.58984375 0.0458984375 0.07421875
0 0.837890625 0.5703125 0.05859375 0.080078125
0 0.9892578125 0.5146484375 0.0634765625 0.07421875
0 0.4345703125 0.3115234375 0.072265625 0.0888671875
0 0.8876953125 0.36328125 0.06640625 0.06640625
0 0.1904296875 0.5546875 0.0791015625 0.0830078125
0 0.6298828125 0.650390625 0.076171875 0.0498046875
0 0.986328125 0.8447265625 0.0732421875 0.0654296875
0 0.2265625 0.265625 0.06640625 0.080078125
0 1.0 0.1396484375 0.0361328125 0.0537109375
0 0.53125 0.5849609375 0.080078125 0.0556640625
0 0.455078125 0.9111328125 0.0859375 0.0732421875
0 0.9140625 0.5849609375 0.0634765625 0.068359375
0 0.7392578125 0.875 0.0556640625 0.0888671875
0 0.4736328125 0.416015625 0.1484375 0.1005859375
0 0.1533203125 0.5703125 0.1005859375 0.1025390625
0 0.1484375 0.228515625 0.0693359375 0.080078125
0 0.904296875 0.6201171875 0.048828125 0.0595703125
0 0.767578125 0.4931640625 0.076171875 0.1416015625
0 0.9619140625 0.3291015625 0.0615234375 0.080078125
0 1.0 0.326171875 0.0693359375 0.083984375
0 0.244140625 0.08203125 0.1142578125 0.0791015625
0 0.51953125 0.833984375 0.05859375 0.0546875
0 0.2939453125 0.90625 0.083984375 0.0546875
0 0.0771484375 0.8798828125 0.07421875 0.0693359375
0 0.4033203125 0.21484375 0.091796875 0.1123046875
0 0.705078125 0.267578125 0.0859375 0.0537109375
0 0.6259765625 0.947265625 0.0703125 0.0458984375
0 0.818359375 0.19140625 0.0830078125 0.1279296875
0 0.1455078125 0.4716796875 0.08984375 0.05859375
0 0.7099609375 0.0439453125 0.033203125 0.0439453125
0 0.7861328125 0.7783203125 0.0693359375 0.04296875
0 1.0 0.1787109375 0.0322265625 0.046875
0 0.677734375 1.0 0.0703125 0.0341796875
0 0.3671875 0.455078125 0.044921875 0.091796875
0 0.8701171875 0.861328125 0.0625 0.0537109375
0 0.2373046875 0.171875 0.09375 0.1201171875
0 0.8046875 0.9833984375 0.05859375 0.048828125
0 0.26953125 0.1787109375 0.0712890625 0.1181640625
0 0.521484375 0.974609375 0.0830078125 0.0537109375
0 0.8642578125 0.935546875 0.0498046875 0.068359375
0 0.2587890625 0.935546875 0.0810546875 0.04296875
0 0.9736328125 0.234375 0.0673828125 0.060546875
0 0.962890625 0.3466796875 0.0654296875 0.0380859375
0 0.4912109375 0.6552734375 0.0556640625 0.056640625
0 0.345703125 0.5751953125 0.052734375 0.05859375
0 0.2255859375 0.892578125 0.0732421875 0.04296875
0 0.4072265625 0.9052734375 0.078125 0.0537109375
0 0.4814453125 0.712890625 0.0576171875 0.05859375
0 0.2958984375 0.2392578125 0.087890625 0.0634765625
0 0.9091796875 0.23828125 0.1025390625 0.08203125
0 0.2236328125 0.28125 0.064453125 0.052734375
0 0.3369140625 0.15234375 0.09375 0.0869140625
0 0.220703125 0.67578125 0.0546875 0.0625
0 0.3759765625 0.248046875 0.109375 0.046875
0 1.0 0.814453125 0.03515625 0.1201171875
0 0.373046875 0.64453125 0.0712890625 0.0419921875
0 1.0 0.8974609375 0.0185546875 0.0419921875
0 0.7666015625 0.0224609375 0.046875 0.0224609375
0 0.3798828125 0.8662109375 0.05859375 0.05859375
0 0.0791015625 0.0849609375 0.076171875 0.0537109375
0 0.11328125 0.4970703125 0.05859375 0.052734375
0 0.4794921875 0.5087890625 0.0908203125 0.0546875
0 0.4453125 0.5361328125 0.068359375 0.109375
0 0.869140625 0.8369140625 0.05078125 0.0439453125
0 0.1337890625 0.9365234375 0.1171875 0.046875
0 0.3544921875 0.8232421875 0.056640625 0.0400390625
0 0.0185546875 0.5966796875 0.0166015625 0.02734375
0 0.0263671875 0.1484375 0.0263671875 0.0478515625
0 0.2158203125 0.03515625 0.0693359375 0.03515625
0 0.7490234375 0.107421875 0.0458984375 0.0478515625
