0 0.9091796875 0.5224609375 0.2021484375 0.11328125
0 0.8095703125 0.3125 0.1474609375 0.0751953125
0 0.6142578125 0.697265625 0.109375 0.0927734375
0 0.1962890625 0.703125 0.1640625 0.2001953125
0 0.6845703125 0.1171875 0.1103515625 0.0947265625
0 1.0 0.8515625 0.123046875 0.126953125
0 0.5517578125 0.2890625 0.126953125 0.064453125
0 0.08984375 0.376953125 0.08984375 0.1103515625
0 0.1298828125 1.0 0.107421875 0.158203125
0 0.4541015625 0.8095703125 0.1416015625 0.162109375
0 0.072265625 0.099609375 0.072265625 0.099609375
0 0.6123046875 0.1669921875 0.1552734375 0.0927734375
0 0.4765625 0.5419921875 0.15234375 0.1328125
0 0.6572265625 0.8544921875 0.1103515625 0.142578125
0 0.0322265625 0.58203125 0.0322265625 0.125
0 0.7724609375 0.072265625 0.1201171875 0.072265625
0 0.8447265625 0.1875 0.16015625 0.0625
0 0.2216796875 0.447265625 0.109375 0.1201171875
0 0.0458984375 1.0 0.0458984375 0.1953125
0 0.0947265625 0.796875 0.0751953125 0.1328125
0 0.134765625 0.7373046875 0.134765625 0.1279296875
0 0.5546875 0.2294921875 0.107421875 0.0673828125
0 0.841796875 0.1396484375 0.154296875 0.0849609375
0 0.4970703125 0.8994140625 0.1328125 0.0771484375
0 0.474609375 0.6875 0.10546875 0.2255859375
0 0.1474609375 0.4248046875 0.1083984375 0.0830078125
0 0.099609375 0.1767578125 0.099609375 0.1171875
0 0.6142578125 0.861328125 0.15234375 0.13671875
0 0.552734375 0.931640625 0.1357421875 0.169921875
0 0.6064453125 0.92578125 0.076171875 0.0908203125
0 0.6171875 1.0 0.1201171875 0.0830078125
0 1.0 0.9541015625 0.1279296875 0.126953125
0 0.947265625 1.0 0.115234375 0.0908203125
0 1.0 0.6357421875 0.0927734375 0.091796875
0 0.6416015625 0.2197265625 0.1396484375 0.072265625
