0 0.625 0.0751953125 0.04296875 0.05859375
0 0.8125 0.1044921875 0.1181640625 0.05859375
0 0.9501953125 0.0947265625 0.1083984375 0.0517578125
0 1.0 0.0361328125 0.068359375 0.0361328125
0 0.181640625 0.0576171875 0.0908203125 0.0537109375
0 0.1962890625 0.1708984375 0.07421875 0.107421875
0 0.0625 0.0341796875 0.0625 0.0341796875
0 0.5126953125 0.189453125 0.072265625 0.046875
0 0.65234375 0.16796875 0.0576171875 0.0546875
0 0.73046875 0.2041015625 0.04296875 0.03515625
0 0.6923828125 0.375 0.064453125 0.09375
0 0.7216796875 0.37109375 0.0517578125 0.0986328125
0 0.8818359375 0.2685546875 0.068359375 0.0576171875
0 0.919921875 0.328125 0.078125 0.044921875
0 0.900390625 0.4111328125 0.0546875 0.0478515625
0 0.998046875 0.5009765625 0.060546875 0.0986328125
0 0.9189453125 0.57421875 0.068359375 0.1005859375
0 0.8486328125 0.5185546875 0.0556640625 0.0732421875
0 0.9072265625 0.8193359375 0.056640625 0.130859375
0 0.8359375 0.8525390625 0.0576171875 0.1044921875
0 0.7412109375 0.8193359375 0.0625 0.0595703125
0 0.3349609375 0.716796875 0.111328125 0.0458984375
0 0.2373046875 0.8525390625 0.0625 0.087890625
0 0.24609375 0.9599609375 0.1015625 0.0888671875
0 0.126953125 0.9208984375 0.1201171875 0.04296875
0 0.150390625 0.802734375 0.08984375 0.091796875
0 0.3759765625 0.6083984375 0.11328125 0.072265625
0 0.4677734375 0.6220703125 0.0654296875 0.072265625
0 0.6982421875 0.5810546875 0.0654296875 0.078125
0 0.5439453125 0.5859375 0.0625 0.076171875
0 0.1201171875 0.611328125 0.0712890625 0.0546875
0 0.1376953125 0.6533203125 0.0595703125 0.0458984375
0 0.2578125 0.634765625 0.076171875 0.0595703125
0 0.064453125 0.59375 0.064453125 0.0537109375
0 0.26953125 0.5048828125 0.0751953125 0.0625
0 0.251953125 0.4267578125 0.078125 0.064453125
0 0.3974609375 0.43359375 0.0673828125 0.068359375
0 0.5849609375 0.3544921875 0.0751953125 0.064453125
0 0.501953125 0.4189453125 0.056640625 0.0732421875
0 0.427734375 0.3662109375 0.052734375 0.041015625
0 0.705078125 0.5048828125 0.1044921875 0.1005859375
0 0.759765625 0.4775390625 0.0654296875 0.0517578125
0 0.361328125 0.5234375 0.0595703125 0.068359375
0 0.486328125 0.4970703125 0.1044921875 0.0546875
0 0.5625 0.48828125 0.0712890625 0.0634765625
0 0.1005859375 0.2265625 0.1005859375 0.0673828125
0 0.435546875 0.208984375 0.0810546875 0.0615234375
0 0.44921875 0.2568359375 0.05859375 0.060546875
0 0.533203125 0.2646484375 0.0556640625 0.0576171875
0 0.39453125 0.283203125 0.0791015625 0.0537109375
0 0.3203125 0.3857421875 0.0634765625 0.0771484375
0 0.26953125 0.2841796875 0.0849609375 0.0595703125
0 0.1357421875 0.2890625 0.06640625 0.0517578125
0 0.1591796875 0.423828125 0.0693359375 0.0859375
0 0.1015625 0.474609375 0.1015625 0.0966796875
0 0.06640625 0.3984375 0.06640625 0.0673828125
0 0.0537109375 0.3251953125 0.0537109375 0.0869140625
0 0.8349609375 1.0 0.0341796875 0.05078125
0 0.98046875 0.37890625 0.0693359375 0.04296875
