0 1.0 0.1474609375 0.08203125 0.091796875
0 0.759765625 0.51171875 0.1181640625 0.072265625
0 0.9169921875 0.154296875 0.099609375 0.0849609375
0 0.744140625 0.8544921875 0.1123046875 0.08203125
0 0.7294921875 0.6767578125 0.0927734375 0.0546875
0 0.71484375 0.4091796875 0.08984375 0.126953125
0 0.2177734375 1.0 0.08984375 0.0693359375
0 0.3798828125 0.96484375 0.0751953125 0.0849609375
0 0.140625 0.388671875 0.046875 0.0615234375
0 0.6279296875 0.185546875 0.0654296875 0.12109375
0 0.5166015625 0.2607421875 0.0771484375 0.1220703125
0 0.8671875 0.90234375 0.1572265625 0.05859375
0 0.625 0.3720703125 0.0830078125 0.0751953125
0 0.1494140625 0.58984375 0.072265625 0.0654296875
0 0.484375 0.1171875 0.072265625 0.1005859375
0 0.4267578125 0.224609375 0.0751953125 0.083984375
0 0.654296875 0.982421875 0.1318359375 0.11328125
0 0.4755859375 0.7802734375 0.0791015625 0.0537109375
0 0.9921875 0.83984375 0.115234375 0.0556640625
0 0.0341796875 0.421875 0.0341796875 0.0947265625
0 0.9609375 0.9521484375 0.0830078125 0.0654296875
0 0.5224609375 0.5947265625 0.0732421875 0.0703125
0 0.859375 0.9619140625 0.14453125 0.0625
0 0.609375 0.30078125 0.0537109375 0.06640625
0 0.0908203125 0.24609375 0.0791015625 0.0859375
0 0.0849609375 0.33203125 0.0830078125 0.0673828125
0 0.08203125 0.384765625 0.0595703125 0.0556640625
0 0.77734375 0.3818359375 0.08984375 0.0751953125
0 0.1171875 0.26171875 0.078125 0.076171875
0 0.67578125 0.1875 0.0888671875 0.1298828125
0 0.1826171875 0.4052734375 0.080078125 0.0869140625
