0 0.3916015625 0.359375 0.091796875 0.107421875
0 0.3017578125 0.7470703125 0.0869140625 0.0751953125
0 0.19921875 0.919921875 0.08984375 0.0625
0 0.1142578125 0.2158203125 0.11328125 0.0859375
0 0.46484375 0.939453125 0.078125 0.0576171875
0 0.169921875 0.64453125 0.087890625 0.0771484375
0 0.6298828125 0.689453125 0.1279296875 0.0703125
0 0.197265625 0.8369140625 0.140625 0.0751953125
0 0.0595703125 0.6845703125 0.0595703125 0.0751953125
0 0.8974609375 0.6572265625 0.1328125 0.0625
0 0.1318359375 1.0 0.1123046875 0.0400390625
0 0.3095703125 0.6474609375 0.107421875 0.0654296875
0 0.009765625 0.13671875 0.009765625 0.0947265625
0 0.0625 0.5595703125 0.0625 0.080078125
0 0.0693359375 0.95703125 0.0693359375 0.0771484375
0 0.4443359375 0.57421875 0.0673828125 0.0625
0 0.6318359375 0.9072265625 0.115234375 0.078125
0 0.8095703125 0.4091796875 0.107421875 0.0693359375
0 0.2373046875 0.3671875 0.107421875 0.072265625
0 0.6875 0.1142578125 0.17578125 0.080078125
0 0.32421875 0.89453125 0.0869140625 0.0771484375
0 0.7265625 0.4296875 0.162109375 0.1201171875
0 0.75 0.76171875 0.123046875 0.0693359375
0 0.7470703125 0.5419921875 0.1455078125 0.0703125
0 0.2646484375 0.234375 0.1123046875 0.09765625
0 0.7197265625 0.7041015625 0.09765625 0.072265625
0 0.544921875 1.0 0.1181640625 0.04296875
0 0.7724609375 0.599609375 0.1201171875 0.060546875
0 0.0693359375 0.146484375 0.0693359375 0.109375
0 0.8349609375 0.5595703125 0.130859375 0.0625
0 0.15234375 0.419921875 0.10546875 0.0830078125
0 0.7392578125 0.9267578125 0.1396484375 0.0576171875
0 0.1640625 0.4541015625 0.1015625 0.07421875
0 0.6494140625 0.4873046875 0.1220703125 0.0673828125
0 0.279296875 0.2666015625 0.1044921875 0.0625
0 0.0693359375 0.9169921875 0.0693359375 0.0849609375
0 0.107421875 0.1318359375 0.0634765625 0.1318359375
0 0.3623046875 0.2041015625 0.0732421875 0.0595703125
0 0.6416015625 0.404296875 0.07421875 0.0576171875
0 0.6845703125 0.38671875 0.0830078125 0.0869140625
0 0.9931640625 0.3505859375 0.099609375 0.0693359375
0 0.1630859375 0.1083984375 0.07421875 0.107421875
