0 0.0576171875 0.6640625 0.0576171875 0.0830078125
0 0.0703125 0.7958984375 0.0673828125 0.0908203125
0 0.11328125 0.8544921875 0.11328125 0.0703125
0 0.2451171875 0.81640625 0.1171875 0.052734375
0 0.05859375 1.0 0.05859375 0.0224609375
0 0.0439453125 0.904296875 0.0439453125 0.0517578125
0 0.1318359375 0.96484375 0.0556640625 0.087890625
0 0.1767578125 1.0 0.0634765625 0.06640625
0 0.0654296875 0.9736328125 0.0654296875 0.0634765625
0 0.783203125 1.0 0.1298828125 0.1123046875
0 0.65625 1.0 0.19140625 0.095703125
0 0.6123046875 0.8876953125 0.0908203125 0.09375
0 0.46875 0.919921875 0.0703125 0.0771484375
0 0.3271484375 0.974609375 0.140625 0.095703125
0 0.3046875 0.89453125 0.06640625 0.060546875
0 0.3623046875 0.8916015625 0.0791015625 0.0849609375
0 0.5537109375 0.6767578125 0.0908203125 0.0810546875
0 0.6279296875 0.6591796875 0.08203125 0.123046875
0 0.609375 0.5712890625 0.0859375 0.0732421875
0 0.4033203125 0.5185546875 0.0693359375 0.0869140625
0 0.349609375 0.5693359375 0.14453125 0.0830078125
0 0.3193359375 0.6787109375 0.158203125 0.05078125
0 0.251953125 0.7294921875 0.0693359375 0.068359375
0 0.8330078125 0.6435546875 0.1865234375 0.052734375
0 0.8974609375 0.8212890625 0.1298828125 0.0595703125
0 1.0 0.806640625 0.0986328125 0.0478515625
0 1.0 0.7373046875 0.1474609375 0.056640625
0 0.951171875 0.6806640625 0.1455078125 0.0546875
0 1.0 0.4970703125 0.0498046875 0.0615234375
0 0.62109375 0.3623046875 0.07421875 0.0517578125
0 0.8037109375 0.34375 0.12890625 0.052734375
0 0.7509765625 0.4208984375 0.08203125 0.0546875
0 0.8125 0.39453125 0.046875 0.1318359375
0 0.2353515625 0.33984375 0.140625 0.0869140625
0 0.0380859375 0.2900390625 0.0380859375 0.103515625
0 0.0966796875 0.2177734375 0.0966796875 0.0986328125
0 0.1875 0.2158203125 0.05859375 0.0576171875
0 0.3388671875 0.185546875 0.1181640625 0.05859375
0 0.2177734375 0.1591796875 0.091796875 0.0791015625
0 0.4443359375 0.1298828125 0.0859375 0.0673828125
0 0.5166015625 0.07421875 0.0888671875 0.0712890625
0 0.5732421875 0.23828125 0.09765625 0.0791015625
0 0.634765625 0.1767578125 0.08203125 0.0986328125
0 0.7802734375 0.21484375 0.046875 0.1083984375
0 0.994140625 0.2080078125 0.1220703125 0.0712890625
0 0.7236328125 0.08984375 0.0771484375 0.064453125
0 0.7626953125 0.095703125 0.0615234375 0.048828125
0 0.65234375 0.0693359375 0.0771484375 0.0693359375
0 0.99609375 0.0625 0.08203125 0.0546875
