0 0.1669921875 0.8583984375 0.0947265625 0.0810546875
0 0.5029296875 0.1357421875 0.080078125 0.0908203125
0 0.6943359375 0.6103515625 0.0859375 0.0859375
0 0.29296875 0.1484375 0.087890625 0.08984375
0 0.74609375 0.2119140625 0.05859375 0.0859375
0 0.5869140625 0.2255859375 0.1259765625 0.07421875
0 0.087890625 0.5068359375 0.0849609375 0.08203125
0 0.1826171875 0.2607421875 0.0830078125 0.0830078125
0 0.349609375 0.130859375 0.1083984375 0.0859375
0 0.3994140625 0.2236328125 0.0888671875 0.06640625
0 0.439453125 0.5244140625 0.091796875 0.06640625
0 0.1455078125 0.30859375 0.1025390625 0.1083984375
0 0.0888671875 0.625 0.0849609375 0.0517578125
0 0.994140625 0.134765625 0.044921875 0.0673828125
0 0.7646484375 0.314453125 0.099609375 0.046875
0 0.9580078125 0.955078125 0.080078125 0.1591796875
0 0.8857421875 0.1796875 0.107421875 0.0546875
0 0.2314453125 0.181640625 0.0791015625 0.0830078125
0 0.1279296875 0.4873046875 0.0693359375 0.056640625
0 0.0732421875 0.904296875 0.0361328125 0.04296875
0 0.7314453125 0.533203125 0.05859375 0.0537109375
0 0.69921875 0.4912109375 0.056640625 0.0732421875
0 0.0693359375 0.25 0.0693359375 0.052734375
0 0.74609375 0.94140625 0.0927734375 0.0595703125
0 0.7998046875 0.44921875 0.0712890625 0.1015625
0 0.806640625 0.4873046875 0.0869140625 0.0556640625
0 0.939453125 0.6181640625 0.0458984375 0.0654296875
0 0.21875 0.189453125 0.13671875 0.0810546875
0 0.4287109375 1.0 0.0517578125 0.0302734375
0 0.0966796875 0.7802734375 0.05859375 0.037109375
0 0.115234375 0.560546875 0.0673828125 0.041015625
0 0.25390625 0.5625 0.06640625 0.048828125
0 0.109375 0.2158203125 0.068359375 0.06640625
0 0.705078125 0.88671875 0.0732421875 0.0634765625
0 0.4794921875 0.7421875 0.064453125 0.0400390625
0 0.927734375 0.1572265625 0.103515625 0.076171875
0 0.5048828125 0.921875 0.0771484375 0.0419921875
0 0.5009765625 0.544921875 0.046875 0.0888671875
0 0.109375 1.0 0.1083984375 0.0478515625
0 0.7705078125 0.81640625 0.0693359375 0.041015625
0 1.0 0.25390625 0.130859375 0.12109375
0 0.0810546875 0.158203125 0.0810546875 0.0791015625
0 0.8837890625 0.6220703125 0.0595703125 0.060546875
0 0.4609375 0.2353515625 0.0498046875 0.095703125
0 0.27734375 0.533203125 0.0576171875 0.1337890625
0 0.2763671875 0.962890625 0.0556640625 0.0263671875
0 0.9912109375 0.3310546875 0.05078125 0.044921875
0 0.58203125 0.9658203125 0.0556640625 0.0322265625
0 0.134765625 0.07421875 0.0302734375 0.07421875
0 0.583984375 0.63671875 0.072265625 0.0654296875
0 0.513671875 0.6201171875 0.1064453125 0.0703125
0 0.158203125 0.5556640625 0.0654296875 0.0302734375
0 0.1630859375 0.1083984375 0.0380859375 0.060546875
0 0.5810546875 0.61328125 0.0810546875 0.0556640625
0 0.0244140625 0.5234375 0.0244140625 0.041015625
0 0.3671875 0.8603515625 0.12890625 0.0341796875
0 0.6875 0.224609375 0.060546875 0.0595703125
0 0.7646484375 0.64453125 0.0546875 0.0478515625
0 0.1474609375 0.962890625 0.0888671875 0.0341796875
0 0.2783203125 0.6748046875 0.0927734375 0.0341796875
0 0.806640625 0.87109375 0.05078125 0.03125
0 0.2607421875 0.9501953125 0.0546875 0.025390625
0 0.2822265625 0.650390625 0.07421875 0.044921875
0 0.130859375 0.9345703125 0.083984375 0.1015625
0 0.0634765625 0.9384765625 0.0634765625 0.0341796875
0 0.5791015625 0.1142578125 0.0517578125 0.099609375
0 0.7734375 0.8095703125 0.080078125 0.0556640625
0 0.2314453125 0.837890625 0.0849609375 0.0517578125
0 1.0 0.9296875 0.044921875 0.0400390625
0 0.3359375 0.2216796875 0.0419921875 0.0537109375
0 0.806640625 0.994140625 0.0458984375 0.044921875
0 0.2890625 0.8935546875 0.0546875 0.0341796875
0 0.0458984375 0.1748046875 0.0458984375 0.0634765625
0 0.45703125 0.57421875 0.107421875 0.0341796875
0 0.0458984375 0.7802734375 0.0458984375 0.0771484375
0 0.1982421875 1.0 0.083984375 0.021484375
0 0.3681640625 0.9072265625 0.068359375 0.072265625
0 0.44921875 0.8427734375 0.06640625 0.0478515625
0 0.1171875 0.7685546875 0.1171875 0.078125
0 0.775390625 0.8525390625 0.0341796875 0.025390625
0 0.58984375 0.568359375 0.0859375 0.0302734375
0 0.693359375 0.1572265625 0.041015625 0.0498046875
