0 0.451171875 0.05859375 0.06640625 0.05859375
0 0.939453125 0.8505859375 0.04296875 0.0947265625
0 0.701171875 0.4892578125 0.1025390625 0.0712890625
0 0.4091796875 0.5048828125 0.08203125 0.0908203125
0 0.6513671875 0.5234375 0.0673828125 0.0576171875
0 0.9306640625 0.2236328125 0.0537109375 0.076171875
0 0.451171875 0.6826171875 0.103515625 0.0595703125
0 0.5888671875 0.8046875 0.0595703125 0.06640625
0 0.48046875 0.5732421875 0.0712890625 0.0546875
0 0.591796875 0.611328125 0.0712890625 0.0517578125
0 0.40625 0.9140625 0.083984375 0.0478515625
0 0.564453125 0.0537109375 0.044921875 0.0537109375
0 0.2607421875 0.6083984375 0.0703125 0.048828125
0 0.619140625 0.5888671875 0.0634765625 0.05078125
0 0.603515625 0.8916015625 0.0888671875 0.0791015625
0 0.9423828125 0.9892578125 0.0615234375 0.052734375
0 0.1142578125 0.205078125 0.0625 0.0654296875
0 0.0419921875 0.533203125 0.0419921875 0.048828125
0 0.2861328125 0.5478515625 0.0517578125 0.0615234375
0 0.7431640625 0.9541015625 0.0947265625 0.0517578125
0 0.8154296875 0.4892578125 0.0361328125 0.1044921875
0 0.486328125 0.140625 0.0576171875 0.0634765625
0 0.85546875 0.279296875 0.05078125 0.0673828125
0 0.0556640625 0.837890625 0.0556640625 0.078125
0 0.2822265625 0.826171875 0.06640625 0.0595703125
0 0.1142578125 0.62890625 0.05859375 0.0546875
0 0.36328125 0.5673828125 0.0634765625 0.044921875
0 0.41015625 0.8271484375 0.0703125 0.0439453125
0 0.8037109375 0.72265625 0.056640625 0.0546875
0 1.0 0.677734375 0.03125 0.0751953125
0 0.6689453125 0.0673828125 0.0322265625 0.0625
0 0.556640625 0.8291015625 0.076171875 0.0625
0 0.0966796875 0.48046875 0.07421875 0.029296875
0 0.3486328125 0.162109375 0.0595703125 0.0615234375
0 0.455078125 0.505859375 0.0244140625 0.08203125
0 0.234375 0.5703125 0.064453125 0.0478515625
0 0.0732421875 0.87109375 0.0576171875 0.0302734375
0 0.8662109375 0.6142578125 0.037109375 0.0703125
0 0.1826171875 0.9287109375 0.080078125 0.0322265625
0 0.9658203125 0.515625 0.099609375 0.029296875
0 0.4697265625 0.666015625 0.052734375 0.0556640625
0 0.6328125 0.2822265625 0.025390625 0.0576171875
0 0.8763671875 0.91552734375 0.08115234375000002 0.043164062500000044
0 0.0341796875 0.3115234375 0.0341796875 0.0361328125
0 0.818359375 0.6806640625 0.05078125 0.037109375
0 0.3310546875 1.0 0.072265625 0.0224609375
0 0.4658203125 0.34375 0.052734375 0.046875
0 0.1103515625 0.251953125 0.0478515625 0.0546875
0 0.4072265625 0.775390625 0.05859375 0.044921875
0 0.1474609375 0.150390625 0.072265625 0.037109375
0 0.537109375 0.5634765625 0.0673828125 0.029296875
0 0.7265625 0.373046875 0.0390625 0.05859375
0 0.4091796875 0.5205078125 0.0830078125 0.0185546875
0 0.150390625 0.1650390625 0.068359375 0.04296875
0 0.787109375 0.5205078125 0.0439453125 0.0380859375
0 0.896484375 0.6728515625 0.0263671875 0.0625
0 0.9423828125 0.62890625 0.0478515625 0.044921875
0 0.57421875 0.9892578125 0.06640625 0.04296875
0 0.716796875 0.8525390625 0.044921875 0.033203125
0 1.0 0.7978515625 0.0400390625 0.048828125
0 1.0 0.6171875 0.0419921875 0.0498046875
0 0.4638671875 0.1806640625 0.0419921875 0.0595703125
0 0.814453125 0.6318359375 0.05078125 0.0537109375
0 0.232421875 0.169921875 0.0849609375 0.0400390625
0 0.25390625 0.830078125 0.046875 0.0302734375
0 0.767578125 0.6259765625 0.0546875 0.0234375
0 0.3916015625 0.74609375 0.0537109375 0.0390625
