0 0.5625 0.658203125 0.0654296875 0.08984375
0 0.3408203125 0.17578125 0.0732421875 0.0712890625
0 0.7177734375 0.771484375 0.080078125 0.064453125
0 0.9951171875 0.6484375 0.044921875 0.078125
0 0.6611328125 0.509765625 0.080078125 0.0556640625
0 0.064453125 0.5146484375 0.064453125 0.0419921875
0 0.439453125 0.8232421875 0.0869140625 0.052734375
0 0.2861328125 0.78515625 0.06640625 0.064453125
0 0.376953125 0.7392578125 0.095703125 0.0556640625
0 1.0 0.3701171875 0.0361328125 0.0927734375
0 0.2705078125 0.5390625 0.0869140625 0.0625
0 0.5791015625 0.42578125 0.056640625 0.056640625
0 0.42578125 0.7373046875 0.0673828125 0.0537109375
0 0.5537109375 0.455078125 0.1142578125 0.0498046875
0 0.7109375 0.958984375 0.099609375 0.0849609375
0 0.1220703125 0.392578125 0.072265625 0.048828125
0 0.13671875 0.7685546875 0.0908203125 0.0546875
0 0.8154296875 0.4462890625 0.1083984375 0.0810546875
0 0.2373046875 0.1171875 0.08203125 0.0439453125
0 0.015625 0.224609375 0.015625 0.0673828125
0 0.720703125 0.2431640625 0.04296875 0.078125
0 0.666015625 0.1220703125 0.09765625 0.076171875
0 0.0546875 0.4296875 0.0546875 0.06640625
0 0.36328125 0.123046875 0.07421875 0.0478515625
0 0.0126953125 0.3369140625 0.0126953125 0.05859375
0 0.53125 0.2119140625 0.091796875 0.0498046875
0 0.6826171875 0.7158203125 0.0546875 0.0693359375
0 0.234375 0.7177734375 0.07421875 0.04296875
0 0.486328125 0.7197265625 0.05859375 0.0458984375
0 0.541015625 0.5126953125 0.0732421875 0.029296875
0 0.2060546875 0.1513671875 0.0830078125 0.0361328125
0 0.9755859375 0.7451171875 0.0693359375 0.0615234375
0 0.015625 0.787109375 0.015625 0.0478515625
0 1.0 0.8369140625 0.0361328125 0.072265625
0 0.1533203125 0.03125 0.0498046875 0.0302734375
0 0.361328125 0.091796875 0.05078125 0.0712890625
0 0.7529296875 0.0927734375 0.095703125 0.05078125
0 0.1328125 0.06640625 0.0517578125 0.037109375
0 0.166015625 0.8125 0.08984375 0.0546875
0 0.61328125 0.8544921875 0.0654296875 0.05078125
0 0.4345703125 1.0 0.0634765625 0.0205078125
0 0.5791015625 0.896484375 0.052734375 0.05078125
0 0.044921875 0.1728515625 0.044921875 0.0537109375
0 0.0703125 0.564453125 0.06640625 0.0302734375
0 0.6669921875 0.8662109375 0.107421875 0.041015625
0 0.2138671875 0.18359375 0.0771484375 0.037109375
0 1.0 0.865234375 0.046875 0.0400390625
0 0.033203125 0.037109375 0.033203125 0.037109375
0 0.0283203125 0.912109375 0.0283203125 0.029296875
0 0.97265625 0.3720703125 0.0341796875 0.0869140625
0 0.455078125 0.0771484375 0.1005859375 0.0625
0 0.8916015625 0.3115234375 0.080078125 0.060546875
0 0.0556640625 0.8212890625 0.0556640625 0.04296875
0 1.0 0.154296875 0.05859375 0.1064453125
0 0.4599609375 0.59375 0.0244140625 0.0283203125
0 0.826171875 0.787109375 0.060546875 0.0556640625
0 0.3125 0.9443359375 0.0771484375 0.046875
