0 0.19921875 0.20703125 0.0810546875 0.091796875
0 0.05859375 0.2431640625 0.05859375 0.078125
0 0.1201171875 0.125 0.052734375 0.068359375
0 0.2265625 0.1181640625 0.0517578125 0.10546875
0 0.5166015625 0.1904296875 0.12109375 0.0732421875
0 0.4140625 0.1435546875 0.0859375 0.08203125
0 0.552734375 0.2841796875 0.181640625 0.0810546875
0 0.81640625 0.2509765625 0.138671875 0.080078125
0 0.705078125 0.0361328125 0.0615234375 0.0361328125
0 0.6904296875 0.10546875 0.072265625 0.0791015625
0 0.8701171875 0.1123046875 0.076171875 0.0732421875
0 0.9306640625 0.3759765625 0.14453125 0.087890625
0 0.8603515625 0.494140625 0.193359375 0.0859375
0 0.4951171875 0.61328125 0.087890625 0.134765625
0 0.50390625 0.6845703125 0.0859375 0.0888671875
0 0.59765625 0.6435546875 0.1005859375 0.091796875
0 0.716796875 0.712890625 0.142578125 0.1962890625
0 0.8642578125 0.7001953125 0.115234375 0.0830078125
0 0.8876953125 0.7744140625 0.12890625 0.0712890625
0 0.9013671875 0.876953125 0.0576171875 0.0595703125
0 0.203125 0.560546875 0.0654296875 0.18359375
0 0.2080078125 0.478515625 0.1142578125 0.2177734375
0 0.1220703125 0.5322265625 0.1220703125 0.1982421875
0 0.197265625 0.7958984375 0.1591796875 0.1904296875
0 0.4921875 0.83203125 0.13671875 0.0869140625
0 0.484375 0.9482421875 0.0859375 0.0927734375
0 0.6884765625 0.958984375 0.158203125 0.0927734375
0 0.1689453125 0.8701171875 0.1220703125 0.072265625
0 0.2763671875 0.9208984375 0.138671875 0.1064453125
0 0.205078125 1.0 0.07421875 0.0869140625
0 0.9404296875 0.25390625 0.0986328125 0.0849609375
0 1.0 0.1435546875 0.03515625 0.091796875
0 0.95703125 0.7216796875 0.09765625 0.076171875
0 1.0 0.65625 0.0478515625 0.1083984375
0 1.0 0.740234375 0.03125 0.0849609375
0 0.9951171875 0.0380859375 0.08203125 0.0380859375
0 0.021484375 0.861328125 0.021484375 0.0849609375
0 0.7763671875 0.98828125 0.0595703125 0.068359375
0 0.3037109375 0.3720703125 0.0615234375 0.0615234375
