0 0.7646484375 0.6875 0.06640625 0.072265625
0 0.11328125 0.7373046875 0.0830078125 0.0830078125
0 0.421875 0.36328125 0.056640625 0.0908203125
0 0.8955078125 0.998046875 0.0517578125 0.076171875
0 0.40625 0.1396484375 0.1025390625 0.0654296875
0 0.1435546875 0.1025390625 0.0751953125 0.0927734375
0 0.748046875 0.0869140625 0.09375 0.0849609375
0 0.9482421875 0.3271484375 0.068359375 0.0732421875
0 0.482421875 0.421875 0.072265625 0.1220703125
0 0.3134765625 0.130859375 0.1142578125 0.0869140625
0 0.466796875 0.486328125 0.0966796875 0.099609375
0 0.1552734375 0.2666015625 0.056640625 0.080078125
0 0.2373046875 0.4248046875 0.0869140625 0.1083984375
0 1.0 0.4833984375 0.0380859375 0.076171875
0 0.6318359375 0.30859375 0.0693359375 0.0615234375
0 0.0791015625 0.3935546875 0.044921875 0.1396484375
0 0.9990234375 0.8037109375 0.02734375 0.091796875
0 0.5048828125 0.6611328125 0.0732421875 0.0830078125
0 0.1435546875 0.396484375 0.072265625 0.0927734375
0 0.62109375 0.70703125 0.0400390625 0.08203125
0 0.5 0.125 0.0576171875 0.0712890625
0 0.8740234375 0.41015625 0.0595703125 0.07421875
0 1.0 0.2626953125 0.041015625 0.0693359375
0 0.8662109375 0.0849609375 0.04296875 0.083984375
0 0.1064453125 0.1474609375 0.0986328125 0.068359375
0 0.8056640625 0.16796875 0.091796875 0.06640625
0 0.5703125 0.7021484375 0.0791015625 0.0908203125
0 0.671875 0.1298828125 0.04296875 0.099609375
0 0.65625 0.54296875 0.1123046875 0.0869140625
0 0.732421875 1.0 0.091796875 0.0498046875
0 0.322265625 1.0 0.0537109375 0.048828125
0 0.115234375 0.5732421875 0.07421875 0.0888671875
0 0.5205078125 0.6865234375 0.134765625 0.0654296875
0 0.1826171875 0.53125 0.0576171875 0.0615234375
0 0.9765625 0.7021484375 0.1240234375 0.099609375
0 0.6220703125 0.9873046875 0.0703125 0.041015625
0 1.0 0.2431640625 0.056640625 0.078125
0 0.4013671875 0.09765625 0.0751953125 0.078125
0 0.572265625 0.9033203125 0.1220703125 0.1171875
0 0.74609375 0.4755859375 0.076171875 0.0625
0 0.7978515625 0.5048828125 0.0634765625 0.0400390625
0 0.6494140625 0.1796875 0.0673828125 0.0546875
0 0.6962890625 0.8349609375 0.0556640625 0.041015625
0 0.90625 0.826171875 0.060546875 0.0517578125
0 0.228515625 0.7490234375 0.0517578125 0.03125
0 0.119140625 0.6982421875 0.0712890625 0.0439453125
0 0.62890625 0.1181640625 0.193359375 0.1142578125
0 0.24609375 0.42578125 0.091796875 0.06640625
0 0.0537109375 0.9169921875 0.0537109375 0.068359375
0 0.2861328125 0.8251953125 0.05859375 0.056640625
0 0.349609375 0.529296875 0.0615234375 0.072265625
0 0.5263671875 0.9970703125 0.0615234375 0.0654296875
0 0.337890625 0.7666015625 0.109375 0.0908203125
0 0.9931640625 0.4150390625 0.10546875 0.0556640625
0 0.183203125 0.4697265625 0.055273437499999994 0.07207031250000001
0 0.9130859375 0.2197265625 0.099609375 0.0419921875
0 0.1923828125 0.7890625 0.091796875 0.046875
0 0.1484375 0.7490234375 0.0419921875 0.0546875
0 0.630859375 0.0869140625 0.134765625 0.0869140625
0 0.6474609375 0.2001953125 0.1298828125 0.0908203125
0 0.85546875 0.42578125 0.0732421875 0.064453125
0 0.7939453125 0.4775390625 0.046875 0.07421875
0 0.953125 0.478515625 0.0439453125 0.0966796875
0 0.3095703125 0.46484375 0.0712890625 0.0400390625
0 0.9150390625 0.54296875 0.064453125 0.04296875
0 0.5869140625 0.486328125 0.0947265625 0.0615234375
0 0.9072265625 0.4765625 0.0546875 0.02734375
0 0.2216796875 0.6103515625 0.1240234375 0.0517578125
0 0.6728515625 0.4716796875 0.05859375 0.0390625
0 0.534375 0.78955078125 0.17441406250000002 0.05166015624999998
0 0.1767578125 0.8486328125 0.0400390625 0.0302734375
0 0.267578125 0.998046875 0.0400390625 0.0400390625
0 0.6484375 0.0615234375 0.0693359375 0.060546875
0 0.3994140625 0.2548828125 0.1611328125 0.0849609375
0 0.5927734375 0.75390625 0.0947265625 0.048828125
0 0.5263671875 0.9091796875 0.0478515625 0.0751953125
0 0.51171875 0.734375 0.0654296875 0.072265625
0 0.46484375 1.0 0.029296875 0.02734375
0 0.9130859375 0.234375 0.0771484375 0.0380859375
0 0.4677734375 0.052734375 0.056640625 0.0517578125
0 0.0986328125 0.05078125 0.0712890625 0.0498046875
0 0.8056640625 0.3984375 0.06640625 0.0576171875
0 0.037109375 0.970703125 0.0361328125 0.046875
0 0.5361328125 0.572265625 0.0888671875 0.05078125
0 0.1962890625 0.8173828125 0.0703125 0.0419921875
0 0.8447265625 0.8173828125 0.041015625 0.04296875
0 0.94140625 0.220703125 0.1962890625 0.0625
0 0.9794921875 0.7021484375 0.056640625 0.0458984375
