0 0.1064453125 0.20703125 0.0634765625 0.072265625
0 0.03515625 0.17578125 0.03515625 0.0693359375
0 0.3095703125 0.142578125 0.080078125 0.099609375
0 0.39453125 0.126953125 0.091796875 0.1162109375
0 0.6669921875 0.1708984375 0.0947265625 0.0986328125
0 0.677734375 0.2109375 0.0966796875 0.0732421875
0 0.474609375 0.2705078125 0.08203125 0.060546875
0 0.4951171875 0.3935546875 0.0576171875 0.0908203125
0 0.525390625 0.4638671875 0.1318359375 0.0625
0 0.4130859375 0.43359375 0.0673828125 0.0830078125
0 0.701171875 0.447265625 0.0810546875 0.083984375
0 0.8271484375 0.3427734375 0.0625 0.06640625
0 0.9736328125 0.1806640625 0.0625 0.1083984375
0 0.951171875 0.0673828125 0.0732421875 0.0673828125
0 0.10546875 0.5830078125 0.0791015625 0.1162109375
0 0.1416015625 0.6650390625 0.0732421875 0.087890625
0 0.302734375 0.646484375 0.072265625 0.0927734375
0 0.3564453125 0.5458984375 0.083984375 0.064453125
0 0.9892578125 0.3564453125 0.0595703125 0.0673828125
0 1.0 0.42578125 0.05859375 0.0712890625
0 0.99609375 0.701171875 0.07421875 0.099609375
0 0.853515625 0.8173828125 0.0771484375 0.1123046875
0 0.5908203125 0.8134765625 0.1171875 0.1171875
0 0.404296875 0.806640625 0.095703125 0.078125
0 0.115234375 0.8017578125 0.064453125 0.0859375
0 0.1083984375 0.7138671875 0.0478515625 0.04296875
0 1.0 0.935546875 0.0625 0.078125
0 0.8564453125 0.9521484375 0.08203125 0.0576171875
0 0.0537109375 0.8193359375 0.0537109375 0.0673828125
0 0.0517578125 0.873046875 0.0517578125 0.0458984375
0 0.1201171875 0.98046875 0.0537109375 0.060546875
0 0.369140625 0.3134765625 0.064453125 0.0625
0 0.314453125 0.3740234375 0.046875 0.072265625
