0 0.91796875 0.09375 0.142578125 0.0625
0 0.736328125 0.091796875 0.08984375 0.060546875
0 0.599609375 0.1884765625 0.0712890625 0.056640625
0 0.822265625 0.18359375 0.068359375 0.0517578125
0 0.892578125 0.2666015625 0.064453125 0.103515625
0 0.9033203125 1.0 0.107421875 0.0673828125
0 0.9375 1.0 0.0478515625 0.0302734375
0 0.71875 0.828125 0.0810546875 0.056640625
0 0.6044921875 1.0 0.0419921875 0.0439453125
0 1.0 0.759765625 0.087890625 0.08203125
0 0.94921875 0.8193359375 0.083984375 0.0576171875
0 0.83203125 0.46484375 0.083984375 0.078125
0 0.6982421875 0.4208984375 0.1337890625 0.091796875
0 0.529296875 0.3427734375 0.060546875 0.0595703125
0 0.44921875 0.322265625 0.076171875 0.095703125
0 0.5966796875 0.552734375 0.1298828125 0.05859375
0 0.595703125 0.65234375 0.095703125 0.0791015625
0 0.4970703125 0.59375 0.0478515625 0.0400390625
0 0.4150390625 0.736328125 0.1103515625 0.0625
0 0.3662109375 0.8818359375 0.111328125 0.07421875
0 0.2314453125 0.615234375 0.1435546875 0.0634765625
0 0.2236328125 0.6767578125 0.130859375 0.0576171875
0 0.0986328125 0.5302734375 0.0986328125 0.056640625
0 0.244140625 0.078125 0.16796875 0.068359375
0 0.0498046875 0.1640625 0.0498046875 0.048828125
0 0.0498046875 0.1005859375 0.0498046875 0.04296875
