0 0.279296875 0.3916015625 0.080078125 0.0849609375
0 0.494140625 0.357421875 0.0869140625 0.0703125
0 0.6416015625 0.2919921875 0.072265625 0.0771484375
0 0.9423828125 0.3349609375 0.1005859375 0.080078125
0 0.796875 0.814453125 0.107421875 0.08984375
0 0.6767578125 0.2041015625 0.1025390625 0.08984375
0 0.9921875 0.794921875 0.0947265625 0.087890625
0 0.15234375 0.4794921875 0.0751953125 0.0771484375
0 0.669921875 0.4072265625 0.0927734375 0.0830078125
0 0.544921875 0.63671875 0.078125 0.1220703125
0 0.1845703125 0.25 0.072265625 0.068359375
0 0.4794921875 0.7421875 0.087890625 0.087890625
0 0.4091796875 0.171875 0.080078125 0.134765625
0 0.4345703125 0.669921875 0.087890625 0.0908203125
0 0.484375 0.5419921875 0.0673828125 0.0849609375
0 0.3544921875 0.4873046875 0.0751953125 0.0927734375
0 0.63671875 0.90234375 0.08984375 0.125
0 0.6015625 0.8046875 0.0791015625 0.09765625
0 0.884765625 0.83984375 0.0830078125 0.0830078125
0 0.1748046875 0.58203125 0.1123046875 0.0751953125
0 1.0 0.982421875 0.0703125 0.0849609375
0 0.2216796875 0.7470703125 0.0673828125 0.0830078125
0 0.349609375 0.759765625 0.0771484375 0.140625
0 0.3515625 0.8349609375 0.0849609375 0.10546875
0 0.26953125 0.5546875 0.0751953125 0.072265625
0 0.4873046875 0.974609375 0.0751953125 0.1123046875
0 0.9931640625 0.4921875 0.05859375 0.060546875
0 0.296875 0.2890625 0.080078125 0.07421875
0 0.9248046875 0.08984375 0.0556640625 0.0576171875
0 0.4345703125 0.3017578125 0.09765625 0.0771484375
0 0.2197265625 0.619140625 0.123046875 0.0849609375
0 0.4765625 0.8798828125 0.0693359375 0.095703125
0 0.3642578125 0.759765625 0.0576171875 0.080078125
0 0.2744140625 1.0 0.0771484375 0.0654296875
0 0.421875 0.994140625 0.0771484375 0.080078125
0 0.03125 0.3994140625 0.03125 0.076171875
0 0.8974609375 0.998046875 0.0888671875 0.060546875
