0 0.7021484375 0.875 0.0751953125 0.0732421875
0 0.8115234375 0.99609375 0.0693359375 0.05859375
0 1.0 0.9423828125 0.0751953125 0.0849609375
0 0.7119140625 0.7568359375 0.08984375 0.1396484375
0 0.5830078125 0.6875 0.095703125 0.083984375
0 0.3515625 0.4970703125 0.0771484375 0.0625
0 0.6748046875 0.44921875 0.0888671875 0.08984375
0 0.6748046875 0.990234375 0.05859375 0.0595703125
0 0.724609375 0.625 0.0849609375 0.0751953125
0 0.8681640625 0.4287109375 0.044921875 0.080078125
0 0.7294921875 0.9873046875 0.0703125 0.0849609375
0 0.63671875 0.681640625 0.08203125 0.0849609375
0 0.9375 0.8125 0.072265625 0.0595703125
