0 0.1484375 0.9423828125 0.1298828125 0.0712890625
0 0.1552734375 0.9013671875 0.111328125 0.0556640625
0 0.2841796875 0.7412109375 0.17578125 0.0693359375
0 0.28125 0.60546875 0.0908203125 0.0390625
0 0.37890625 0.537109375 0.09375 0.07421875
0 0.3759765625 0.4619140625 0.05859375 0.0634765625
0 0.2705078125 0.4658203125 0.0751953125 0.0654296875
0 0.140625 0.5283203125 0.10546875 0.076171875
0 0.03125 0.400390625 0.03125 0.0712890625
0 0.171875 0.3984375 0.0693359375 0.0517578125
0 0.0625 0.2099609375 0.0546875 0.068359375
0 0.173828125 0.173828125 0.0859375 0.0791015625
0 0.1064453125 0.091796875 0.0625 0.0625
0 0.17578125 0.056640625 0.0751953125 0.056640625
0 0.1416015625 0.0185546875 0.12109375 0.0185546875
0 0.3681640625 0.080078125 0.091796875 0.080078125
0 0.4228515625 0.1455078125 0.134765625 0.119140625
0 0.4228515625 0.2548828125 0.0654296875 0.0830078125
0 0.345703125 0.3017578125 0.0625 0.1201171875
0 0.3037109375 0.3212890625 0.0703125 0.0947265625
0 0.404296875 0.3896484375 0.068359375 0.060546875
0 0.568359375 0.333984375 0.0654296875 0.072265625
0 0.669921875 0.3603515625 0.072265625 0.10546875
0 0.6376953125 0.462890625 0.0712890625 0.0791015625
0 0.76953125 0.23046875 0.130859375 0.0556640625
0 0.71484375 0.2734375 0.09375 0.0654296875
0 0.8125 0.169921875 0.169921875 0.0966796875
0 0.962890625 0.2578125 0.0654296875 0.087890625
0 1.0 0.244140625 0.033203125 0.0615234375
0 0.6591796875 0.017578125 0.1025390625 0.017578125
0 0.7119140625 0.61328125 0.05078125 0.0693359375
0 0.7685546875 0.59765625 0.08203125 0.0625
0 0.904296875 0.591796875 0.0654296875 0.08984375
0 0.9658203125 0.6845703125 0.11328125 0.064453125
0 0.837890625 0.7705078125 0.083984375 0.0927734375
0 0.865234375 0.8125 0.0771484375 0.0791015625
0 0.560546875 0.751953125 0.0654296875 0.0927734375
0 0.455078125 0.693359375 0.1044921875 0.06640625
0 0.45703125 0.77734375 0.099609375 0.080078125
0 0.361328125 0.8427734375 0.0517578125 0.0439453125
0 0.291015625 0.7978515625 0.080078125 0.0576171875
0 0.2216796875 0.8388671875 0.0693359375 0.0595703125
0 0.6611328125 0.9013671875 0.0849609375 0.05859375
0 0.60546875 0.8349609375 0.05859375 0.046875
0 0.62109375 0.7265625 0.0634765625 0.0615234375
0 0.962890625 0.890625 0.1494140625 0.087890625
0 0.861328125 0.92578125 0.0693359375 0.052734375
0 0.798828125 0.8974609375 0.046875 0.0556640625
0 0.99609375 0.787109375 0.0615234375 0.064453125
0 0.751953125 0.9970703125 0.0771484375 0.078125
0 0.4921875 1.0 0.09765625 0.107421875
0 0.4033203125 1.0 0.064453125 0.021484375
0 0.3134765625 0.9814453125 0.048828125 0.0693359375
0 0.9599609375 0.4345703125 0.0947265625 0.0703125
0 1.0 0.35546875 0.0849609375 0.046875
0 0.0361328125 0.72265625 0.0361328125 0.05859375
0 0.25 0.14453125 0.0537109375 0.0546875
0 0.49609375 0.1865234375 0.0625 0.0546875
0 0.8056640625 0.28125 0.0498046875 0.0546875
0 0.59375 0.5146484375 0.05859375 0.05859375
0 0.521484375 0.947265625 0.0556640625 0.0693359375
0 0.568359375 0.9072265625 0.0625 0.0908203125
0 0.9873046875 0.2978515625 0.072265625 0.0546875
0 0.3642578125 0.1591796875 0.05078125 0.0537109375
