0 0.8173828125 0.5693359375 0.0751953125 0.0751953125
0 0.728515625 1.0 0.076171875 0.0673828125
0 0.9072265625 0.322265625 0.0703125 0.0830078125
0 0.5224609375 0.439453125 0.0732421875 0.107421875
0 0.6513671875 0.62890625 0.056640625 0.08203125
0 0.544921875 0.5166015625 0.0751953125 0.07421875
0 0.7080078125 0.501953125 0.0546875 0.0810546875
0 0.80078125 0.4296875 0.0673828125 0.0654296875
0 0.796875 0.314453125 0.09765625 0.08203125
0 1.0 0.341796875 0.0732421875 0.0947265625
0 0.779296875 0.154296875 0.0673828125 0.099609375
0 0.6318359375 0.6767578125 0.0693359375 0.064453125
0 0.7197265625 0.072265625 0.072265625 0.0703125
0 0.8837890625 0.1826171875 0.1083984375 0.107421875
