0 0.0791015625 0.1142578125 0.0654296875 0.1142578125
0 0.138671875 0.080078125 0.0625 0.076171875
0 0.3505859375 0.078125 0.0859375 0.0673828125
0 0.2373046875 0.31640625 0.083984375 0.0751953125
0 0.1259765625 0.1826171875 0.0830078125 0.0673828125
0 0.0703125 0.4189453125 0.0634765625 0.08984375
0 0.171875 0.490234375 0.078125 0.083984375
0 0.3388671875 0.4658203125 0.103515625 0.0830078125
0 0.416015625 0.34765625 0.1181640625 0.072265625
0 0.3857421875 0.2734375 0.07421875 0.07421875
0 0.146484375 0.5595703125 0.072265625 0.0712890625
0 0.1259765625 0.7021484375 0.107421875 0.0966796875
0 0.25 0.5498046875 0.0966796875 0.052734375
0 0.2177734375 0.73828125 0.0830078125 0.078125
0 0.3544921875 0.5654296875 0.072265625 0.0947265625
0 0.5322265625 0.474609375 0.095703125 0.056640625
0 0.4765625 0.7255859375 0.1298828125 0.13671875
0 0.5224609375 0.671875 0.0625 0.0869140625
0 0.3095703125 0.8408203125 0.0712890625 0.08984375
0 0.1669921875 0.8759765625 0.0703125 0.091796875
0 0.0859375 0.9541015625 0.0712890625 0.109375
0 0.234375 0.9443359375 0.060546875 0.0634765625
0 0.31640625 0.9150390625 0.078125 0.0576171875
0 0.4091796875 0.8525390625 0.0712890625 0.0625
0 0.4189453125 0.9208984375 0.068359375 0.0595703125
0 0.5029296875 0.810546875 0.068359375 0.0634765625
0 0.3603515625 0.99609375 0.0576171875 0.04296875
0 0.50390625 0.982421875 0.1123046875 0.0615234375
0 0.5771484375 0.8984375 0.056640625 0.0595703125
0 0.6201171875 0.9970703125 0.072265625 0.0703125
0 0.75390625 0.93359375 0.0888671875 0.0830078125
0 0.7314453125 0.83203125 0.072265625 0.05859375
0 0.6904296875 0.748046875 0.0712890625 0.0595703125
0 0.78515625 0.693359375 0.0947265625 0.0625
0 0.69921875 0.6494140625 0.0712890625 0.0673828125
0 0.8388671875 0.69921875 0.0595703125 0.08984375
0 0.89453125 0.763671875 0.068359375 0.0732421875
0 0.833984375 0.833984375 0.076171875 0.068359375
0 0.8720703125 0.8916015625 0.1064453125 0.056640625
0 0.9248046875 0.9296875 0.06640625 0.0849609375
0 0.9775390625 0.8037109375 0.0771484375 0.060546875
0 1.0 0.8603515625 0.052734375 0.0771484375
0 0.9814453125 0.6767578125 0.083984375 0.111328125
0 1.0 0.5244140625 0.0595703125 0.091796875
0 0.986328125 0.4560546875 0.0595703125 0.064453125
0 0.7314453125 0.4892578125 0.06640625 0.07421875
0 0.69140625 0.462890625 0.1005859375 0.109375
0 0.705078125 0.28515625 0.0966796875 0.0634765625
0 0.6435546875 0.0859375 0.064453125 0.080078125
0 0.86328125 0.1240234375 0.087890625 0.06640625
0 0.6943359375 0.1435546875 0.068359375 0.07421875
0 0.841796875 0.2724609375 0.0576171875 0.056640625
0 0.8486328125 0.5263671875 0.0625 0.060546875
0 0.064453125 0.5595703125 0.056640625 0.0859375
0 0.2060546875 0.994140625 0.0703125 0.080078125
0 0.0478515625 0.7978515625 0.0478515625 0.068359375
0 0.3203125 0.9755859375 0.103515625 0.060546875
