0 0.06640625 0.341796875 0.06640625 0.03515625
0 0.1279296875 0.748046875 0.087890625 0.0634765625
0 0.1640625 0.796875 0.06640625 0.0771484375
0 0.2998046875 0.685546875 0.0771484375 0.076171875
0 0.298828125 0.7919921875 0.064453125 0.056640625
0 0.2978515625 0.5849609375 0.0634765625 0.08203125
0 0.341796875 0.2236328125 0.0595703125 0.0625
0 0.4287109375 0.333984375 0.0625 0.0478515625
0 0.4951171875 0.32421875 0.0888671875 0.0595703125
0 0.3984375 0.0380859375 0.060546875 0.0380859375
0 0.677734375 0.09375 0.111328125 0.0810546875
0 0.599609375 0.021484375 0.0703125 0.021484375
0 0.7890625 0.2666015625 0.111328125 0.0712890625
0 0.6513671875 0.2529296875 0.0322265625 0.0732421875
0 0.455078125 0.5771484375 0.0458984375 0.0537109375
0 0.5673828125 0.611328125 0.0927734375 0.0625
0 0.53125 0.6484375 0.0537109375 0.048828125
0 0.455078125 0.7431640625 0.03125 0.046875
0 0.5986328125 0.744140625 0.044921875 0.0322265625
0 0.734375 0.845703125 0.0634765625 0.0498046875
0 0.529296875 0.8134765625 0.1015625 0.0673828125
0 0.4384765625 0.8125 0.0869140625 0.0576171875
0 0.46484375 0.8681640625 0.126953125 0.064453125
0 0.7333984375 0.66796875 0.0634765625 0.0546875
0 0.888671875 0.7041015625 0.0576171875 0.0693359375
0 0.7646484375 0.3525390625 0.04296875 0.0400390625
0 0.87109375 0.1171875 0.072265625 0.0712890625
0 0.8955078125 0.0380859375 0.076171875 0.0380859375
0 0.9931640625 0.087890625 0.08203125 0.080078125
0 0.90234375 0.1787109375 0.0244140625 0.05078125
0 0.9619140625 0.28515625 0.0595703125 0.05078125
0 1.0 0.28515625 0.0595703125 0.05078125
0 1.0 0.982421875 0.046875 0.09375
0 0.7978515625 1.0 0.0625 0.080078125
0 0.5107421875 0.9990234375 0.037109375 0.0458984375
0 0.3505859375 0.9599609375 0.150390625 0.0546875
0 0.3056640625 0.9248046875 0.0703125 0.0400390625
0 0.19921875 0.9462890625 0.0927734375 0.0654296875
0 0.05078125 0.900390625 0.0390625 0.0341796875
