0 0.1845703125 0.8935546875 0.0927734375 0.0771484375
0 0.0908203125 0.7109375 0.064453125 0.0654296875
0 0.177734375 0.76953125 0.0859375 0.07421875
0 0.091796875 0.865234375 0.0625 0.0693359375
0 0.2333984375 0.9541015625 0.076171875 0.0732421875
0 0.3525390625 0.7197265625 0.076171875 0.06640625
0 0.271484375 0.775390625 0.060546875 0.052734375
0 0.3447265625 0.8447265625 0.0556640625 0.05078125
0 0.404296875 0.7841796875 0.09375 0.07421875
0 0.4677734375 0.716796875 0.08203125 0.06640625
0 0.46875 0.8154296875 0.07421875 0.0732421875
0 0.5546875 0.787109375 0.060546875 0.0732421875
0 0.5888671875 0.8271484375 0.0712890625 0.078125
0 0.76171875 0.857421875 0.1337890625 0.0927734375
0 1.0 0.7978515625 0.0712890625 0.0869140625
0 0.9580078125 0.873046875 0.0810546875 0.0830078125
0 0.9267578125 0.908203125 0.0673828125 0.064453125
0 0.09765625 0.494140625 0.0859375 0.0771484375
0 0.2060546875 0.490234375 0.0888671875 0.0908203125
0 0.1025390625 0.423828125 0.05859375 0.0576171875
0 0.0712890625 0.318359375 0.0712890625 0.0732421875
0 0.3623046875 0.2783203125 0.080078125 0.083984375
0 0.6689453125 0.2744140625 0.0830078125 0.0732421875
0 0.6767578125 0.380859375 0.0673828125 0.1083984375
0 0.7587890625 0.4306640625 0.048828125 0.0595703125
0 0.7197265625 0.5224609375 0.0751953125 0.0771484375
0 0.919921875 0.5 0.0810546875 0.12890625
0 1.0 0.5185546875 0.03125 0.083984375
0 0.982421875 0.3544921875 0.0869140625 0.078125
0 0.8994140625 0.267578125 0.078125 0.1240234375
0 0.5146484375 0.2021484375 0.05859375 0.06640625
0 0.46484375 0.1484375 0.05859375 0.060546875
0 0.310546875 1.0 0.08203125 0.0341796875
0 0.236328125 0.18359375 0.0849609375 0.083984375
0 0.3271484375 0.044921875 0.0673828125 0.044921875
