0 0.166015625 0.2939453125 0.158203125 0.048828125
0 0.1884765625 0.1923828125 0.15625 0.0380859375
0 0.0791015625 0.037109375 0.0791015625 0.037109375
0 0.0927734375 0.1181640625 0.07421875 0.0341796875
0 0.2353515625 0.1171875 0.12890625 0.1171875
0 0.33984375 0.1552734375 0.1162109375 0.087890625
0 0.44140625 0.15234375 0.1181640625 0.0537109375
0 0.470703125 0.0888671875 0.1630859375 0.0810546875
0 0.373046875 0.0380859375 0.1171875 0.0380859375
0 0.56640625 0.240234375 0.0625 0.068359375
0 0.6943359375 0.21875 0.07421875 0.046875
0 0.6533203125 0.0927734375 0.12109375 0.0927734375
0 0.73828125 0.0712890625 0.1181640625 0.046875
0 0.7197265625 0.0380859375 0.068359375 0.0380859375
0 0.7841796875 0.0625 0.0732421875 0.0625
0 0.9130859375 0.056640625 0.1103515625 0.056640625
0 0.869140625 0.06640625 0.076171875 0.0625
0 0.966796875 0.15625 0.044921875 0.0302734375
0 0.998046875 0.248046875 0.064453125 0.0517578125
0 0.9736328125 0.25390625 0.107421875 0.044921875
0 1.0 0.3232421875 0.0380859375 0.0400390625
0 1.0 0.1064453125 0.0390625 0.04296875
0 1.0 0.541015625 0.046875 0.06640625
0 0.9990234375 0.58203125 0.11328125 0.0703125
0 1.0 0.609375 0.056640625 0.046875
0 1.0 0.6904296875 0.0791015625 0.04296875
0 0.9951171875 0.7236328125 0.08984375 0.0625
0 0.8779296875 0.6279296875 0.123046875 0.0400390625
0 0.7958984375 0.611328125 0.03515625 0.0673828125
0 0.765625 0.630859375 0.14453125 0.083984375
0 0.634765625 0.5537109375 0.1025390625 0.0986328125
0 0.171875 0.6279296875 0.1064453125 0.0546875
0 0.2001953125 0.59765625 0.15234375 0.0576171875
0 0.4052734375 0.6728515625 0.1875 0.041015625
0 0.412109375 0.70703125 0.1611328125 0.0498046875
0 0.4091796875 0.72265625 0.0654296875 0.0283203125
0 0.537109375 0.7255859375 0.126953125 0.033203125
0 0.2314453125 0.708984375 0.1416015625 0.052734375
0 0.240234375 0.7734375 0.1591796875 0.0751953125
0 0.9267578125 0.814453125 0.1044921875 0.0439453125
0 0.876953125 0.76953125 0.048828125 0.052734375
0 0.8408203125 0.775390625 0.115234375 0.0361328125
0 0.7744140625 0.8271484375 0.1103515625 0.0625
0 0.5234375 0.8466796875 0.1005859375 0.0380859375
0 0.3447265625 0.98828125 0.1279296875 0.064453125
0 0.2412109375 0.9765625 0.1943359375 0.0380859375
0 0.22265625 0.7861328125 0.0947265625 0.0576171875
0 1.0 0.7646484375 0.0625 0.0341796875
