0 0.109375 0.3037109375 0.1025390625 0.078125
0 0.1318359375 0.3798828125 0.0751953125 0.052734375
0 0.1845703125 0.4443359375 0.0380859375 0.072265625
0 0.2587890625 0.453125 0.0703125 0.05859375
0 0.3251953125 0.4921875 0.083984375 0.076171875
0 0.328125 0.3984375 0.0517578125 0.0634765625
0 0.2451171875 0.345703125 0.0478515625 0.0615234375
0 0.302734375 0.287109375 0.05859375 0.0673828125
0 0.3876953125 0.2666015625 0.0888671875 0.0810546875
0 0.458984375 0.2724609375 0.0908203125 0.05859375
0 0.390625 0.3427734375 0.05859375 0.0625
0 0.404296875 0.419921875 0.0498046875 0.0732421875
0 0.4228515625 0.4658203125 0.06640625 0.056640625
0 0.44921875 0.3779296875 0.05078125 0.072265625
0 0.50390625 0.3837890625 0.0615234375 0.08203125
0 0.5263671875 0.453125 0.0517578125 0.0517578125
0 0.537109375 0.5185546875 0.0546875 0.048828125
0 0.59375 0.5390625 0.0576171875 0.072265625
0 0.7294921875 0.5068359375 0.0732421875 0.0546875
0 0.671875 0.4443359375 0.0595703125 0.0478515625
0 0.6865234375 0.404296875 0.0673828125 0.06640625
0 0.7958984375 0.4033203125 0.0595703125 0.0615234375
0 0.8837890625 0.4150390625 0.087890625 0.0693359375
0 0.814453125 0.505859375 0.0703125 0.08984375
0 0.837890625 0.576171875 0.05078125 0.06640625
0 0.9990234375 0.4775390625 0.0537109375 0.0830078125
0 0.9931640625 0.375 0.0546875 0.0986328125
0 0.9013671875 0.310546875 0.0673828125 0.111328125
0 0.9423828125 0.228515625 0.0419921875 0.0693359375
0 0.982421875 0.1064453125 0.0634765625 0.078125
0 0.7744140625 0.2099609375 0.064453125 0.07421875
0 0.7578125 0.2890625 0.0791015625 0.0625
0 0.6572265625 0.279296875 0.1005859375 0.0654296875
0 0.6083984375 0.3544921875 0.0693359375 0.05859375
0 0.5576171875 0.3837890625 0.0517578125 0.0498046875
0 0.43359375 0.1865234375 0.06640625 0.0693359375
0 0.375 0.169921875 0.0546875 0.0615234375
0 0.2724609375 0.09765625 0.04296875 0.0400390625
0 0.2958984375 0.130859375 0.041015625 0.0576171875
0 0.3427734375 0.0810546875 0.0439453125 0.0634765625
0 0.408203125 0.091796875 0.0439453125 0.0439453125
0 0.5361328125 0.0625 0.0556640625 0.0625
0 0.6171875 0.0615234375 0.0478515625 0.0615234375
0 0.724609375 0.0439453125 0.0380859375 0.0439453125
0 0.7763671875 0.0576171875 0.0478515625 0.0576171875
0 0.7587890625 0.130859375 0.0625 0.0849609375
0 0.6953125 0.126953125 0.0498046875 0.064453125
0 0.669921875 0.17578125 0.0830078125 0.0595703125
0 0.5810546875 0.21484375 0.0625 0.0771484375
0 0.6748046875 0.05859375 0.041015625 0.0546875
0 1.0 0.2197265625 0.056640625 0.0849609375
0 0.095703125 0.126953125 0.0732421875 0.064453125
0 0.1708984375 0.146484375 0.0576171875 0.0458984375
0 0.1953125 0.05078125 0.0537109375 0.05078125
0 0.0439453125 0.84375 0.0439453125 0.060546875
0 0.0439453125 0.7509765625 0.0439453125 0.1171875
0 0.1015625 0.7958984375 0.068359375 0.0947265625
0 0.2265625 0.78125 0.0908203125 0.111328125
0 0.126953125 0.6162109375 0.0830078125 0.07421875
0 0.474609375 0.7431640625 0.0556640625 0.060546875
0 0.416015625 0.7705078125 0.0634765625 0.0517578125
0 0.287109375 0.7802734375 0.0712890625 0.04296875
0 0.318359375 0.7734375 0.037109375 0.04296875
0 0.3486328125 0.87890625 0.052734375 0.068359375
0 0.3720703125 0.8173828125 0.0615234375 0.0478515625
0 0.48046875 0.8818359375 0.0673828125 0.0654296875
0 0.3974609375 0.8857421875 0.0478515625 0.0771484375
0 0.6337890625 0.8232421875 0.1015625 0.0966796875
0 0.7705078125 0.8525390625 0.083984375 0.0546875
0 0.8251953125 0.7958984375 0.083984375 0.0654296875
0 0.787109375 0.734375 0.0712890625 0.0634765625
0 0.9150390625 0.8017578125 0.0693359375 0.0537109375
0 0.9990234375 0.8212890625 0.0625 0.0810546875
0 0.0859375 1.0 0.07421875 0.05078125
0 0.1708984375 1.0 0.064453125 0.0625
0 0.341796875 0.95703125 0.087890625 0.0693359375
0 0.2548828125 0.873046875 0.0615234375 0.0478515625
0 0.533203125 1.0 0.083984375 0.072265625
0 0.5830078125 0.966796875 0.0751953125 0.0654296875
0 0.7392578125 1.0 0.08203125 0.10546875
0 0.841796875 0.9736328125 0.060546875 0.05859375
0 0.9150390625 1.0 0.0732421875 0.0576171875
