0 0.2568359375 0.07421875 0.08203125 0.07421875
0 0.2822265625 0.1767578125 0.107421875 0.1064453125
0 0.1552734375 0.1689453125 0.0869140625 0.0712890625
0 0.1806640625 0.2841796875 0.1171875 0.0888671875
0 0.21484375 0.501953125 0.158203125 0.0732421875
0 0.3818359375 0.3974609375 0.09765625 0.115234375
0 0.5 0.32421875 0.119140625 0.0703125
0 0.505859375 0.236328125 0.072265625 0.0830078125
0 0.5654296875 0.236328125 0.0869140625 0.0693359375
0 0.447265625 0.1357421875 0.080078125 0.0595703125
0 0.958984375 0.1337890625 0.0693359375 0.1337890625
0 1.0 0.7783203125 0.0595703125 0.2001953125
0 1.0 0.560546875 0.048828125 0.099609375
0 0.85546875 0.5673828125 0.0673828125 0.12890625
0 0.8017578125 0.3359375 0.109375 0.0556640625
0 0.7109375 0.3974609375 0.0859375 0.095703125
0 0.572265625 0.47265625 0.0751953125 0.0712890625
0 0.6669921875 0.556640625 0.0966796875 0.068359375
0 0.1591796875 0.6630859375 0.0693359375 0.0947265625
0 0.4169921875 0.7724609375 0.0927734375 0.1630859375
0 0.6396484375 0.7646484375 0.10546875 0.103515625
0 0.37890625 0.9921875 0.1123046875 0.154296875
0 0.5029296875 1.0 0.107421875 0.0947265625
0 0.5 0.9267578125 0.0908203125 0.0869140625
0 0.87890625 0.8671875 0.1220703125 0.12890625
0 1.0 0.8916015625 0.0615234375 0.095703125
0 1.0 0.337890625 0.0693359375 0.08203125
0 0.7685546875 0.693359375 0.0830078125 0.080078125
0 0.1767578125 0.833984375 0.12109375 0.0888671875
0 0.78515625 0.1708984375 0.13671875 0.10546875
0 0.580078125 1.0 0.0849609375 0.0595703125
