0 0.451171875 0.7744140625 0.0791015625 0.0703125
0 0.5546875 0.3193359375 0.080078125 0.1025390625
0 0.802734375 0.392578125 0.15234375 0.0771484375
0 0.6591796875 0.1669921875 0.06640625 0.072265625
0 0.83203125 0.5068359375 0.1171875 0.0673828125
0 0.4140625 0.2099609375 0.0869140625 0.0849609375
0 0.4287109375 0.494140625 0.0771484375 0.0830078125
0 0.9033203125 0.8369140625 0.0771484375 0.080078125
0 0.24609375 0.57421875 0.07421875 0.0625
0 0.841796875 0.734375 0.0634765625 0.072265625
0 0.55078125 0.673828125 0.0576171875 0.09765625
0 0.8798828125 0.322265625 0.0703125 0.064453125
0 0.7275390625 1.0 0.05078125 0.0546875
0 0.9140625 0.2373046875 0.072265625 0.0673828125
0 0.9892578125 0.1826171875 0.0986328125 0.08984375
0 0.6025390625 0.7197265625 0.0478515625 0.06640625
0 0.46484375 0.0791015625 0.0732421875 0.0693359375
0 0.6875 0.08203125 0.068359375 0.080078125
0 0.74609375 0.0751953125 0.078125 0.072265625
0 0.37109375 0.5244140625 0.0537109375 0.0849609375
0 0.7490234375 0.44921875 0.0556640625 0.0576171875
