0 0.5126953125 1.0 0.076171875 0.046875
0 0.23046875 0.2607421875 0.212890625 0.123046875
0 0.7646484375 0.7470703125 0.0771484375 0.076171875
0 1.0 0.9619140625 0.0791015625 0.1396484375
0 0.5263671875 0.28515625 0.173828125 0.068359375
0 0.46484375 0.099609375 0.1005859375 0.06640625
0 1.0 0.041015625 0.013671875 0.041015625
0 0.68359375 0.9287109375 0.1123046875 0.0439453125
0 0.06640625 0.970703125 0.06640625 0.0859375
0 0.4091796875 0.416015625 0.107421875 0.1005859375
0 1.0 0.416015625 0.046875 0.087890625
0 0.92578125 0.0537109375 0.0908203125 0.0537109375
0 0.599609375 0.12109375 0.1025390625 0.12109375
0 0.6650390625 0.8193359375 0.1005859375 0.1259765625
0 0.123046875 0.041015625 0.123046875 0.041015625
0 0.400390625 0.8720703125 0.23828125 0.0751953125
0 0.6328125 0.71484375 0.146484375 0.08984375
0 0.4150390625 0.6142578125 0.16796875 0.06640625
0 0.3486328125 0.466796875 0.1552734375 0.095703125
0 0.8349609375 0.8828125 0.0751953125 0.0615234375
0 0.4189453125 0.1552734375 0.1669921875 0.1064453125
0 1.0 0.0966796875 0.119140625 0.0966796875
0 0.5283203125 0.6396484375 0.1416015625 0.0673828125
0 0.09765625 0.29296875 0.083984375 0.1572265625
0 0.7841796875 0.2578125 0.0908203125 0.1396484375
0 0.8505859375 0.626953125 0.087890625 0.0908203125
0 0.1064453125 0.5302734375 0.068359375 0.177734375
0 0.376953125 0.8076171875 0.130859375 0.087890625
0 0.671875 0.912109375 0.123046875 0.0478515625
0 0.5361328125 0.8955078125 0.0751953125 0.05859375
0 0.41796875 0.8564453125 0.1640625 0.05859375
0 0.7294921875 0.8154296875 0.197265625 0.0751953125
0 0.705078125 0.833984375 0.1298828125 0.0615234375
0 0.6875 0.748046875 0.0625 0.0703125
0 0.55078125 0.5693359375 0.1904296875 0.107421875
0 0.0966796875 0.53515625 0.095703125 0.2109375
0 0.1064453125 0.39453125 0.10546875 0.0693359375
0 0.4697265625 0.359375 0.2587890625 0.1357421875
0 0.3916015625 0.255859375 0.2138671875 0.130859375
0 0.66796875 0.2978515625 0.1298828125 0.0458984375
0 0.4990234375 0.0703125 0.056640625 0.0703125
